"Meal, Inexpensive Restaurant","Meal for 2 People, Mid-range Restaurant, Three-course",McMeal at McDonalds (or Equivalent Combo Meal),Domestic Beer (0.5 liter draught),Imported Beer (0.33 liter bottle) in Restaurant,Coke/Pepsi (0.33 liter bottle),Water (0.33 liter bottle) ,Cappuccino (regular),"Milk (regular), (1 liter)",Loaf of Fresh White Bread (500g),Eggs (regular) (12),Water (1.5 liter bottle),Domestic Beer (0.5 liter bottle),Imported Beer (0.33 liter bottle),Apples (1kg),Oranges (1kg),Potato (1kg),Lettuce (1 head),"Rice (white), (1kg)",Tomato (1kg),Banana (1kg),Onion (1kg),Local Cheese (1kg),Bottle of Wine (Mid-Range),Cigarettes 20 Pack (Marlboro),Chicken Fillets (1kg),Beef Round (1kg) (or Equivalent Back Leg Red Meat),Apartment (1 bedroom) in City Centre,Apartment (1 bedroom) Outside of Centre,Apartment (3 bedrooms) in City Centre,Apartment (3 bedrooms) Outside of Centre,Price per Square Meter to Buy Apartment in City Centre,Price per Square Meter to Buy Apartment Outside of Centre,One-way Ticket (Local Transport),Gasoline (1 liter),Monthly Pass (Regular Price),"Mortgage Interest Rate in Percentages (%), Yearly, for 20 Years Fixed-Rate","Basic (Electricity, Heating, Cooling, Water, Garbage) for 85m2 Apartment","Internet (60 Mbps or More, Unlimited Data, Cable/ADSL)","Fitness Club, Monthly Fee for 1 Adult",Tennis Court Rent (1 Hour on Weekend),"Cinema, International Release, 1 Seat",1 Pair of Jeans (Levis 501 Or Similar),"1 Summer Dress in a Chain Store (Zara, H&M, ...)",1 Pair of Nike Running Shoes (Mid-Range),1 Pair of Men Leather Business Shoes,Average Monthly Net Salary (After Tax)
1.6873163,-0.37187424,-3.5046299,0.09738379,-0.6109319,4.050536,-5.1795993,-8.551012,-7.7790346,-0.54041463,-0.6580146,-0.7881515,2.4212747,-16.370901,-1.4651047,1.5570983,-3.259789,0.83502644,-0.61101,0.40212837,0.085277006,-1.0980884,-1.5293864,-19.89922,-0.17735243,-0.0432802,-0.38930205,-0.21063875,0.40459126,-0.77802944,-0.22533663,-1.5267295,-1.6572943,-6.083904,-0.6667145,-0.098604925,-6.975063,-0.7656011,-0.6813768,-3.998744,-1.0380754,-1.1217734,0.007113957,-1.8926538,-4.489976,-0.95213807,-14.847068
1.9004589,-0.3395894,-0.10539582,0.41197497,0.046993338,3.3371363,-3.38165,-5.700233,-10.827591,-0.103959136,-1.4094936,-0.39997685,0.8757576,-15.157105,-1.2925507,0.61294925,-2.3758705,0.37155923,-0.5473885,1.493176,-4.07396,-0.7575539,-1.6598432,-19.854023,3.9731724,-0.05696723,-0.68182874,-0.5774019,0.26526418,-1.2235842,-0.31031662,-2.2792094,-0.9727053,-3.5159829,-1.9305333,0.04251912,-7.0183654,-0.41004384,-1.8928176,-3.9630797,-0.7865787,-0.3990063,-0.22008245,-2.6024916,-7.8079543,-1.1415058,-14.975941
1.3478041,-0.3834386,-3.5004933,-0.070315555,-0.6234073,-0.33000404,-7.022825,-8.611792,-8.284743,0.22884339,-0.91113305,-0.754993,0.9768886,-15.994971,-1.7937381,0.029599447,0.40542126,0.347503,-0.6164319,-0.024033697,0.14842339,-0.8235389,-1.6674138,-17.755018,-0.21770374,-0.054635976,-0.6260174,-0.099571116,0.30649662,-1.0179845,-0.36934787,-1.6667873,-1.7195073,-6.849449,0.061279736,-0.103285655,-5.9788394,-0.5955474,-0.8488143,-4.0570345,-0.9687432,-1.2184135,0.26206577,-1.019274,-2.4767308,-0.9734416,-11.2988205
1.2596015,-0.37371624,-1.603952,-0.027862169,-0.7005681,-0.22942622,-2.7736092,-7.9698844,-8.850163,0.1583611,-0.5887816,-0.72198975,0.6241461,-17.321665,-1.4071952,0.9279489,-3.1890059,0.7141371,-0.23154593,0.36916792,-1.1135262,-1.1190856,-1.7469308,-17.514091,3.789055,0.03890614,-1.5771474,-0.5070573,0.16391993,-0.98225015,-0.24980576,-1.3557459,-0.95683247,-4.8429193,-1.9143823,-0.3326916,-6.1933413,-0.4827758,-1.8088222,-3.749297,-0.6847432,-1.4771882,-0.2106594,-1.1273894,-5.468682,-0.40625542,-12.743354
1.202293,-0.22247864,-1.760303,-0.18562913,-0.7043619,0.15683985,-5.10145,-7.7840266,-10.169384,-0.011613126,-1.1940587,-0.7786315,0.13536042,-16.212181,-1.4390165,0.93548363,-3.0991344,0.7504213,-0.13828883,0.6309136,-0.6060829,-1.1989152,-1.9506714,-18.118818,4.44835,0.09880383,-0.76066875,-0.2705282,0.08263895,-1.0118189,-0.29381382,-1.3098955,-1.078674,-3.8284678,-1.5842308,0.84000325,-7.124021,-0.60029536,-1.8309773,-4.080313,-0.4938513,-1.2397808,-0.1533545,-1.0323734,-5.329592,-0.6030082,-13.269816
0.9287829,-0.28982767,-3.6328616,-0.038602553,-0.530286,-0.48845276,-6.831315,-7.291505,-7.9932103,-0.91913456,-0.59058344,-0.6149917,1.1961879,-16.156544,-1.5348049,1.0318998,-3.0580044,0.8121207,-0.24109434,-0.3141469,-0.16979457,-1.3682332,-1.5347823,-17.448416,3.672771,0.019258292,-0.6933797,-0.05916616,0.26270393,-1.0096684,-0.14375326,-1.3240557,-1.0318061,-6.829118,-0.7888885,-0.2719825,-7.1965322,-0.63194335,-1.6955855,-3.4106162,-0.6519605,-1.2688609,-0.20348418,-1.3784997,-5.7142205,-0.57789934,-12.359781
1.3247267,-0.13939422,-1.3157252,-0.14042681,-0.68435854,-0.5224619,-5.1163187,-7.058733,-9.725867,-0.6082617,-0.6297074,0.20285477,0.7857489,-14.071352,-1.5780401,0.50879186,-2.878246,0.5218966,0.16905576,0.5256076,-0.7890924,-1.3108608,-2.0687282,-18.118002,4.9929633,0.041422635,0.40665084,-0.5922062,-0.47698763,-1.500878,-0.35407066,-1.1009189,-0.68479484,-1.988592,-2.769431,0.1327502,-7.7984366,-0.71100634,-2.2711062,-4.722539,-0.21360256,-1.2710558,-0.18648922,-2.4600782,-6.9040303,-0.9743724,-13.866717
1.0401822,-0.20531489,-2.0239167,-0.21676159,-0.50804496,-0.31436244,-5.3346786,-7.2925067,-10.341562,-0.64733934,-0.4698245,0.18133113,0.9213863,-15.206939,-1.5789603,0.969493,0.5082302,0.54818815,0.018568896,0.01743052,0.40422198,-1.1944793,-2.127125,-18.386806,4.0050974,-0.08427427,-0.54979813,-0.2833582,-0.06487652,-1.4342399,-0.34165934,-1.3943714,-1.5980228,-4.5513964,-1.265265,0.6383797,-7.6237464,-0.32360107,-2.520752,-5.40488,-1.0200257,-1.2452661,-0.23173675,-1.404592,-5.7831583,-0.6651428,-13.436973
1.3615601,-0.11560493,-1.9504626,0.012113325,-0.59362483,-0.11717933,-5.3817344,-7.154128,-11.182257,0.58161515,-0.3885514,0.15659492,1.2797135,-16.411285,-1.6138594,0.8032353,0.5750855,0.605792,0.0118056685,-0.07365502,0.2542915,-1.0678958,-2.4393606,-17.955008,4.1749263,-0.07918202,-0.8688357,-0.101192795,0.08931081,-1.3290675,-0.35771087,-1.4914354,-1.6166012,-4.7380915,-1.376025,0.6667384,-7.2851205,-0.20628005,-2.4030826,-5.3842177,-1.0376477,-1.2800611,-0.17664577,-1.137855,-5.8139033,-0.61039466,-13.913806
-0.9746137,-0.7414334,-3.4980896,-1.3655034,-0.65111464,-4.5308776,-5.756805,-7.332051,-7.868303,-0.4797062,0.58556163,0.055671666,1.9787743,-14.382015,-1.4310672,-0.09834038,0.5173217,-0.07754767,-0.70449215,-0.39889827,1.4270002,-0.4773419,-1.8292536,-15.442202,1.6329083,-0.45849013,-0.44368488,-0.24312156,-0.5691589,-1.0051185,-0.5912166,-1.3590412,-2.0217745,-7.393886,0.07518207,0.14126688,-7.040931,-0.2144482,-1.474414,-4.8743744,-0.9289434,-1.2782207,-0.24920057,-1.579779,-4.4031634,-0.49155155,-9.455824
0.98457634,-0.26165372,-1.635867,-0.0810164,-0.838377,3.2932734,-1.2581321,-6.748901,-10.401767,0.17426184,-0.591392,0.11140895,2.2943273,-15.148351,-2.616953,0.40543094,0.4588173,0.64438224,-0.32730266,-0.10455411,0.32825708,-1.0324646,-1.8497515,-20.472137,3.88904,-0.04213161,-1.7066144,-0.9207385,-1.45919,-1.3989773,-0.318413,-2.145228,-1.5206227,-3.2249017,-1.7711784,0.50605506,-8.115486,-0.0008539816,-2.5401018,-4.825773,-1.0344119,-1.5233372,-0.23446687,-1.7409325,-5.7143445,-0.48956227,-16.746103
1.4095386,-0.17511593,-0.6151765,0.22651823,-1.2803531,3.1223533,0.1251311,-8.419805,-3.318578,-0.5695259,-0.5374799,-0.05342599,2.3246927,-14.526385,-1.7730951,0.46433914,0.20236619,0.40314063,-0.10342029,0.14434135,-4.227603,0.116416276,-1.275392,-19.49762,-1.871301,-0.07150613,-0.68263453,-0.025907079,0.32682732,-0.5170888,0.014116561,-1.7353635,-1.4916046,-1.9512461,-1.5961823,-0.6239111,-6.1250567,-0.39296237,-0.652037,-4.0511684,-0.43870354,-1.2367815,-0.26861495,-2.268024,-5.6912713,-1.6132146,-14.035427
1.0738794,-0.08371458,-2.580676,-0.31558222,-0.5939318,1.7504563,-3.7565885,-7.2152677,-2.1721234,-1.1560559,-0.28150955,-0.46893364,-0.34667638,-11.850865,-2.9701285,0.060715783,0.4799816,0.16835053,0.016642937,-0.51515025,-1.3468401,0.5167831,-1.6148338,-16.514954,-1.7927305,-0.16121593,-0.21804208,-0.13457347,-0.21145567,-0.6984395,-0.12865503,-1.481263,-2.428648,-3.433217,-1.7768724,-0.72760546,-7.077811,-0.8526142,-1.2151549,-4.213157,-0.66316414,-0.8972233,-0.99766695,-2.4147208,-3.9675024,-0.47571585,-11.754639
1.4096316,-0.1847971,-0.60602087,0.20213372,-1.2620152,3.1245518,0.1152567,-8.421178,-3.3271215,-0.58101946,-0.5503274,-0.05047752,2.329428,-14.560804,-1.755204,0.46414605,0.20285563,0.4083533,-0.10926875,0.14480345,-4.2628975,0.11728272,-1.2750847,-19.49655,-1.888528,-0.0672708,-0.68272656,-0.028202804,0.3263979,-0.5172974,0.010840474,-1.4819747,-0.94781446,-1.9593147,-1.5554402,-0.6295065,-7.0016155,-0.3983088,-0.65727216,-4.0789933,-0.4386877,-1.2505709,-0.28847012,-2.2679374,-5.6882834,-1.6146272,-14.035778
1.7794486,-0.17859627,-0.08021875,0.20386589,-1.2304888,4.3618565,-0.032078974,-8.253813,-5.378439,-0.51302326,-0.6382436,0.07441525,2.521491,-14.337098,-1.7242976,0.43122476,0.06947999,0.38193983,-0.15955912,0.13445424,-3.5065644,0.16986962,-1.3920932,-19.446035,-2.1235375,-0.14889713,-0.71551687,-0.1533706,-0.01653975,-0.7386707,-0.13320884,-1.5185517,-1.1319103,-2.1135628,-1.5516714,-0.21151465,-6.7039084,-0.38070363,-0.90229106,-4.2802606,-0.44009286,-1.4338062,-0.26725662,-2.2242887,-5.4832406,-1.4173635,-14.003453
1.4096316,-0.18476833,-0.6121044,0.21966046,-1.2607312,3.1245518,0.1158188,-8.421178,-3.321283,-0.58101946,-0.55019087,-0.05047869,2.3278234,-14.529443,-1.7743453,0.46376696,0.20285563,0.4058802,-0.105503775,0.14412828,-4.262224,0.11728272,-1.2749497,-19.498652,-1.888528,-0.07099519,-0.68272656,-0.028128998,0.3268184,-0.5178866,0.0064910315,-1.4819747,-0.94781446,-1.9593147,-1.5975422,-0.6302466,-7.0016155,-0.39715353,-0.65394896,-4.0809474,-0.4386877,-1.2505709,-0.28847012,-2.2679057,-5.69123,-1.6144054,-14.035778
1.8686688,-0.30807075,-0.6138663,0.24759391,-1.2252423,2.2877057,-2.9681077,-8.825063,-3.6970303,-0.959009,-0.53182894,-0.074899726,0.85189444,-13.144751,-2.1150784,-0.12878835,0.26710296,0.31424618,-0.087989435,0.18201274,-4.7973986,0.24444619,-1.5302,-17.653189,-1.7292911,-0.19818287,-1.6883754,-0.024722457,0.34044373,-0.6117458,-0.08941956,-1.5890137,-0.8607625,-2.4627762,-1.7975816,-0.9185265,-3.8189788,-1.8978444,-1.1584599,-3.9696782,-0.54280555,-1.3253846,-0.3248515,-2.060239,-1.6756464,-1.2041439,-12.743307
1.1847035,-0.15568456,0.37767518,0.23116043,-1.3934115,4.9807277,-0.5311822,-8.350288,-8.012233,0.60867906,-0.5156303,0.3484031,2.536588,-16.327154,-1.572833,0.88392854,0.20862105,0.28724754,0.56896657,1.2871543,-4.078946,-1.1481355,-1.1325598,-18.9189,-0.936316,0.120588675,-0.3851176,-0.12790805,0.34327263,-0.9826356,-0.19333585,-1.7585388,-1.1044096,-3.8582413,-1.2106615,0.0131995855,-2.920579,-0.33379546,-1.8401588,-4.519195,1.0488038,-1.2488581,0.06577052,-2.1218534,-3.7525642,-1.0900705,-14.152826
1.1085737,-0.002543929,-0.859308,0.20752923,-1.2811629,3.649421,0.5091194,-7.8312798,-7.4778414,0.6512837,-0.58813345,0.4304128,2.7811432,-15.905522,-1.669921,1.0271693,0.36484665,0.6846559,0.20911306,0.30937517,-2.8275251,-0.8153601,-1.2798179,-18.866365,-1.4993086,0.030577876,-0.39973056,-0.01453938,0.43232998,-0.7742432,-0.14909928,-1.8519232,-1.4118304,-4.5512385,-0.5947277,0.13310842,-3.6578078,-0.7267603,-0.9276898,-1.8010348,-0.3094253,-1.0396712,-0.070087016,-2.2251406,-6.0827103,-1.3365293,-15.022484
0.5312705,-0.3592878,-0.20517682,0.10398475,-1.4794548,4.6140094,1.0168345,-8.9241495,-7.9977255,0.56853855,-0.7047167,0.4861914,2.8181312,-15.885527,-1.4353284,1.0735646,0.2502934,0.665864,0.064561136,0.38193482,-3.8557174,-1.2769287,-1.0925084,-19.086794,-1.4524691,0.023104584,-1.4817219,0.0003065819,0.29068345,-0.7401298,-0.22952777,-1.7374091,-1.1957642,-4.2533946,-0.8432885,0.04494394,-3.5812933,-0.6131811,-1.018452,-2.3081472,-0.3506219,-0.99397725,-0.16246606,-1.5524082,-3.9317145,-1.0509372,-14.160803
1.2178994,-0.1589543,-0.057997208,0.255989,-1.5645511,5.218911,0.26922128,-9.575767,-7.755494,0.6033554,-0.32679293,0.44590223,2.9151843,-16.675114,-1.4587042,0.6785797,0.29979697,0.27422816,0.15912585,1.2850035,-4.1931753,-1.3201408,-1.1075056,-19.260057,-0.9410893,0.17455697,-0.26526016,-0.103341974,0.5017036,-0.61388946,-0.11234063,-1.7832276,-1.1581445,-3.9708347,-1.2876084,0.18814339,-3.466951,-0.9170892,-1.8472732,-3.7298481,0.33641163,-1.0236506,0.08573223,-1.6237288,-4.8825355,-1.0585169,-13.705316
-1.1758474,-0.45299497,-1.1722977,0.23102148,-1.4223157,3.5811315,-0.4946705,-7.3670506,-7.4236474,0.64384496,-0.4966237,0.38949174,2.6416075,-15.873893,-1.5032142,0.7311417,0.5156551,0.74743605,0.14003937,1.2332761,-0.5963438,-1.0753512,-1.5663044,-16.358543,-1.3636012,0.22590327,0.08005819,0.022597568,-0.11556505,-0.55304796,0.14734858,-0.11938401,-1.7565653,-5.569291,-0.75389934,0.14375038,-5.9640675,-1.0709609,-1.7378136,-2.0675752,-0.6021243,-1.1766776,-0.82711536,-1.5819373,-5.1049924,-0.93210846,-14.524353
-1.0842813,-0.3595349,-0.9113962,0.19014803,-0.3991976,2.6085465,-5.134927,-6.9580355,-7.3942056,-0.40740198,-0.23355621,0.41004282,2.4586644,-14.4121065,-2.4075189,-0.062332258,0.26176783,0.9066278,0.0126096895,0.38099474,-4.984479,-0.7180556,-1.6261995,-15.902241,-1.3819646,0.041836437,-0.16617113,0.038235843,-0.21232626,-0.39105025,-0.20531364,-1.2307141,-1.5774841,-7.607657,-0.67422575,-0.99685746,-2.9941113,-1.062647,-0.9559536,6.17591,-0.40415674,-1.204386,-0.71672446,-2.0901763,-4.249178,-0.83600193,-12.570503
-0.9710705,-0.28233618,-0.6784893,0.55760926,-0.71674186,3.6626804,-2.3159754,-7.557701,-6.8522053,0.13875818,1.1843034,0.43231997,3.0416932,-16.594261,-1.8175856,0.8414996,0.10631093,0.60475594,-0.010802862,0.4416304,-2.471358,-0.809925,-1.4759738,-15.767138,-0.9870388,0.36148283,-0.3303732,-0.08021487,0.0670544,-0.4558769,0.28657672,-1.8571256,-1.2458152,-5.6051736,-0.17448659,-0.45436,-5.210303,-1.2989683,-1.2602218,-1.5307235,-0.2769167,-0.9399275,-0.81806815,-2.2119472,-4.024282,-0.35226813,-15.357363
0.88275677,-0.012031245,-0.8231439,1.1795675,-0.7204675,6.6898856,4.9134912,-7.3320727,-10.162255,1.1639814,-0.06517667,0.21232878,3.2428544,-12.96955,-1.9921565,3.064722,0.17891976,0.2937452,2.7049882,2.0676222,-6.624537,-1.2739698,-0.9064345,-14.805779,2.9004858,-0.23058195,1.8619862,-0.33404288,0.06497768,-0.9518135,-0.26961213,-0.58507645,2.7642307,-2.6789587,-0.9769509,0.6306189,-7.2382092,-0.15718207,-2.5654223,-6.6318274,5.3580227,-0.21593492,0.06787319,-1.2011092,-5.1134944,-0.75504416,-14.427784
2.5788682,-0.2602204,-0.03837039,-1.7915603,-1.0342152,14.500336,94.700165,-3.8936944,-0.34364465,-0.29431507,-0.26641843,0.09485971,-2.2768283,11.865682,-1.165211,0.9221518,-0.9820993,0.17088206,-0.3712098,5.0525017,2.2993658,0.3948866,-0.93872803,-9.940312,15.895029,0.23767701,1.0680982,-1.1460285,-0.7697079,-0.8011444,2.222922,-0.3258643,-1.698602,18.530506,-1.0384072,7.299542,-2.1775076,-0.46073997,-0.4900681,18.367523,-0.5371372,-0.2672736,-0.27409142,-0.93059766,-2.810631,-1.1384885,-9.835875
2.528454,-0.14762005,-0.18211652,-1.5912478,0.98128325,9.970732,90.51339,-0.48152852,-5.906767,0.36511433,-0.28889138,0.5631582,-1.2248026,-11.033154,-1.0035418,1.063053,-1.2016937,0.6179697,1.4079015,2.0565407,1.5498589,-0.534955,-0.9263293,-11.801724,5.542066,0.1899797,0.015193737,-2.4341018,-4.1940966,0.4429764,-3.1691935,-0.4289139,-1.3191426,18.019976,-1.1474854,7.251369,-0.79195905,-0.022974871,0.52843875,19.156965,-0.90350616,-0.03155281,-0.43302396,-1.5571598,-2.9383357,-0.7757757,-13.625998
1.7997502,0.39496443,0.04473766,-1.7297142,-0.42689124,28.89098,82.46566,1.3577745,-8.772464,-0.012137204,-1.9047021,0.00024441117,2.517367,-11.287081,-1.4247563,1.5713059,-0.81467515,0.6529713,1.0105078,6.1218367,-1.3856328,0.054933302,-0.47885424,-11.055937,18.467266,0.21623741,1.2581086,-1.6646261,0.038004093,-0.32964876,-4.175742,-0.09435352,0.63013226,11.044812,-2.4218698,6.66702,-2.8519993,-0.46913114,-2.0418532,20.253881,-0.73823136,-1.1035546,-0.3297193,-0.44399786,-3.47279,-0.8699792,-9.366085
1.3833512,-0.113029286,0.1471895,-0.370888,-0.5744009,31.32628,81.69449,-0.33407438,-8.994827,-0.1234252,-2.1968467,-0.0258069,1.6792685,-8.505657,-1.4598894,1.8077265,-0.82383394,0.52869815,-0.31640372,16.545855,-1.1831951,-0.32529595,-0.47155654,-10.120987,17.881004,-0.2424121,1.2461076,-1.5154927,0.05688828,0.013324647,-4.309418,-0.46835497,1.9482998,6.2218995,2.643033,1.8780819,-0.85259354,-2.1648023,-0.09942138,15.485931,-0.5041228,-1.2022778,-0.58504355,-2.9317153,-5.7863584,-1.1059135,-8.812385
0.944362,0.4654135,0.5250946,-1.1163751,-0.516549,33.674553,83.06242,1.430962,-8.20728,-0.32668653,-0.5239271,-0.09246052,5.1244287,-17.096312,-1.5591431,1.4745172,-1.0243968,0.42811984,-0.38092622,2.307068,-1.9946562,-0.2326426,-0.7461157,-10.443209,20.78979,-0.35825652,0.97068286,-1.4658962,-1.0067585,-0.45462587,-4.244571,-0.92747855,0.47034624,3.8312025,-2.785784,6.7099366,-3.0585055,0.60726106,-0.15576825,-0.15230943,0.3910726,-1.0291603,-0.42865565,-0.27958757,-2.7737925,-1.111324,-10.022536
1.0571605,0.19632447,-0.12013554,-1.1641742,-0.40371466,29.147638,79.60403,-0.7796747,-8.701733,0.17376645,-0.7482591,-0.0045537883,2.317402,-1.1669477,-1.447441,1.4788722,-0.72306424,0.56547165,-0.57555306,9.309822,-1.8412353,-0.48414415,-1.3749301,-12.414496,20.9066,0.33193937,1.3152558,-4.2989345,-3.5600712,0.2117815,-4.434116,-1.1726742,-0.0774607,15.695979,-2.4482296,0.24501131,-1.8840996,0.21594399,-0.062053688,18.305933,-0.3001964,-1.0546273,-0.27164802,-1.0501015,-2.5558348,-0.97530985,-9.033082
1.006939,0.2551535,0.2508915,-1.6773304,-0.7298856,32.678524,82.73298,-0.060190044,-7.1074986,-0.21759279,-0.071131855,0.06769888,6.838141,-10.736335,-1.4490741,1.9383516,-0.622415,0.48091155,1.4130113,16.379383,-1.4149145,-0.5496916,-1.2606916,-11.129275,19.526058,0.12049993,1.3068606,-1.3932939,-0.027032176,-1.7344589,-4.610085,-1.1008135,1.4209611,12.935389,-2.9509444,3.70938,-0.81811166,-2.1599717,-0.19384333,19.78745,-0.6346712,-1.0902969,0.054441396,-0.82818514,-2.4105647,-0.781046,-9.338516
1.7807431,0.10901715,-1.6131628,0.019678945,-0.4545591,30.835869,80.79548,-0.3616291,-11.431948,-0.37379166,-2.8868182,0.07808595,2.9556665,-7.9921985,-3.1458638,1.9185898,-0.75203615,0.7504756,-0.5275947,20.559582,-1.1295936,0.42258847,-0.89477694,-7.2332625,15.352488,-0.38318276,1.0136995,-1.6434952,0.3768614,0.42965966,-3.4034805,-0.1606942,0.8292784,12.271304,-0.7876756,2.6689982,-1.624968,-0.22369899,-0.4143542,11.869502,-0.015182847,-1.1547996,-0.79521537,-3.9802194,-5.135194,-0.81906027,-9.806259
2.8997042,1.0603313,-1.0249429,-1.1128076,-0.10895955,28.541664,88.16998,-0.30123952,-10.343576,1.3600453,-0.8599538,-0.20729549,3.2243068,-11.316372,-1.617066,2.1680844,-0.52747715,0.6375604,1.2277323,33.6255,-0.47888243,1.3606195,-1.3202871,-8.610216,12.416921,0.16165318,1.7438395,-1.5327462,-3.9749022,-0.47556713,1.6593446,0.115113236,1.8224485,3.3317523,0.47201,0.3187543,-0.45159438,-3.3466222,0.071988694,-4.6717257,-0.72017276,6.645835,0.98657453,-3.034518,-4.971062,-1.0835648,-8.724896
4.6090364,0.54204893,6.1399083,-0.7064231,-2.85628,-1.8057194,-2.3288949,62.225353,65.36305,3.3926814,1.3478703,-1.0116915,4.8280053,57.672855,37.95961,1.5436913,3.372835,-0.8239719,-1.1823797,4.2705445,20.307169,21.824526,0.13773125,69.64875,19.407183,-0.40006465,0.3329485,-0.6141096,-0.18852207,10.721995,1.2006949,6.10808,-0.4078844,-2.4703367,0.54570895,2.2205691,30.05444,1.9664109,28.09977,54.646812,0.49539223,6.0076838,3.8526564,2.320464,23.271328,1.9093126,31.450413
3.8447454,1.6399938,6.445452,0.40050015,2.4113896,-3.6707628,-4.842066,27.63492,80.80138,7.4594164,2.058748,-0.40781572,4.8940387,59.312836,38.16229,3.30793,3.9850407,-0.40681204,-0.48899937,3.6066341,17.644993,29.800188,0.5190807,60.96198,15.258896,-0.52617407,0.4332187,-0.24796773,0.38747513,9.942625,0.8991286,4.379368,-0.01565516,-2.228025,3.5823364,4.959053,26.625055,3.3519452,29.966179,55.86809,1.3736715,7.4232063,0.9151792,1.8703023,23.468294,2.300033,30.10312
5.0367355,0.34293932,6.103459,-0.9049046,2.0895097,-4.4263015,-4.342129,62.278225,65.42066,6.9577804,2.0145438,-0.8025004,4.4416513,60.757072,37.85309,1.521161,3.338013,-0.738274,-0.8319729,3.6860268,19.76276,19.046438,1.8794645,72.11773,14.843429,-0.5035173,0.22339337,-0.53904754,-0.53429484,10.738122,1.4304302,6.0560145,-0.3372574,-2.4617836,0.87615234,1.5976409,27.170614,2.3496509,27.686855,54.64773,1.4615967,4.9842386,1.0426422,0.8273501,23.463099,-4.689015,32.936268
5.34486,-0.2536829,5.732747,-2.4791517,1.8784448,-4.679531,-5.544125,61.30833,66.85912,6.7104325,0.8675351,-1.2230383,4.6340127,60.32428,38.048164,1.3622714,3.5092685,-0.94984263,-1.3517332,4.4410963,18.89062,18.713589,1.3262196,71.09649,20.436182,-0.5689776,0.16078797,-0.4705781,-0.817596,9.988128,1.3093225,5.9469953,-0.79306984,-2.710146,0.15473832,1.9086847,31.641554,-0.6890391,27.120665,54.317204,1.5430282,3.8052328,1.0334668,0.5604,23.24153,2.2485116,32.433105
4.8779607,0.17314842,6.931483,-1.0938976,1.9303308,-4.8470964,-6.9181986,61.62209,69.50584,2.6206892,1.5426022,-1.3448527,4.4988317,58.783745,28.954361,3.3890057,3.77101,-0.6837715,-0.8037589,4.1545725,20.223232,18.133844,0.3827973,72.16853,25.638115,-0.9320111,-0.75075597,-0.46114847,-0.08482281,9.909321,1.5363601,5.639947,-0.4443263,-2.5657313,0.1728358,2.2144423,32.25989,2.5126998,28.599894,53.604927,1.5416279,5.1548405,0.797782,0.5255402,22.89398,2.2554228,27.816895
7.082699,4.5417686,6.255327,-0.7048574,2.0990877,-4.7386446,-5.743019,52.896786,63.326077,4.135943,2.3557012,-0.69853586,3.5781934,59.122086,38.23187,3.2768383,3.2549481,-0.4456403,-0.28415015,2.6041365,19.577198,18.901236,2.2164848,69.32191,13.248493,2.1038318,-0.39703044,0.14860703,1.468403,10.435172,1.3527006,4.468629,0.43542314,-3.5571327,0.5203278,2.162036,33.621613,2.1379201,28.044678,61.867466,1.5984328,6.499792,0.42754346,0.9285675,13.129374,2.4264843,32.55241
4.2893806,-1.5255147,6.208419,-0.636765,1.8998998,-4.6578383,-5.634768,57.64505,68.89721,2.6848938,1.6002505,-1.5255657,4.44577,60.3384,36.969757,1.2385976,3.502323,-1.0269632,-0.5067649,3.9308205,19.47075,18.904705,0.64447,71.31604,20.298187,-0.6763685,0.33560124,-1.1973872,-0.58742875,9.73233,1.9540966,8.494811,-0.9889031,-2.5367353,0.89565915,2.018586,31.803345,1.2252127,27.849392,54.381905,1.4387833,4.8835187,0.96245325,1.2889873,23.025778,2.3092613,30.429844
6.864472,0.9830553,6.2686253,-1.0773554,2.6254594,-4.4037504,-5.1709027,66.8298,60.93802,6.4634542,2.3331869,-0.5648679,6.2298126,51.259895,37.935387,-0.47795954,2.2524266,-0.9110077,-0.040932532,4.42414,19.663887,18.958387,2.5500796,73.053535,20.244865,-0.5771092,0.30365446,0.57937664,0.8283328,10.502813,1.4148983,6.2391944,-0.2233829,-3.358027,3.445999,1.9578062,33.656208,2.3608615,30.155657,31.673853,0.98490655,5.6259317,1.4646542,1.4531429,25.029423,2.2868605,32.75298
8.22301,-0.35924777,-0.31717804,5.758961,1.3284609,16.146444,79.26502,-3.5056908,-1.7084694,0.45020467,1.0128009,-0.46258557,7.3515034,-8.343207,-1.6397233,1.3817551,-0.03550006,0.49865726,0.35202235,2.4867792,4.3858433,0.18585902,-0.11340099,27.325897,7.237184,0.21563761,0.64688027,-0.01737209,1.02372,-0.54649055,1.3347932,-0.874373,5.7238584,23.234243,-0.7178483,2.2018049,-4.9416566,-0.06815946,2.951435,23.647787,-0.4936402,4.325618,-1.071545,5.1325293,1.0001738,-0.15974493,5.3658633
7.935405,-0.44588888,0.44010994,4.866824,1.1975485,18.872183,80.06866,-3.7896326,-3.6731224,0.63770276,0.9363128,0.17715801,7.718319,-8.506159,-1.4274877,2.3999803,0.036719896,0.72253543,0.26334402,2.972337,3.2669744,-0.4632326,-0.28116456,30.51411,7.416268,0.117032886,0.2576373,0.030123632,0.17229825,-1.3394588,1.6847235,0.25049746,6.6369357,19.933434,-1.0069419,2.2892425,-5.212274,-0.35125816,3.4690397,24.514622,-0.8136296,5.1779046,-1.6356409,6.0235853,-0.7118117,-0.99895376,6.852943
7.716083,-1.1384382,-0.30303344,5.432625,1.1822369,21.200691,74.484215,-4.2556534,-4.2453046,0.29467124,0.6547371,0.11186464,8.150679,-7.411468,-1.5531353,1.916777,-0.13249718,0.4215577,1.1896172,3.2444491,4.052463,0.18461218,-0.3768612,31.394423,-0.110753305,0.13974853,0.7523861,0.72282666,1.7109585,-1.0490404,0.8103209,-1.1039447,4.368626,23.135073,1.5967236,2.228061,-5.824816,-0.59568036,6.6016483,23.458391,-0.87104434,5.162734,-1.487223,6.4882526,2.874095,-0.039283343,11.816452
7.1713467,0.12489541,0.67993224,4.079384,0.67248255,26.621191,81.319885,-3.8115933,-2.0092263,0.47501612,0.86399883,-0.26524296,7.9410086,-8.47538,-1.5453467,1.6628766,0.07764928,0.45224482,0.3203705,2.5264657,4.1764627,-0.07431262,-0.8118295,32.140606,7.684793,0.11823266,0.58049023,0.8704731,0.008983371,-1.210831,1.2465695,-0.27166736,3.965914,19.8202,2.4916728,2.230174,-4.3794026,-0.28971875,-1.756549,24.574547,-0.2992968,10.207164,-0.73661584,5.0460057,-0.70834225,-0.24161549,-0.20493491
7.497548,-0.375623,0.2689531,3.9906716,0.92979974,27.335262,83.99181,-4.2596035,-1.3219618,0.56134266,1.0661526,-0.23316531,7.846437,-8.479583,-1.4350474,2.4018571,-0.9266492,0.7791743,0.170507,3.2246602,3.9941478,-0.34817943,-0.53233993,26.989027,7.9664936,-0.18696314,0.5775982,1.0563086,0.7658878,-1.4105533,1.325234,-0.0074221184,5.006898,20.754103,6.3131533,2.1362867,-4.834643,-0.23954989,-1.787979,23.04946,-0.502006,6.754221,-0.6457769,5.9420094,-3.9769235,-1.0844146,2.9350476
7.94245,-0.3497682,-0.04188781,5.5951214,-0.27908117,21.410107,67.470085,1.7782309,-1.505067,0.6250614,0.9330078,0.04180426,9.177676,-7.679414,-2.0732613,-0.16703327,-0.2497898,0.01985884,-0.18583293,0.68969655,4.0279517,0.95679086,-2.5807424,25.973808,20.88403,-0.10000159,0.9880627,0.907066,-0.2741611,-0.84963113,0.6047099,-1.1066883,1.9575764,22.076653,6.2388783,3.361234,-6.594219,-1.8028674,-1.752623,19.957401,-0.8984118,5.346337,0.1616991,6.700747,6.190683,-0.12362829,9.646859
6.8332596,-0.09507824,-0.1539317,5.8458247,0.5108719,20.201294,60.646816,-0.111923315,-2.5883384,0.5217717,0.9969871,0.01920693,7.551049,-9.288233,-1.4672061,2.2187603,-0.24839066,0.21633233,0.9712725,2.4296858,4.4350114,1.3124208,-1.8608702,27.22078,19.316679,-0.25088236,0.41823414,-1.6491287,3.830904,-0.026465917,0.787066,-0.54219806,2.464744,22.64607,0.556427,4.851553,-5.5859265,-1.0948685,2.0999737,21.45692,-1.392757,9.546695,0.08353936,6.9933176,5.994593,-0.19234194,15.320924
-2.041585,0.1793356,0.5612377,-2.8579395,0.9346738,-12.518422,-1.8369699,7.190962,-2.6216102,-1.2953511,0.8667733,0.6088148,8.4565325,30.619446,-7.5702586,-0.47004858,-0.7435703,-0.1962013,-0.42770106,0.4150328,14.363964,0.22269179,4.8557487,32.607635,-1.9011023,-0.16940828,1.2754576,-0.018060094,-0.18613917,-1.0371099,0.2106526,-0.49815068,-0.9760296,-4.8169813,2.2303424,-1.7835662,18.24645,-0.2389113,-0.3341283,4.3809404,-2.632021,1.033366,0.48662627,1.2202185,8.27545,0.029112289,17.65037
-3.322481,0.033802554,-0.6058869,-3.2659907,-0.013721929,-9.788118,11.300891,3.6528096,-6.1182914,-0.071488954,0.8365785,-0.60169166,4.3835764,31.721397,-3.5371935,-0.92819613,-1.0728664,-0.21639018,-0.923327,0.802434,17.058172,-0.29568362,2.3350167,31.34954,-1.8313239,-0.6979649,1.7788028,-0.00023230926,-0.08952391,-1.1176875,0.16820256,-1.1787988,-1.229842,-8.199004,2.1901667,-1.469173,16.152866,0.2932031,-0.15446076,3.6955693,-1.9873118,-1.198474,0.6701348,1.4282359,10.401617,0.33899966,19.099312
-0.5854226,-0.11917426,-1.3171427,-1.3651795,-0.0046425704,2.27155,10.84162,3.3444958,-6.0565176,2.526846,1.1054276,-0.4571623,3.583521,26.409634,-5.078101,-0.9958993,-1.0315127,-0.03378452,-1.0644008,-0.9082905,21.195526,-0.48164746,-2.6878026,30.415539,-3.7754307,-0.77750117,0.47706532,-0.2563788,-0.4618111,-1.7845222,0.013434014,-1.4637692,-1.3551872,-4.692567,1.4407617,0.20018157,13.497661,-1.1653692,-0.4917797,2.0096211,-1.7145773,-1.8340174,0.6101289,2.934815,8.305281,0.3336898,20.377325
2.3550165,-0.12913527,-1.6289799,-1.8359817,0.4901766,3.8893623,14.077113,1.5951835,-5.8253284,2.8532734,0.7425039,0.30861863,1.3417647,26.437984,-4.9481626,0.46814173,-1.8964938,0.004206348,-0.25720704,-0.86896133,21.541424,-1.0848267,-2.6577468,29.97923,-3.303026,-0.24366017,1.0702908,-0.27703974,-0.6203442,-2.2493174,-1.1998717,-2.940412,-0.74350697,-4.726772,1.3126891,1.0178926,14.149052,-1.0379988,-2.4541428,4.05437,-2.7891626,-0.87954044,0.2959799,1.7826073,5.410936,0.055546526,19.164999
1.4422977,-0.48724905,7.5828276,-1.2604537,1.3388221,-4.1190257,-6.251308,16.45522,72.33456,6.231307,0.42628464,-1.0765711,0.8100736,56.19876,33.37546,2.293798,2.441219,-0.47271448,-0.6109553,-1.0318017,15.636809,38.616043,5.4587555,53.052082,12.587642,1.2421782,4.5620756,0.4615683,-0.26839137,7.5722775,1.1538968,1.2906636,-0.0015004358,-2.9935007,1.2099454,2.8734496,31.111803,-3.0815907,25.464441,57.87317,-2.3012009,2.791242,2.702168,1.9791105,22.088396,2.549077,30.48476
3.166484,-0.36648223,7.6102085,-1.1852561,1.7505949,-4.747538,-6.818495,9.585376,67.5469,5.481059,1.5588038,-0.98607856,0.9203869,57.03875,33.82398,3.105026,3.0663464,-0.3062761,-0.6018399,-0.8134667,15.9834,38.611713,8.006484,55.097435,13.534388,1.2521915,5.5275435,0.54936045,-0.08917409,8.413616,1.1771599,1.4625753,0.017245928,-3.0268703,-9.896212,3.1757438,31.070248,2.565675,26.457165,58.76063,-2.0385878,2.7411144,2.8369145,1.9107211,16.75343,2.5581014,29.996628
3.2097666,0.7763533,7.6059594,-0.8618136,2.0057986,-4.64916,-6.8205757,11.989172,67.91537,6.7333074,1.599352,-0.956467,0.91044855,58.030983,34.357407,3.159061,3.0673609,-0.30636138,-0.5903972,-0.6053685,16.188744,34.92536,8.088247,55.325302,13.52874,1.4837112,5.5424795,0.5922325,-0.12997614,8.459191,1.2164589,1.5508397,0.0242853,-3.0262475,-10.04528,4.2406526,31.14474,2.6963384,26.441832,59.43069,-1.9792918,2.804588,2.9202833,1.9176668,16.819698,2.5713806,30.055017
0.82707745,-0.41348866,7.3289366,-1.1069546,1.2942771,-4.0617137,-6.4315286,9.519412,62.973804,4.788547,1.5785191,-1.0152935,1.0491579,57.242565,34.247936,2.7358027,2.855382,-0.37599325,-0.60725725,-1.2596389,14.946918,38.612816,8.023812,53.608177,11.786925,0.71279424,5.4774756,-1.0601918,0.04089436,7.3630533,1.171711,1.4595653,0.025209513,0.62807703,-10.314062,3.3530262,30.620739,1.9630476,26.712616,57.504852,-1.9935191,3.090432,2.7544417,1.9614053,17.192661,2.5369203,30.225384
3.920989,0.71641743,7.4906387,-0.86578685,2.0501287,-7.204629,-7.3088784,12.024757,64.998955,6.676132,1.545929,-1.2306452,1.0167462,57.07716,34.27206,3.253033,3.062092,-0.2571198,-0.5579375,-5.4388947,15.881569,34.847538,7.666096,51.061813,13.511153,1.5380944,4.8601084,0.63217664,-0.10130201,8.617029,1.200379,1.931728,-0.08154503,-3.2852263,-9.059469,4.6178174,31.25375,1.3631727,24.744482,59.326645,-2.025047,-0.95435596,2.9152746,1.9157919,16.635414,2.550723,29.3446
-0.6951102,-0.78527373,7.554592,-1.9527614,1.6272789,-6.5792255,-7.5421777,12.961411,59.98477,6.5987716,2.0351274,-2.382032,-0.117562056,58.251873,24.298515,3.0165331,2.8481262,-0.39171526,-1.1188251,0.57410896,18.76873,18.817587,6.365019,-21.735262,11.478435,0.83941734,5.3511157,0.67690706,-0.15799278,10.1759,1.1995138,1.1100359,-0.22703998,-3.3297029,-9.351919,4.8763065,30.829409,2.0302997,20.890694,56.981205,-2.6771126,-1.2424607,3.134204,1.8350799,16.585941,2.5285316,35.40856
2.139527,-0.39847302,7.706498,-0.055691406,2.3707864,-5.3030324,-6.1038527,-11.226841,51.955254,3.3889437,1.9671752,-0.3461057,0.91483146,54.198082,36.454987,7.2590775,2.7950091,-0.4023646,-0.28472364,4.810243,19.418222,34.521393,7.7686586,58.51611,14.477802,4.3777804,5.4925437,1.4159559,0.45926592,10.782586,1.2085843,2.1012435,0.685129,0.08333404,-2.6007998,7.7430754,31.855988,1.6458786,23.86494,64.01481,-0.46505636,6.679065,-0.52078426,3.334172,17.240519,2.8678758,30.614046
1.8010217,1.0566707,1.0258051,-0.91265744,0.8586351,-7.684837,-7.7550116,9.7652025,42.023182,5.9320545,1.0050527,-0.50845945,-1.0342318,39.50584,35.859783,-1.0135936,1.5715961,-0.34617603,-0.6998088,-14.41281,16.650646,34.25306,3.339544,55.22757,11.218155,1.9468899,1.6834416,-2.478853,-0.10635073,8.589344,1.2218257,1.1724651,-0.003941818,0.09689809,-14.515439,3.546982,23.835125,0.42132887,28.42613,30.903933,-3.6531978,2.7978349,-2.111487,1.8705788,17.41668,0.7300497,25.925068
1.3752891,-0.45423084,0.85350573,-0.011888316,-0.73837906,2.4741466,-1.6779604,-5.882355,-7.7390327,0.95029986,-1.1908811,0.38126224,3.3371754,-5.955303,-1.9486378,1.4093795,0.2686565,1.1130403,-0.124515586,1.8280717,3.87095,-0.6124383,0.6430688,-14.858448,1.7039561,0.24836835,-0.3181649,-0.08264628,-0.38477185,-1.0963652,-0.26237315,-0.5828644,1.6686126,-0.7319221,-1.1609671,0.30062887,-6.484037,-0.59209675,-0.96686316,-3.189272,6.5979395,-0.8493259,-0.2811409,-3.1582603,-2.6524992,-0.9042466,-11.248626
1.6833805,-0.26408404,1.9192612,0.19824797,-0.18114235,2.003331,-3.4878728,-4.955957,-7.162579,1.20317,-1.3103733,0.4441431,4.6522436,-6.6447215,-1.7495244,1.2993363,0.24016851,0.95791745,-0.22236744,0.8986982,2.2873604,-0.24693032,0.7626888,-14.590173,1.3114206,0.39870176,1.5107226,-0.153485,0.18404922,-0.7865057,-0.2212376,-1.4338471,-0.9381645,-4.225596,-1.0684088,0.2847235,-0.5609598,-0.1539076,-0.66648924,-2.3697054,7.450969,-1.1439658,-0.12411986,-2.6498194,-1.1647788,-0.9823205,-10.188767
1.4576641,-0.19934651,0.70262086,0.51284564,-0.51042306,0.026124539,-3.5907462,-5.2217355,-6.0735826,1.0982974,-0.46041295,0.5936395,5.0649843,-4.7784314,-1.7652234,1.4670912,0.29383084,0.51901144,-0.48710912,-0.79350185,2.1533656,-0.1281278,-0.21807846,-14.371173,1.2201911,0.33010858,-0.45079073,-0.018073842,-0.10852692,-0.7743316,-0.26525337,-0.99434805,-1.2467828,-5.3057623,-0.14428768,-0.17569746,-1.607747,-0.8996002,-0.6109878,-3.0332427,7.287445,-0.9717845,-0.12503502,-1.8283454,-3.722376,-0.8723231,-8.086892
1.558519,-0.12877668,0.8338247,0.40076953,-0.2633555,2.4860654,-2.0362306,-5.8542657,-7.3464026,0.9780578,-0.2881056,0.45149544,3.1280155,-11.746543,-1.6703414,1.2013999,0.13915381,0.8194291,0.008592998,-0.1260879,2.1037846,0.06285516,-0.30504444,-15.222246,2.0664403,0.51720977,-0.40469396,-0.0146793965,0.31271464,-0.6892226,-0.45228747,-0.0820547,-0.97972584,-0.958131,-0.024762562,-0.0038925316,-0.026328782,-0.1309917,-0.4876741,-2.1666498,6.7213993,-0.9282327,0.068577334,-2.4617233,-3.8456492,-1.0824968,-11.471098
1.5393832,-0.15472479,2.1412537,0.12076228,-0.7576429,3.4891407,0.06440451,-6.8580027,-7.06266,1.0176084,-0.8807431,0.42526975,2.5056877,-6.1775513,-1.3012747,1.5186528,0.25694835,1.3372345,-0.14867379,1.9449344,2.1167898,-0.36844596,1.1233383,-16.380648,-0.4225249,0.33845878,2.3602424,0.08270784,0.10177002,-0.7086966,-0.14793418,-0.4953327,3.0311189,-1.013874,-0.94922274,0.38946718,-6.197645,-0.4043581,-0.6625911,-4.5701733,2.3530416,-1.2311229,-0.17831796,-3.129054,-2.1688015,-0.8601915,-12.403322
2.0430932,-0.17627259,0.9595946,0.5321675,-0.63617337,1.6113721,-4.9184,-7.6240697,-6.001056,-0.3317937,-0.64351,0.43050247,4.7334037,1.6728778,-2.4596496,-0.3528456,0.23535444,0.3276512,0.20911813,-0.31101903,0.806308,0.017353324,-0.632034,-17.249044,-0.8743168,1.2078838,2.445577,-0.029800704,-0.06274375,-0.29929292,0.19717607,-1.1239493,-1.320862,-3.1972258,-1.154317,-0.81046164,-0.65038574,-0.33343548,-1.0534085,-1.5927823,3.1581292,-0.89201456,-0.13806523,-1.601664,-1.0919642,-0.8906692,-9.439047
2.0656776,-0.07447398,1.101534,0.83679765,-0.6289627,2.4890401,-5.2936916,-6.2679534,-5.540463,-0.48987386,-0.47406977,0.5258344,4.2268,-5.1199656,-1.3595196,2.3249733,0.2878175,0.85731375,-0.8586278,-0.5675341,1.2578446,-0.06278038,-2.0292768,-16.814285,-1.0064355,2.0090332,2.352625,-0.14331011,-0.109999515,-0.32314205,-0.04630222,-1.0837563,-1.0121022,-5.661488,-1.130337,-0.13979046,2.6993139,0.20490134,-0.64879775,-0.89548504,2.813719,-1.0525899,-0.13934228,6.096291,-1.9293889,-1.0939226,-9.476382
1.7650639,-0.34713745,0.1307844,0.29734012,-1.5121232,4.0423164,-0.39747962,-2.381359,-7.9815936,0.8459128,-0.742523,0.19092034,0.9492171,-12.285137,-1.705049,2.151729,-1.7764307,1.3991433,-0.21715446,-0.09328724,-2.6337404,-0.6942082,1.3135089,-15.98095,-0.18151276,0.36421585,1.404606,-0.15827283,0.38224402,-0.7617469,-0.21191311,1.523121,2.8698318,-1.9417876,0.29464647,-0.2656579,-7.1124206,-0.5806064,-1.7481054,-4.8352923,3.5990496,-1.288843,0.075776644,-0.97422403,-4.831785,-0.84789604,-13.329711
1.1989682,-0.22550663,0.46920982,0.4710223,-1.547942,4.4058895,0.23479366,-2.6339426,-8.284347,-0.80968094,-0.63233584,0.09821532,2.8781872,-13.12142,-1.3165028,1.3368709,0.24132659,0.63263214,-0.27984998,1.6652495,-3.7464993,-0.06566646,0.72268367,-18.007439,0.3994246,0.5178339,2.8408113,-0.043224044,0.2615425,-0.61593366,-0.53953636,1.1277696,-0.6600388,-1.3028531,-0.08958266,0.07243811,0.8973652,-0.29139504,-1.7713867,-1.5165827,-0.8447714,-1.45571,0.38901567,-3.369731,-1.0712615,-0.4561888,-12.8553705
-0.8809549,-0.5992489,-2.519263,0.10181213,0.17421624,7.0599723,-5.4987493,6.611493,-4.696272,-1.6037014,1.0487752,-0.85455894,-1.1694288,25.140003,2.346888,-0.026799481,0.044876482,-0.1876612,0.67669916,-1.6838667,1.0194193,-1.2722576,-3.4509869,27.575508,-2.5410314,-0.65209866,0.15372932,0.0071062036,0.20867693,0.07271474,0.43376848,-1.7875977,-1.956783,1.2273778,1.8661437,-0.6112544,17.292368,-0.25964642,-0.41778067,3.29357,-2.214148,-2.6290023,0.56821936,2.460834,9.901469,0.19160573,21.3331
-5.7022247,0.022030957,-0.6958141,-1.4423443,-0.8486299,-8.9438715,-14.622119,14.173656,2.7180061,-1.3282082,0.7997648,-0.79687345,2.7345665,27.380945,5.8048,-1.4524819,2.5908296,-0.6206062,-0.3316031,0.034166154,19.984116,-0.6258348,-1.0740434,29.159428,-4.306801,-0.3260836,0.36166048,-0.1647641,0.3482442,-2.4838634,0.40378213,-1.0647908,-0.93035936,-2.1517842,-0.41342348,-3.8337612,13.810697,-1.168832,0.5160011,3.7994375,-2.0462124,-0.053904783,0.7754282,1.1966783,6.218044,0.38711745,17.899792
0.48420444,-0.74032557,-1.4391719,-2.8091035,0.14889692,6.6910343,10.222518,14.21003,6.2757826,-0.3410603,-1.0000061,-0.1658074,1.8946316,35.73036,7.3181524,-0.3870428,-0.5870737,-0.34173787,-0.6480159,-0.97561944,19.242556,0.6849361,12.5758095,43.56105,-9.011413,-1.1731913,-0.021498948,-0.018608497,2.5262926,-0.08448489,0.034162547,-1.1261054,-0.5518976,-0.83384407,1.1464282,4.732571,20.728027,-0.16284621,-3.0191371,2.2465553,-2.779564,7.4798813,1.0040039,2.0310843,10.254032,0.36754575,20.79245
2.6096506,-0.14670749,-1.5472852,-2.8551264,1.0446895,7.8511024,12.602665,7.995326,0.5266411,-1.4443663,0.6817428,-1.0883647,1.3444526,36.907925,4.384322,-0.2302863,-0.34659576,-0.5451995,0.38213474,4.09374,0.45409623,0.85647243,5.605828,41.786827,-1.7313074,-0.46279153,0.030731577,0.070887014,1.1305712,-0.7389692,-0.11486052,-1.8643619,0.6540147,-0.17576556,1.8114257,3.295214,17.861242,-0.6015454,-2.493201,1.2200792,-0.87031704,-1.5071613,0.05182692,2.6792543,13.860221,0.17125858,27.662489
2.1883295,-0.28427368,-0.8373527,-1.3744345,0.23258236,11.922335,11.129729,6.138533,-2.230088,-1.3073637,0.5487311,0.36358273,-0.0548114,33.58541,4.4567146,-0.09274813,-1.1125886,-0.15624607,-0.63035715,6.0271163,0.10329341,-0.023446238,-1.3086183,29.341228,-2.2251844,-0.5482076,0.07394464,-0.16752492,1.3450567,-1.1168061,-0.096904755,-2.441953,-0.95084584,3.304741,1.5228515,5.2638483,17.254732,-0.5051561,-1.2150615,2.471343,0.45000988,-1.7940996,0.3169717,3.6933465,12.842926,-0.030072078,29.449244
2.716889,-0.5813317,-1.803327,-1.6206503,-0.036150005,10.9125595,10.79036,2.2898855,-2.5418224,-1.3292283,0.80821186,-1.0129666,0.08786468,35.6261,5.537494,0.100044325,-0.49867943,-0.33419776,-0.88222486,2.048518,19.01511,0.28489557,-1.40405,30.438133,-2.1371164,-0.6692192,-0.00841007,-0.0589671,1.2521608,-1.2778907,-0.50033325,-1.8120015,-0.92063516,1.236107,1.5092157,5.2179394,15.052394,-0.91438836,1.175423,2.510118,0.42169148,-1.3060421,0.5214955,2.7702563,11.516876,-0.044329748,22.39747
3.688535,-0.5612121,-2.0687828,-3.185594,0.14727493,12.270026,11.288771,7.0378995,-2.1896844,-0.35822797,0.86874753,-1.0992496,1.2908515,33.91577,4.6368923,-0.3497758,-0.37800896,-0.67100525,-0.58478457,1.8573904,0.4158074,0.50305873,-0.1801278,29.59621,-4.559907,-0.29345962,-0.4202057,-0.11244588,1.3062854,-1.5101709,-0.52486265,-2.1538424,-1.170223,0.4495816,0.59644145,3.5013757,17.826258,-0.5148987,4.569921,3.3442466,0.3721454,-0.5880002,0.48276922,3.4351687,13.771711,0.24509989,29.697556
3.7330163,-0.6554563,-2.0728087,-1.7158471,-0.027262948,12.277665,11.150426,2.163405,-1.9507203,-1.1146,1.0975306,-1.1977072,0.3534068,35.977947,5.241512,-0.09868836,-0.46719474,-0.055650473,-0.923164,0.2153771,18.121845,0.77667457,-2.253666,28.484013,-3.28214,-0.81756353,0.04824924,-0.10378999,1.3403175,-1.444082,-0.4807859,-1.8219982,-1.1732794,0.42978343,1.7877649,5.375725,15.342972,-0.59197265,2.1187587,3.4618044,0.35134816,-0.8334889,0.543182,2.827202,11.266929,0.36276096,21.508625
2.493604,-0.556154,-0.7029638,-1.0256228,0.05100067,14.624482,12.631557,-8.212739,-2.2230263,-1.1203227,0.68911606,0.15047511,-0.9327423,19.9348,6.0465612,-0.16031656,-0.18920775,-0.056816615,0.13733861,4.511976,0.027578799,0.1492525,-0.7750053,24.124132,0.74364066,-0.47576684,0.041198473,-0.104282,1.1181293,-1.6695106,-0.4264465,-1.9256449,-1.0480361,10.962994,1.4626936,3.3039026,17.456114,-1.7549317,6.765739,8.287554,0.5111839,-1.1843331,0.35489428,4.8270116,20.644003,0.018245386,25.900476
3.0391195,-0.506506,-1.8155257,-2.8751466,0.43762365,8.971279,11.6963005,5.543287,-3.1111393,-0.9944475,0.86982924,-1.1355557,0.13267678,29.215727,3.901392,-0.48745388,-0.5990456,0.6541136,-1.0436137,2.1820776,18.642937,0.5248347,1.6460574,28.164118,-2.170231,-0.30951968,0.3950002,-0.21117951,-0.21586227,-0.792707,0.15681745,-2.587414,-1.3096968,10.539344,1.6637826,3.6823046,14.375195,-1.7538538,-1.6501378,5.665175,0.4487465,-1.609615,0.4693325,2.8405576,10.500775,0.14234018,20.413778
-4.7993655,-0.2161768,-0.40568203,-1.2981952,0.4355232,2.740052,0.28521925,4.5698714,-1.7485456,-0.24539135,0.69629914,-0.7921456,1.1020463,29.763372,8.125427,0.5882073,-0.95411485,0.44401827,-0.8583552,0.627146,18.299274,0.116681926,-2.327227,34.37434,-2.616438,-0.5165572,-0.016427565,0.17739347,1.2335007,-1.3095407,-0.18881828,-0.10542446,-1.0554749,-0.9845702,1.7680783,4.699148,15.386473,-1.5203357,0.7452079,3.5607486,-0.121371545,-1.5299475,0.64878947,2.0597982,10.102032,0.40480134,16.512806
4.6552243,-0.31074196,-1.026585,-1.4825344,2.2783427,6.8009257,12.829065,2.983033,-2.7964768,-0.5932997,0.72896415,-0.6445702,0.8487705,1.8337083,3.8599393,0.0889376,-0.33610538,-0.10628068,-0.02714121,2.5253036,17.831005,0.7719057,-3.641679,38.36579,-0.46547112,0.021726334,-0.315865,-0.2525422,1.0693882,-1.742438,-0.49131578,-3.240799,-2.1063843,-0.24095935,2.5097525,3.5864377,14.277954,-2.3198376,0.0065268283,5.4834247,-4.0438786,-1.7043612,0.39342824,2.1485486,9.769485,0.41948336,19.80247
-1.0399595,-0.615837,-2.5188289,0.10106563,0.16381268,6.9082117,-5.4271207,6.7583075,-4.720006,-1.6137992,1.0514287,-0.8678218,-1.1550364,25.138868,2.352075,-0.0328388,0.039072428,-0.1983872,0.66813654,-1.6856719,0.99249834,-1.2724507,-3.435264,27.60254,-2.5341103,-0.6367047,0.18378223,0.00089397834,0.20125714,0.067855805,0.43414116,-1.7881565,-1.7406079,1.1520188,1.9106569,-0.61210835,17.350182,-0.20471033,-0.61717653,3.2933362,-2.2143693,-2.6354973,0.64913654,2.4372911,9.930371,0.18729638,21.351864
-0.87725735,-0.55424327,-2.5406554,0.12511392,-0.33731133,7.1559796,-5.2552624,6.597604,-4.7450905,-1.5920857,1.0487752,-0.8283231,-1.1655068,21.716097,2.3959372,0.00700244,0.062631115,-0.18267871,0.6782137,-1.7142345,0.9943361,-1.2734394,-3.4889805,27.061823,-2.522594,-0.6371584,0.20495874,0.09724965,0.32185346,0.26951444,0.43703157,-1.8416128,-1.9538507,1.2444133,2.100933,-0.637994,17.296072,-0.25982103,3.2679207,3.396821,-1.9014689,-2.6213734,0.5810923,2.4521456,10.033063,0.19169047,21.302055
0.3775717,0.63893247,1.2815678,0.6573029,-0.78760856,-0.009661253,-4.020172,9.207074,-1.4905835,-0.95750093,1.0744572,0.015914239,-1.4213979,26.766907,2.7821097,-0.40615055,1.3496579,-0.064944856,1.3464018,-1.2679447,1.4040867,0.07860142,-2.0905507,-7.770336,-3.9683588,-0.50031877,0.21195298,0.43896815,1.0946494,2.082462,0.5983065,-0.6596773,-1.3065156,1.2627738,1.7932034,0.41433385,17.679976,0.7146928,-1.76244,4.4909043,-1.6188194,-0.3123366,0.5777031,3.3499815,10.015542,0.31820655,30.617826
1.0958617,0.6542814,-1.8480183,0.26074284,0.27406326,-2.093928,-4.0286736,8.380645,-1.6541134,-0.9897622,1.3727993,-0.45479548,-1.2596524,27.656698,2.1992328,-0.1464005,1.6032816,-0.0808762,2.2867389,-1.5663394,1.3343706,0.16547169,-1.7208939,-9.261961,-3.821789,-0.24258311,0.14511466,0.57647115,0.69804263,2.2568326,0.5775538,-0.851441,-2.36499,4.45395,1.7698256,0.77177614,17.770197,0.78282285,1.1410187,3.8394642,-2.2103407,2.3233616,0.5377659,3.3824904,9.350094,0.22402224,30.210373
5.857299,-0.473911,-4.780073,-1.9851117,1.6851645,14.418908,16.927109,1.8361049,-5.731393,-1.1642762,1.254148,1.0031794,-1.1450375,25.1922,-6.062082,-0.09688018,-1.3029884,-0.72658986,-0.6353752,-0.86978686,20.141348,-0.2118156,-3.4067025,30.884918,2.9301805,-0.5246584,0.054059364,-0.9280826,-1.0722481,0.69464046,0.04908072,-2.2768328,-0.71354985,-2.4189563,-1.0375739,-5.945572,16.247143,-0.984119,4.714988,4.831763,-3.116562,2.7034922,-1.6801113,2.500741,5.038854,0.08586057,9.035025
5.51236,-0.19629496,-1.082643,-3.153661,0.3218283,14.829196,16.600174,5.9825797,-5.6559334,2.1254056,-0.025174627,0.5071078,-0.34133846,23.831593,-4.167395,0.84876084,-1.4543267,-0.16709109,0.5628327,2.0942636,0.7719559,1.3212476,-2.3047993,20.718037,12.969116,-0.5828202,-0.83966386,-0.51352644,-6.234878,-0.051998984,-1.5746956,-3.0206852,-0.6163795,-1.6912813,-0.9263091,-2.2302873,14.707994,-0.7925084,4.1576867,4.356971,-2.610597,-1.208649,-3.9472127,3.104765,8.389874,-0.76022685,18.365196
1.3957335,-1.3427161,0.09858879,-2.3364058,-1.164625,26.68284,85.24689,-1.82917,-9.236018,-0.15545832,-0.50244683,-0.077817805,-1.9200486,8.8806305,-1.485877,1.1314126,-0.8268825,0.38147604,-0.6714471,7.1604714,-0.35538352,-0.36648986,-1.5011371,-12.151212,12.9457445,0.24244408,0.33553183,-0.68277943,0.16734639,-0.3782559,-4.18255,-0.6689804,1.8011055,12.354414,-2.4048653,3.4254022,-0.8153267,-1.783682,-1.808875,18.457308,-0.3033886,-1.3566813,-0.0124307275,-0.8554995,-3.0444682,-0.8999543,-9.558147
1.1472611,-0.21752182,0.05912303,0.198271,-1.0399008,4.108378,0.063068666,-7.7252917,-7.15734,-0.6811736,-0.7158094,0.062053677,2.872742,-13.914342,-1.7643466,-0.040568598,0.060510363,0.5579464,0.01984441,-0.32288557,-2.9130049,0.7199547,-1.598564,-18.639277,4.3441434,0.24394156,-0.33760485,-0.035230532,-0.17362,-0.4174438,0.23497641,0.3629237,2.5054944,-0.63553214,-0.7340114,-0.19126366,-6.963815,-0.27992252,-1.1207359,-4.0902653,-0.374467,-1.3470129,-0.40903988,-2.835726,-7.8981767,-1.0658242,-15.942637
1.3510406,-0.14514588,-1.0224364,0.07808302,-0.97627944,2.6501524,-2.173048,-6.9932375,-5.919479,-0.70964956,-0.54380965,0.17476596,2.7025447,-12.56068,-2.3659022,0.14920455,0.25135833,0.30693626,0.0042465827,-0.16124588,-0.6662718,0.84756696,-1.9195557,-19.296545,-0.4223728,0.08713989,-0.39521244,-0.046132468,-0.17531681,-0.053940147,0.07059856,-0.90500736,2.4768968,-1.8035269,-0.6050782,-0.17777774,-6.5169325,-0.2175918,-1.2350979,-4.3621707,-0.44682547,-1.1730753,-0.41406068,-1.9452015,-4.523874,-1.4010484,-12.825658
2.099704,-0.21637577,0.24145442,0.66784346,-1.1299309,4.9605813,1.2087682,-6.9001546,-9.693961,-0.9645289,-0.71726805,0.010698774,3.6848173,-16.791687,-1.4422721,1.1639469,0.041332424,0.5544049,-0.1346034,0.047342848,-3.653035,0.42258906,-1.4150208,-19.353636,5.865343,0.20156293,-0.14123201,-0.035915077,0.038894035,-0.677056,-0.07432914,-0.28118777,1.9109919,1.6271037,-0.32649383,0.013821551,-7.205173,-0.34791988,-0.70662385,-4.04374,-0.18168572,-0.6591583,-0.36029202,-3.1843853,-9.794571,-1.1390367,-17.315832
1.994899,-0.22567526,0.26660964,0.67236954,-1.1233245,4.8829527,1.1928548,-6.8872156,-9.697483,-1.022969,-0.7186283,0.008071529,3.689281,-16.793102,-1.4417493,1.1598961,0.050880224,0.5541988,-0.12912798,0.05169828,-3.7104118,0.42181936,-1.4238787,-19.353445,5.7315726,0.19181463,-0.15333986,-0.056373652,-0.073517784,-0.6827194,-0.07487121,-0.30153745,1.9069712,1.6259613,-0.32146972,0.005858712,-7.2028627,-0.34450454,-0.7091735,-4.0562444,-0.1785349,-0.5159499,-0.36086395,-3.1862342,-9.794571,-1.1392848,-16.78638
2.099704,-0.21637577,0.24145442,0.66784346,-1.1299309,4.9605813,1.2087682,-6.9001546,-9.693961,-0.964457,-0.71726805,0.009913594,3.6848173,-16.791382,-1.4426608,1.1639469,0.041332424,0.5544049,-0.13471963,0.047342848,-3.653035,0.42258906,-1.4150906,-19.353636,5.865343,0.20156293,-0.1413236,-0.035915077,0.038894035,-0.677056,-0.07432914,-0.28118777,1.9109919,1.6269872,-0.3254876,0.012947615,-7.205173,-0.34791988,-0.70662385,-4.04374,-0.18168572,-0.6564044,-0.36029202,-3.1843853,-9.794571,-1.1390367,-17.315832
1.0713209,-0.22046952,-1.0683969,0.3056242,-0.7284693,3.5601523,-0.950534,-7.3484316,-6.324598,-0.8719519,-0.34892234,-0.008972239,2.6890404,-12.8714485,-1.9626737,0.08763078,0.28462783,0.30909127,0.023684204,-0.36457098,-0.421268,0.91504294,-1.734272,-18.887115,2.040527,0.07498349,-0.55321646,-0.05971033,-0.036729652,-0.27880105,0.26284993,-0.86896604,2.3005395,-1.7218845,-0.61578965,0.042889938,-7.2406917,-0.21409069,-1.1956619,-3.790617,-0.46516037,-1.3497542,-0.4610147,-2.0344682,-7.645669,-1.4152573,-14.083349
1.8702441,-0.081815,0.429275,0.48675504,-1.0568392,4.810414,3.5023692,-6.7102146,-8.766204,-0.5066436,-1.103363,0.011262904,3.9407215,-15.873707,-1.3369001,0.12292409,0.056651365,0.56134224,0.18335922,-0.2252184,-4.3114376,0.47639483,-0.7889807,-18.92296,5.122498,0.117657356,-0.30549026,-0.25430298,-0.26036417,-0.65241957,-0.039593257,-0.713196,2.0063124,0.6318709,-0.54916054,-0.38223338,-8.642481,-0.34094638,-0.74852073,-4.320271,-0.40725487,-0.68839884,-0.53271645,-3.22769,-9.023094,-1.1625273,-16.446255
10.442472,-0.106925964,-0.80814457,-2.1391976,-0.6001413,20.005943,57.966053,-1.005302,-3.3070238,0.36562473,-0.08701775,0.42776754,-1.5527676,27.829601,-2.2881444,1.6963499,-0.19584596,0.00015877058,-0.20624448,6.668641,1.2849838,0.8535072,-2.8908408,19.188179,12.048072,0.32728693,-0.15646969,-0.15456937,-0.4848243,0.7597523,-3.0689633,-2.816893,-2.1558845,5.231239,-0.23876032,-1.0792059,-2.8831851,-0.5968455,1.9207159,6.6396074,-0.6059099,-0.55579776,-0.46281406,2.521529,-5.72249,-1.5492119,3.2722425
1.0518718,0.34930113,-0.9513581,-1.5927718,-0.19121704,27.549408,88.98311,-1.5668213,-8.074582,0.8281541,-1.111798,0.016721984,0.015389849,2.2502835,-1.8136067,2.0158691,-0.98236334,0.5128353,0.5436183,21.052792,-1.2887272,0.025159314,-0.70611805,-11.245134,18.09018,0.11606413,1.580587,-1.8251252,0.33675236,-1.3495395,2.2491426,0.30069,1.8640196,4.022041,-2.3271255,1.105119,-1.8595706,-1.4734993,-0.05316726,-3.3633103,-0.90387374,-1.2931086,-1.0300764,-0.83445215,-3.2426279,-0.8760929,-8.929362
1.4283186,0.246819,-0.19723977,-2.3636463,-1.2604141,25.002039,87.65741,-1.7935013,-9.438311,-0.27299082,-0.4911365,-0.060031325,-1.9574434,7.491571,-3.0441601,1.1696198,-0.97521305,0.4328031,-0.2570083,7.058193,-0.7052478,-0.48422083,-1.4972113,-12.544681,12.406569,0.22987683,0.020300286,-0.3856224,0.020856192,-0.41047344,-4.175132,-0.66318,1.9717854,12.457313,-2.390201,4.0994277,-0.80696636,-1.7147324,0.1778492,18.086771,-0.7029104,-1.1555963,-0.33055064,-1.1302115,-3.32305,-0.9045484,-8.675606
5.5420327,6.5214972,7.0218806,0.30740222,6.511389,-4.859848,-0.8508338,89.70479,65.34082,7.1554685,0.93140423,-0.7278833,2.3935423,62.112114,36.185997,10.178367,3.7592683,-0.4084635,-0.18657668,9.570239,16.495853,4.124876,5.9347343,79.03492,30.79121,7.3995714,4.591439,0.5534752,1.337833,12.905566,1.5538878,5.661231,0.28132606,0.47543544,13.292443,-1.3816291,38.19688,1.6702714,34.135494,70.61668,-2.3536267,8.124129,1.6815747,18.385315,24.662178,2.4071898,29.924118
4.852896,-0.33299324,-0.31273258,4.667946,1.1356629,19.185432,66.40906,-4.8114305,-1.6496061,0.03311877,1.1456774,0.029568879,8.063144,-7.7907944,-3.1732206,-5.813064,-0.10518097,0.080518536,0.32460827,-1.1517481,3.6101737,0.14026487,-4.4253182,28.803102,7.568264,0.27706552,0.45012936,1.4133035,0.6041975,-0.5859948,1.2351174,-0.60343736,4.4599223,20.032804,-0.7280947,0.9032251,-5.766319,-0.46510544,6.2450256,23.098045,-0.55321646,9.647307,-0.69986427,6.7179494,-0.31425634,-0.2038176,3.8263216
6.8597975,-1.1706833,-0.33368483,5.4636955,0.2697949,22.328278,69.7188,-4.276404,-4.1625094,0.6820891,0.77119863,0.3444254,7.6164517,-8.943412,-2.2621293,-5.7073274,-0.23218235,0.38906685,1.6898284,2.2527044,3.1934757,0.29660088,-4.706464,32.6929,-0.66363925,0.0869147,-0.37799606,0.9208992,-0.61831254,-0.54375774,0.5550099,-1.427204,2.1178734,23.58876,0.62019384,1.1844597,-6.6519594,-1.9815537,-1.6532493,22.16178,-0.8192702,5.7402616,-1.2274039,6.394857,2.1693244,-0.21186692,9.798781
8.332453,0.065465584,0.044254135,4.2504883,0.99446815,22.86842,81.74962,-4.4599032,-1.8683907,1.3976432,0.90871525,-0.30189884,7.708867,-9.86776,-1.7346158,2.0640554,0.13448893,0.5234568,0.2614184,2.635161,3.4264834,0.14716674,-0.8243835,30.14903,9.422369,0.22079223,0.2500156,1.1732758,0.5469117,-0.6711639,1.1846714,-0.022375686,8.278974,18.455086,3.1131594,2.264082,-3.1679385,-0.5528852,-1.9328033,25.291203,-0.57330346,6.676861,-0.69890654,0.6421414,-0.8443075,-1.1351666,6.396618
2.2078085,-0.46037537,-1.2652382,-1.6931906,1.0617094,-10.310343,13.327099,2.0704427,-6.9443216,1.6356524,0.690711,0.73161024,4.121495,28.25918,-4.2710433,-0.15883426,-0.9277126,-0.11311223,-1.6036315,5.8006287,21.372406,-0.0887736,-1.7937406,29.376114,-2.5142117,-0.019630264,0.4522243,-0.03174392,0.6896866,-1.2766829,-0.37973914,-2.7175133,0.15463047,-0.3227921,1.9213207,-3.2021637,10.324444,-1.2940596,-2.3696198,2.8590486,-2.0568335,1.4075354,0.82028073,1.2880499,8.3071,0.2739756,16.390026
2.0782666,-0.27436584,0.26868036,0.50469816,-1.1306719,5.673895,0.67951643,-7.7853975,-10.142674,-0.87580025,-0.90522903,0.07295102,3.5709379,-16.942148,-1.4041295,1.2219801,0.026434174,0.6252926,-0.11736659,0.04707742,-3.4648793,0.4695048,-1.2657194,-19.343294,5.489864,0.24762091,-0.2009685,0.02917493,0.28623316,-0.77638483,-0.07537686,-0.24529351,2.074962,1.7945926,-0.17290053,-0.032531306,-7.2918353,-0.3395589,-0.95312893,-3.8452768,-0.23051813,-0.6377367,-0.43556905,-3.1787684,-8.861877,-1.1410359,-17.240318
0.824406,-0.3619437,0.26200482,0.54125166,-1.0646483,3.7767758,0.120937794,-7.123174,-6.9992585,-0.5404554,-0.42575997,0.11138814,4.2975655,-17.229084,-1.5910151,0.05493296,0.0032030963,0.58913404,0.08162205,-0.3473656,-3.7674942,0.43723053,-1.4164625,-18.804838,4.1694927,0.17760223,-0.38407066,-0.024188146,-0.14819597,-0.6691767,-0.013829824,-0.59455526,1.9468931,6.341798,-0.41094732,-0.14162165,-6.9744673,-0.11946721,-1.1935735,-7.3526487,-0.25117683,-1.4127713,-0.35338506,-2.7778597,-8.031106,-1.079464,-15.800701
1.9896568,-0.21735147,0.27018708,0.6824946,-1.0890355,4.881342,0.8659864,-6.994733,-10.213029,-0.9757773,-0.89531,-0.0100978315,3.6492934,-15.744851,-1.4372424,1.191,0.045764707,0.61289424,-0.13268243,0.041267462,-3.7074955,0.5524914,-1.3497622,-19.322577,5.553982,0.18125242,-0.15156648,-0.082687594,0.14164846,-1.4529016,-0.17595313,-0.27297655,1.9166343,1.8058283,-0.33153227,-0.012827701,-7.423006,-0.32080445,-0.78140545,-3.818877,-0.16967586,-0.23513493,-0.43069172,-3.234081,-9.790586,-1.1395911,-16.661171
1.934743,-0.3361149,0.16019899,3.1440158,-1.132992,4.679762,0.325535,-6.7629066,-9.863587,-0.042975653,-0.87535936,-0.04364124,3.6093855,-16.114668,-1.4071141,1.1483935,0.024804268,0.5970001,-0.1428468,1.1322308,-3.6886625,0.38241166,-1.3340192,-19.430782,5.2916756,0.20975597,-0.21785274,-0.075272396,0.2840119,-1.4681412,-0.21172813,0.39557162,1.7974945,5.799651,-0.45096642,0.3101093,-7.905475,-0.3107463,-0.99153405,-8.379981,-0.059049636,-1.2826328,-0.4763327,-3.675386,-9.708308,-1.1364481,-16.854153
1.0719984,-0.17529322,0.28719756,1.9800471,-1.142758,5.138172,1.7884051,-6.835969,-9.578563,-0.9418068,-0.69327927,-0.007849411,3.522429,-16.236296,-1.6589975,1.1503589,0.07045057,0.59353423,-0.13866659,0.025886204,-4.9590073,0.4422425,-1.2878209,-19.707458,5.105305,0.19631317,-0.14212641,-0.05189582,0.33191833,-1.4448334,-0.12933272,-0.2771675,1.943785,1.6498499,-0.23595059,0.06661274,-7.809097,-0.28529167,-0.8596437,-4.0825706,-0.1794868,-0.63082314,-0.43540496,-3.2274635,-7.925697,-1.0847809,-17.262913
1.0675458,-0.30001837,0.24994196,0.51068634,-1.0046414,4.8855534,1.121643,-8.434183,-7.7158985,-0.68374944,-0.6507447,0.10500595,4.320046,-15.958546,-1.6223598,0.03419112,0.021772204,0.6610165,0.039695635,-0.37331492,-2.999894,0.5731659,-1.3905072,-18.708912,4.1567454,0.21821079,-0.55117524,-0.091360815,0.03392638,-1.0046422,0.024043532,0.11389061,2.068215,6.2345777,-0.548084,-0.32162333,-6.9449954,-0.36589473,-1.006577,-7.660172,-0.24733372,-1.3588045,-0.5732078,-4.1436267,-7.537852,-1.1475385,-16.88693
1.2016561,-0.3588984,-0.18758576,0.49273103,-1.0827173,4.303882,0.34645873,-7.1177454,-8.274129,-0.7444599,-0.63131386,0.046892576,3.954394,-15.837193,-1.629352,-0.30291605,0.023752574,0.6254962,0.042216804,-0.38847604,-3.4935906,0.5220127,-1.350207,-18.886478,4.1838303,0.22069257,-0.59661233,-0.0032179877,0.21924713,-0.9099159,-0.09154518,-0.68337345,2.1200044,6.8471465,-0.7097805,0.51182735,-6.7495384,-0.3418279,-1.1650238,-8.50743,-0.4400169,-1.2896575,-0.85392153,-2.9304297,-7.2757354,-1.0884736,-15.849208
1.9281043,-0.102735825,0.3685527,1.2989113,-1.1030757,4.701314,0.92457116,-6.992805,-10.188742,-0.89332527,-0.7088501,0.0027569076,3.7234693,-15.916141,-1.4395354,1.1510677,0.05321715,0.57958424,-0.13054857,0.11741909,-3.8451667,0.53246254,-1.3236942,-19.342308,5.4536204,0.22155988,-0.14445764,-0.101107426,0.12502182,-1.4245373,-0.18012816,-0.18200059,1.9641367,1.7012358,-0.35810268,0.068190776,-7.8947625,-0.30560514,-1.023672,-3.8799927,-0.09716744,-0.09738792,-0.43961287,-3.5224092,-9.858931,-1.1394541,-16.5765
1.1667111,-0.24411775,0.19873323,2.1515908,-1.0591621,5.0428634,0.05670167,-6.424957,-9.075258,-0.9135773,-0.59791183,-0.04970032,3.7973964,-15.2627945,-1.4401268,0.7924085,-0.014788422,0.5486276,-0.23595402,-0.1099592,-3.5595899,0.22622503,-1.4839796,-19.566908,4.006897,0.13450982,-0.55598813,-0.06663051,0.29267856,-1.456461,-0.05969244,0.07509051,2.1380384,6.7946825,-0.7330432,1.0919157,-7.430835,-0.2569981,-0.99432814,-10.0805,-0.36646202,-1.3076646,-0.97434425,-2.6010528,-7.326601,-1.059002,-15.900058
2.0700989,-0.082482666,0.3627386,1.3195131,-1.1218699,5.0955453,0.7527229,-6.832206,-9.307366,-1.0007594,-0.632855,0.011971029,3.981273,-15.790625,-1.3941278,1.1624637,0.034803305,0.61148953,-0.13970058,-0.06447625,-3.730137,0.5145003,-1.4749068,-19.26453,5.684191,0.16956007,-0.41589874,-0.19580768,0.36942685,-1.4264004,-0.16037107,-0.3801986,1.6987722,6.7250223,-0.3129881,0.29962996,-7.704233,-0.33902907,-1.1962132,-8.759892,-0.50808966,-0.6159803,-0.85963804,-3.3749065,-10.108569,-1.0759981,-17.246502
1.1726581,-0.27329752,-0.20876157,0.35006177,-1.0349436,4.4438553,0.06513813,-7.580098,-6.805923,-0.58683485,-0.50361365,0.06868853,2.886293,-14.038684,-1.7608315,0.11568041,0.026717432,0.5553467,0.026504898,-0.35129791,-2.9064777,0.5042799,-1.5075748,-18.575254,4.139491,0.20966099,-0.35151282,-0.019796595,-0.095233954,-0.3883451,0.21389405,-0.673871,2.3043666,-0.6329756,-0.65188015,0.12155626,-7.030033,-0.28512007,-1.1077877,-4.8734956,-0.36794198,-1.4342107,-0.38198552,-2.367067,-7.7705064,-1.0837128,-15.772018
2.249502,-0.12518877,0.18069176,0.53787255,-1.0381743,4.6977415,-0.10235088,-7.2188888,-8.57655,-0.67427075,-0.5383734,0.009506336,4.3448,-16.529804,-1.4990852,1.1023216,0.0042194114,0.6243513,-0.23764344,-0.057105325,-3.5526092,0.61591434,-1.525089,-18.906658,5.122671,0.19428885,-0.48925412,-0.1109401,0.24081497,-1.4782146,0.140431,-0.7156047,1.8594158,6.716713,-0.5421028,-0.39082396,-7.1597533,-0.28370333,-0.83100283,-8.532751,-0.27181545,-1.401539,-0.8945863,-2.6665163,-9.601319,-1.0652784,-15.723897
5.1023774,6.63592,7.106576,-0.4543705,6.467788,-5.3232517,-1.4087465,86.16619,51.738033,1.9175396,0.99847937,-0.92303026,6.420838,48.277092,34.037598,5.3225207,0.658717,0.30748641,-0.2811881,9.952427,17.379675,2.4061997,5.6383996,70.70263,36.557705,6.512186,4.561227,1.2898239,0.43786103,5.364192,0.47601223,4.4449534,-0.3013724,-4.0017676,0.13212012,-2.0500653,34.60833,1.8638695,20.50747,33.150433,-2.1034808,6.094371,0.064272314,18.409256,22.783348,2.4428596,25.542019
5.5355096,0.22454438,7.5662127,-0.43842596,7.4006577,-5.6482882,-1.2761168,81.38997,52.681656,1.6340768,0.834933,-0.55808467,4.3424525,45.666847,34.7806,6.7742786,0.5600091,-0.21810178,-0.37279642,10.06645,19.848204,1.0167701,4.729787,71.87735,32.30137,6.669005,4.7814264,-0.6844006,0.54420984,-0.37755013,-4.705751,4.455412,-0.1556405,0.13160455,1.9969591,-1.8093745,36.593666,1.3548825,14.359883,30.68286,-3.7335274,6.1083612,0.84277034,18.729858,20.825907,2.2959576,25.270042
2.798486,-0.6971855,7.1780424,1.9145862,6.687593,-5.1572843,-1.6537867,84.98003,49.129143,2.1835873,0.8615612,-0.6130945,5.966138,42.385597,27.605627,6.919467,0.51748013,0.02604499,-0.48601416,9.830397,17.839901,-0.34233484,5.2579784,74.41037,30.676676,7.1339974,4.647784,-0.5197917,1.7625227,4.74033,0.76893127,6.51962,-0.40143526,-3.416755,13.969272,-0.030041581,33.877007,1.6838801,19.551886,36.8538,-5.8839946,7.860817,-6.389793,18.543818,24.120117,2.3866136,23.305416
6.5777493,1.9467717,7.484526,1.9241816,7.1704063,-2.1361518,-0.5630846,88.53091,63.328335,3.164201,0.8765086,0.14061408,4.2874637,51.01102,31.303513,11.43911,1.0715132,0.098220706,-0.39427474,8.691491,17.314804,5.0633817,5.5687485,81.45599,37.238663,10.345985,4.2731366,0.8829109,1.8060987,10.826024,0.63320106,3.5281007,-0.014734838,0.92638874,26.0864,-0.74226695,41.121437,3.6058705,36.03497,47.50851,-0.5180874,10.693325,7.0151014,19.723036,25.015287,2.547884,32.758488
-2.4549608,0.26162368,8.619566,-0.8722783,3.8036559,6.452224,-2.4026375,16.919369,2.790028,2.8023622,0.9416592,-0.57341015,0.6764033,40.633953,5.599968,22.44011,-0.64131695,0.27007622,0.06503539,0.92722017,21.45974,4.31224,-2.792595,48.76968,-5.5510073,2.9339085,1.1424671,-0.16707711,1.4165416,0.50556475,0.040191375,-0.27978775,-0.8519239,3.8679953,5.9124217,8.313653,19.14969,1.8307977,36.64322,1.0257645,-3.0043812,14.3609085,2.0331225,0.9797196,11.628709,0.24977191,19.659601
3.2864516,6.092721,8.26413,1.3346562,6.235272,-5.2192535,-5.418091,88.566315,56.08446,1.3840677,1.0561389,-0.85797447,3.6171672,48.448242,36.703686,9.7513,1.042282,-0.257237,-0.33830193,9.257514,17.952444,2.9034905,4.889276,77.45353,37.078938,10.279156,3.1442432,0.08085919,1.8922495,7.157139,0.3962687,8.714055,-0.11976574,2.0252771,23.599913,-1.1998256,38.349567,2.1030998,36.531242,39.074425,0.25714526,8.162534,-4.521118,18.764994,24.463943,2.286175,32.39933
3.3116753,7.5209045,6.573626,1.1567394,6.55563,-5.5325065,-3.8259792,90.774475,65.44911,5.2841535,1.0418575,-0.74240565,2.8119552,65.13348,37.003517,7.4494762,3.4464254,-0.6190753,-0.15944532,8.288003,16.443914,2.921071,6.0085535,77.1975,33.2802,7.8067,5.664979,0.62998766,1.8090239,7.7265444,-0.13918881,6.9867344,-0.20895682,0.086777955,25.062737,-1.435031,35.981388,0.3571429,31.946331,71.668564,-1.7631209,8.512222,1.3730204,17.731771,24.38267,2.3987455,33.44137
1.6843826,-0.12518245,-2.2156076,1.5913941,-0.33974177,7.7232656,1.6374247,-5.926497,-13.950883,0.11184391,-2.3885987,0.016421944,3.2535691,-17.162922,-1.611499,1.1073939,-1.5618817,-0.05838444,0.24995914,1.6803335,-5.1191626,-0.7593541,-0.3667164,-19.574936,3.3225832,0.15238889,1.3963267,-0.13298124,0.34756643,-1.7227448,0.014782273,0.12715407,1.4086605,5.5940967,1.7799284,0.31570163,-8.696058,-0.28987017,-1.4205468,-9.285201,1.9046781,5.924797,-0.55912614,-4.6444807,-9.49475,-1.1202092,-16.905651
1.965887,0.10069909,0.09003562,2.2272563,-0.31835237,7.2514925,2.042855,-5.7319164,-14.457386,-0.014179866,-2.1507494,0.039112747,3.1820607,-18.307583,-1.5381516,0.85166353,-1.6425503,0.011657794,0.12877198,1.6391475,-5.234727,-0.9301744,-0.53552836,-19.486795,7.034394,0.16806793,1.0923067,-0.000805541,0.29768473,-0.94448245,0.075084895,0.0041543148,1.3886292,6.428054,1.2453667,0.11067388,-8.350308,-0.35727003,-1.1482891,-7.3616853,2.038778,-0.18910274,-1.3169731,-4.5684347,-9.440862,-1.1248645,-18.332268
2.0910785,-0.2171075,0.24288546,0.6633269,-1.1454476,4.8058515,1.3351935,-6.907792,-9.162687,-0.95186895,-0.49831304,-0.00037542236,3.7210214,-16.752104,-1.4409034,1.189146,0.044316497,0.55678844,-0.13269861,0.029693037,-3.675845,0.42209992,-1.4160156,-19.417847,5.6406474,0.21053012,-0.13792232,-0.12228037,-0.40533987,-0.6566002,-0.08526397,-0.2672284,1.9850247,1.6000369,-0.37712365,0.027874265,-7.195899,-0.3420148,-0.66886115,-4.0013204,-0.18928751,-0.69422287,-0.37529153,-3.1388159,-9.750295,-1.1391238,-17.415625
1.1822793,-0.13510148,-0.12628274,0.6257935,-1.156995,5.0281405,1.1230446,-6.8767242,-9.111905,-0.9290057,-0.6570719,-0.014188708,3.637508,-16.780668,-1.640767,1.1334435,0.10829075,0.57086056,-0.21225552,0.04066943,-3.6858974,0.39739147,-1.4013859,-19.392527,5.017885,0.2038324,-0.15066826,-0.104323596,-0.38969895,-0.68432635,-0.0921696,-0.059554778,2.0749807,1.6330537,-0.4276046,0.03081144,-7.204212,-0.36965084,-0.74930847,-2.648663,-0.23750722,-1.3377004,-0.41896945,-3.4271207,-7.8889337,-1.1536851,-17.66506
-1.5766397,-0.46896902,-1.7660167,0.4383397,-0.46959725,-3.4715574,-7.128165,-7.6327376,-9.781933,-0.5087673,-1.3306513,0.3162171,-0.005916902,-12.0138645,-2.2902257,0.78918105,0.0018255584,0.006128398,-2.344526,0.3754108,1.6734992,0.23334847,-0.5145495,-16.559902,-1.5279776,-0.08680353,0.03143424,-0.04834444,-0.17522983,-0.6067876,-0.54848915,-1.3940835,-2.6810613,-5.2430816,0.8639718,-0.8613232,-6.3286266,-1.4296997,-1.7256893,6.6987734,-0.48421323,-1.4312853,-0.044302814,0.062026083,-2.8754244,-0.3649541,7.089158
-1.4535764,-0.26224717,-1.993248,0.029798957,-0.606018,-4.04041,-6.3229475,-7.630972,-4.575731,0.80242896,0.30383962,0.22664191,1.5412428,-12.663915,-4.7542434,0.77635443,-0.04069067,0.085234016,-2.0597434,-0.18776791,2.1698034,0.2871341,-0.14047512,-15.094069,-2.0081406,-0.1885728,-0.11257848,-0.051963564,-0.45131958,-0.5412098,-0.29885358,-1.2574484,-1.6315824,-8.107888,1.2266291,-1.6850423,-4.5939846,-3.1677766,-1.7631093,7.4900727,-0.19764991,-1.9026399,0.23741898,2.3938878,-2.3762028,-0.42356637,8.733606
-4.182117,-0.30380422,-1.5063919,0.12928878,-0.9912994,-9.961783,-10.926041,-3.8941324,-1.4945338,-0.44886312,-0.054949276,0.11245619,1.7225585,-10.251645,-7.432217,-0.28853163,-0.07836648,-0.41878986,-3.494352,-0.5479358,24.865013,0.1405843,-0.5708103,-12.6823,-4.913002,-0.42872196,-0.91264546,-0.57371765,-0.40409738,-1.2462592,-0.16318578,-0.529306,-3.458016,-9.9497595,1.5947689,-3.1642387,-5.899377,-5.065391,-0.63052255,6.527041,-0.8344381,-0.9340527,0.16297752,-1.2867051,0.11742877,-0.18677507,-2.4311862
0.17048873,-0.11183326,-1.2588955,0.08747454,-0.5892645,-1.4632162,-7.4367895,-7.0296707,-6.438356,-0.53654957,-1.0360516,0.47835928,1.5824646,-13.823081,-1.551505,0.10021382,0.16099823,0.30684608,-0.5141231,0.07915604,1.3586379,0.20222029,0.7888089,-17.239798,-1.7625983,-0.030131508,0.14379962,-0.046524987,-0.034738354,-0.72357935,-0.21124077,-1.4453284,-2.10118,-5.513718,0.49647686,-0.9256924,-6.4932275,-0.96228856,-1.4055227,7.0154815,-1.1248803,-1.2834389,0.18438266,-1.302879,-1.7740359,-0.722328,-3.337676
0.20559305,-0.13094221,-1.5028335,3.3873634,-0.57246894,-1.5406147,-5.0633044,-6.807599,-9.031825,-0.25825787,-0.9824557,0.7232897,0.9514101,-14.068221,-1.3001058,0.14610785,0.14789711,0.33227822,-0.5565406,0.18304658,2.4131248,0.25456035,0.59714943,-18.201225,-1.6280413,-0.0915401,0.15948857,-0.028387746,-0.22899678,-0.52896655,0.20578934,-1.5562629,-2.2921042,-5.567561,0.86709017,1.2313712,-6.105255,-1.4896648,-1.971239,6.4070716,-1.0064682,-1.1468527,0.007912452,-1.1569967,-1.749221,-0.30615085,-2.3282015
0.9265025,-0.14231132,-1.1269369,1.302675,-0.3878554,1.4622326,-6.2385397,-6.7381268,-10.730913,0.5860676,-0.81891835,0.34612748,1.078256,-12.432944,-0.53266376,1.359685,0.09950401,0.10323329,0.076575205,2.0460374,-1.6274014,-0.8980176,-2.2107723,-17.549578,4.1362133,-0.10079572,-0.4409618,-0.021238869,0.26926562,-0.7729314,-0.3968532,-1.7205033,-1.8815473,-5.6361346,0.3546449,0.8766779,-5.1668625,-0.06083325,-1.2013732,8.310351,-0.6297175,-0.83785295,0.0013059237,-1.3045455,-4.1281857,-0.5243924,-14.555323
0.19321841,-0.15497825,-2.2629871,0.33718982,-0.758675,-2.214253,-7.652472,-7.2038794,-0.9699017,-0.37707505,-0.9918547,0.11993386,2.2894812,-11.808562,-0.9024871,0.20513585,0.098025136,0.12842861,-0.59718,-0.33253035,1.9640086,0.013947746,0.46164307,-16.430357,-2.3477893,-0.62650454,-0.06865993,-0.11561546,-0.18149258,-0.8108124,0.20235193,-1.429675,-3.4813738,-8.566016,1.1388414,-0.67675287,-7.274928,-1.4488205,-1.6777346,5.566718,-1.1084067,-1.6363548,-0.20053151,-0.39769435,-2.4781554,-0.4761309,-1.7821112
-5.2950172,0.15634853,-1.3591112,0.3376949,-0.6990543,-6.511196,-8.159662,-4.360009,-0.92167675,0.442833,0.67412424,0.36973137,0.96797067,-10.2793665,-5.6733356,-0.7589621,-0.012533118,-0.3713239,0.32452038,-0.184756,27.414501,0.46853656,-0.73737925,-14.633055,-4.763394,-0.4422232,-0.790194,-0.1047121,-0.5843681,-0.64300686,0.24979217,-0.27689928,-0.12237938,-7.004397,1.8788351,-2.35086,-5.8065205,1.4248681,1.7394571,6.4802656,-1.5628984,-0.5052844,0.78698033,0.050470967,0.9876624,0.050392915,1.9264321
1.1462064,-0.23929243,0.048341677,0.19805573,-1.0294709,3.9993463,0.12381053,-7.684831,-6.904439,-0.72311324,-0.50713974,0.032843996,2.8774729,-13.9095125,-1.7794824,0.029214561,0.061954457,0.55557203,0.015821917,-0.31212413,-3.0707498,0.7430971,-1.6483849,-18.712605,4.324069,0.24425134,-0.3416989,-0.027118225,-0.1465223,-0.4133432,0.23358996,-0.66336167,2.2506845,-0.6999216,-0.68601495,-0.19121407,-6.9064403,-0.27786732,-1.0552573,-4.3170033,-0.3524401,-1.3776222,-0.38570464,-2.361988,-7.719958,-1.0688659,-15.459566
1.344692,-0.1180186,-1.1014247,0.3029203,-0.88345164,3.5979555,-2.139642,-6.8311853,-5.906377,-0.8164985,-0.39643058,0.17852113,2.6878653,-12.819784,-2.495905,0.1641246,0.2913505,0.28236714,-0.0030239793,-0.21519671,-0.4517535,0.8060382,-1.8667445,-19.417276,-0.55257523,0.0035366178,-0.39650086,-0.054767244,-0.18487847,0.0035250192,0.22726089,-0.8422841,2.2265823,-1.7232454,-0.7108025,-0.082285486,-7.260714,-0.19439824,-1.205189,-3.7556276,-0.45976824,-0.95380396,-0.5692242,-1.975211,-4.6186566,-1.4015794,-13.967361
2.099704,-0.21603484,0.24145442,0.6681752,-1.1299309,4.9605813,1.2087883,-6.9001546,-9.693961,-0.96445185,-0.7173332,0.00998597,3.6848173,-16.790972,-1.4422697,1.1639469,0.041332424,0.5549669,-0.13455725,0.047342848,-3.653035,0.42258906,-1.4151555,-19.353636,5.865346,0.20156293,-0.14132841,-0.035915077,0.038881794,-0.677056,-0.07432914,-0.28118777,1.9109919,1.6201212,-0.32050234,0.014006056,-7.205173,-0.34787852,-0.70662385,-4.04374,-0.18168572,-0.65936863,-0.36027205,-3.184326,-9.794571,-1.1390367,-17.315702
2.0971837,-0.21637599,0.29865196,0.66794235,-1.1287444,4.9603505,1.1873032,-6.901492,-9.69285,-0.9645267,-0.7173636,0.013400587,3.6851912,-16.792425,-1.4422698,1.1639848,0.0417586,0.5529792,-0.13459152,0.047316775,-3.653035,0.38652354,-1.4150195,-19.35085,5.865654,0.20187214,-0.1444672,-0.03579571,0.038891688,-0.676906,-0.07433456,-0.28149682,1.9110413,1.6271441,-0.32651946,0.0143602975,-7.205173,-0.34808454,-0.7067051,-4.0378366,-0.18174094,-0.65905595,-0.36159477,-3.1843853,-9.794229,-1.1389815,-17.315832
1.170897,-0.2177346,0.26745984,0.6483924,-1.1174483,4.6013455,1.2272015,-6.8923826,-9.264842,-0.94435596,-0.719554,0.020776734,3.7736516,-16.792543,-1.6363143,1.1690329,0.046532463,0.5547805,-0.13056304,0.05165066,-3.795302,0.4059307,-1.4433479,-19.339973,5.051659,0.24237782,-0.2008839,-0.07243719,0.0374022,-0.6771413,-0.06352879,-0.24335764,1.9150329,1.6384687,-0.37421715,0.0065182885,-7.2433915,-0.3362261,-0.6935508,-3.9628236,-0.15081176,-0.6784488,-0.3567103,-3.1476185,-8.054559,-1.1326863,-17.295952
-0.51780117,0.21661824,-0.6098797,-3.4361181,0.085415825,9.557539,-4.020258,17.925404,12.308878,-0.2667799,1.0144244,-0.43870842,-4.5574136,19.759254,-2.6571739,0.9707658,-0.7504942,-0.41512397,-0.91322434,-1.5084535,19.381075,-6.39215,1.104782,33.73142,19.57527,-0.36236468,2.2178006,0.22035432,0.4784342,0.14789471,0.08414239,-1.5714828,-0.8828002,14.477854,3.7817082,-3.856191,14.978563,0.43279946,-1.2675393,15.825979,-4.252254,4.158659,2.4388063,1.8353689,9.147593,0.9716528,17.160706
-1.0443338,0.15424657,-0.25672475,-4.828411,0.3193837,15.108116,0.8564484,19.632376,10.9241705,0.55798,1.1220309,-0.7413646,-5.08576,12.322912,-4.5699534,0.9989131,-0.8508001,-0.77244556,0.50836223,-1.1326371,19.682003,-0.44698426,0.7748376,37.254,10.66475,-0.28167295,2.0712972,0.21101198,0.07296044,1.2230504,0.11608733,-1.3542975,-0.8638942,15.400136,5.5542893,-3.8943546,14.576703,0.8614674,-1.0212622,20.660892,-3.154616,7.706181,2.4025517,2.476086,9.556248,1.1043872,19.034101
-2.832843,0.43214086,-0.502329,0.44761777,0.43313736,11.661638,8.87893,11.900988,9.785795,1.7116859,1.0218,-0.30277935,0.1553912,14.491306,-6.2114472,2.051616,-0.5172442,-0.08453123,0.53195995,-2.2922027,19.883072,-0.18175213,-1.8461119,33.879574,22.38571,-0.2249046,1.9717134,0.06287729,0.15740907,0.91535443,0.18298103,-1.7950636,-0.4627001,12.867028,6.0960927,-2.962989,19.023325,1.4682031,-0.4243241,20.122673,-1.9630365,5.131881,-5.1767263,2.5728168,10.787327,1.7805917,22.538567
-2.808606,0.3381604,-0.6205286,5.10479,-0.14692469,15.759633,7.8841505,11.049656,-0.627153,2.6131837,0.86685026,-0.17549998,0.96225005,10.584996,-2.575377,2.287145,-0.5664097,0.2606357,0.328788,-0.6358695,21.054117,-0.37446892,-1.8041167,26.29122,26.89303,-0.2919508,2.0086415,0.080856316,-6.60696e-05,1.20796,0.46824193,-1.8941747,-0.60848695,16.572126,3.840301,-2.6519368,19.362865,-0.8586657,-0.45753804,17.01271,-2.27619,1.1960588,1.0128503,3.660143,10.477301,0.5053381,27.230886
-3.2733812,0.073759034,-1.3440812,4.996399,-0.021584002,21.862156,10.963932,8.840342,6.079553,3.327277,0.47084394,0.3541237,-1.3853834,1.5652592,-5.8611684,2.096259,-0.095209405,0.28371203,0.25334054,0.07472884,24.222275,0.65797687,-3.3592408,21.609114,25.63594,-0.28796408,-0.5331483,-0.10245257,-0.25450042,0.6140212,0.37858644,-2.1293259,0.16127326,21.30197,2.5253057,-2.2441988,18.12752,0.6371072,-0.06663489,22.455397,-0.060917977,1.7367965,1.4013889,5.3400574,11.0838995,0.4296697,19.16968
-3.6555536,-0.25816604,-1.3413546,4.4721513,0.48623732,24.43449,1.4908453,14.402297,6.5166388,3.9414508,0.7373626,0.14205949,2.4399414,-5.295198,-5.2415833,1.1815517,0.06357196,-0.06380269,0.27539304,-0.33204848,22.150917,0.27219522,-3.6352558,21.076498,27.088377,-0.33164278,-0.6320007,0.03804606,-0.076945394,0.8990548,0.0721578,-1.6151074,1.7619829,19.985506,4.243052,-1.6043059,21.856554,0.4627585,-0.5708257,22.459967,-1.3160727,1.4455118,1.3203999,5.302634,9.953319,1.6553928,20.994198
-2.7409039,-0.011609683,-1.166057,2.204569,-1.4735891,19.231953,6.780118,10.657497,-0.73537,5.128056,1.3823138,-0.6775106,-0.5377672,-5.674102,-3.9906485,1.558475,-0.34460852,0.09091295,0.077269286,-0.64185375,23.557634,1.0920968,-4.3320704,24.286772,21.239357,-0.4156568,-0.7890587,-0.26585788,-0.705296,-0.50414497,-0.07794374,-1.9494749,-0.42476285,0.2864325,6.4650826,-3.3660924,18.828798,-0.43486106,-0.11707398,14.216623,-2.9278393,3.1589913,0.6384255,0.5770394,10.695594,0.5579506,14.89042
-1.2571632,0.23488192,1.726895,-4.4294043,0.31425396,6.6393037,2.7036188,20.20807,7.908894,-0.6228524,0.77602535,0.75764793,0.03350258,26.25676,-7.464046,1.0446441,-0.53936714,-0.17099941,-0.56403244,-1.5369152,22.026155,-0.5730405,0.5569812,30.856594,24.115137,-0.6691375,1.8983964,0.23318739,-0.16344123,5.4735246,0.123287395,-1.2175553,-1.7817476,-1.0017967,5.405565,4.7237,16.076035,0.15405771,4.0402217,20.845963,-1.9787118,3.6978168,0.60355484,1.0409784,10.311224,0.38648108,20.435589
1.9933763,0.0492362,0.29796124,2.6928883,-0.22806416,8.1780815,2.1460867,-5.9094353,-11.854834,0.11975082,-2.1325543,0.041197613,1.5543015,-18.23246,-1.2812766,0.5130401,-1.5302452,0.10201961,0.0027758747,1.5018463,-5.034709,-0.61512834,-0.70092016,-19.448042,5.237614,0.17598751,1.016466,-0.10853164,0.26803413,-1.0960073,-0.037708208,-0.044397123,1.5426873,6.46746,0.23083135,0.12535499,-8.66532,-0.34284815,-1.209096,-7.2550087,3.029913,-0.16136087,-1.2543621,-5.188617,-9.466166,-1.1403023,-18.627586
1.0828657,-1.0947722,-0.055062056,0.37687153,-0.92859524,8.427004,0.56821007,-6.181015,-9.1472435,-0.85874534,-0.4958785,-0.07453529,4.0337586,-15.335283,-1.673188,0.31254134,-0.06835695,0.70242995,0.17536667,-0.16786377,-3.1682277,0.26199093,-1.5439986,-18.81559,4.197461,0.3265749,-0.47046673,-0.10652541,-0.16122897,-0.64880615,-0.18995322,-0.37853548,2.1803453,0.40533626,-0.24759549,-0.37439704,-7.3684583,-0.30567473,-0.7094194,-4.320608,-0.3265301,-1.1467886,-0.42726544,-3.398601,-6.418524,-0.9547506,-19.150312
-1.4395831,0.010668085,-0.7086341,-1.3772404,3.224794,10.605121,3.169137,37.11495,9.133537,-0.40396208,1.153692,-0.8656469,7.4621305,40.535904,6.7481422,0.056994442,-0.7574327,-0.09867443,-0.34066895,0.82661146,19.83256,-0.24766833,1.7781653,41.683186,-4.179832,-1.3292316,1.2233155,-0.3776702,-0.6135146,-2.477834,-0.5396837,-0.27237505,-1.1666715,-4.547873,0.9221012,-0.7101955,19.884567,2.7974582,3.297099,6.9481807,-2.6213574,7.8206816,0.7313001,1.1770878,11.434325,0.3468946,22.775927
-0.617074,0.52274406,-0.80575085,-1.5498683,5.3631845,11.252279,4.7870502,37.932213,8.89853,0.2927084,0.9440858,-0.63364863,4.9218893,40.543434,3.5776515,-0.12604116,-0.8520061,-0.3713887,-0.57703674,1.3080733,22.077745,0.501916,1.9330046,40.187096,-3.7755046,-1.244081,0.78732544,0.03895541,-0.57168674,-2.29314,-0.5030213,-0.7143297,-0.7264812,-1.4532105,0.66235167,-2.4772909,19.076977,-1.0539639,3.141851,8.835885,-2.0756981,7.7814765,0.7132952,3.6230016,8.165145,0.6188977,21.50445
-0.5596461,-0.50552,-0.7751371,-1.1162474,4.5413237,12.043375,3.595146,36.944363,8.333471,2.3094573,1.0382454,-0.87338567,5.08416,40.17612,2.0881755,-0.20104775,-0.7977959,-0.30893406,-0.90217775,1.6211352,22.661707,-0.07807086,-2.6678102,42.884106,-2.8062024,-1.202208,1.213661,-0.124028586,-0.7339762,-0.88192046,-0.60750246,-0.8694922,0.37517247,-0.7552866,3.9079008,-3.014633,15.1565485,-1.0929554,4.2475615,8.990203,-1.5181749,8.390214,1.3415743,1.4479878,8.895599,0.43591455,22.276329
-0.64362633,0.30502272,-0.82698405,-0.39718464,3.2273266,11.559475,0.8824232,36.95201,7.90101,1.9188483,1.1680651,-0.71909845,5.3814263,39.262333,7.0498257,0.43263924,-0.10717718,-0.28565827,-0.05659431,-0.28416702,21.729467,-0.2672433,-2.8923106,43.07172,-1.336963,-1.3294648,0.95545393,-0.049342893,-0.6611762,-2.2468133,-0.46967566,-0.7176959,-0.7877208,-0.54049516,4.770816,-3.276533,19.7956,-1.5784476,2.7456403,9.192418,-1.6757509,9.659197,1.0419879,2.1267886,9.313984,0.66740817,23.76958
-0.31878123,-0.12605178,-0.8248681,-0.3075134,4.462739,13.528041,3.7702003,37.023434,6.913502,1.8481237,1.1130096,-0.0439773,4.6842165,39.07394,2.3013294,-0.1608316,-0.51990014,-0.43046352,-0.67755973,1.3799074,20.870504,0.56537515,-2.4139118,40.507915,-1.5574783,-0.6936578,0.41217774,-0.37308368,-0.6128893,-1.6270813,-0.5194912,-0.7896613,-1.3026783,0.45923957,3.8828578,-3.5352633,19.811483,-0.83602834,2.8167741,8.141236,0.6259513,8.410656,-1.5563409,2.0196054,9.224858,1.0475696,22.099794
-0.17833701,0.5129525,-0.6721234,-1.5154839,3.5177553,19.316442,1.9407797,17.82761,11.832762,1.9934964,1.2709953,0.9169411,5.980997,38.193733,5.469352,0.86285466,-0.6215416,-0.06346567,0.21613032,0.5404048,20.147488,0.6514561,-2.1917555,38.181915,1.2056177,-0.52182186,0.35675374,-0.095467806,-0.06980371,-0.09701782,0.30811164,-0.6181798,-0.75678664,-1.0995002,1.2937341,-5.143805,21.51544,-1.192489,3.052133,9.8044,-1.8516923,11.9323,0.53176296,4.0764894,9.766935,0.552465,20.232908
0.9912665,0.38734475,-0.9617138,-0.14182147,1.9362762,11.987824,2.9026718,37.17619,6.8830333,2.1439235,0.82686484,-0.6008399,3.8121743,34.979164,3.274556,0.9642478,-0.7814104,0.30831116,-0.052551523,1.5188093,21.305408,0.7450177,-2.2712114,40.447113,2.2303529,-0.25238052,0.08972171,-0.2219353,-0.5998343,-1.083125,-0.4427255,-1.1313999,-0.49492317,-1.2300277,1.1556846,-3.4301274,19.797997,-1.4517381,3.3448336,9.341483,-1.9731911,7.561261,0.87023443,3.7946622,12.087939,0.9947393,20.751612
-0.31758285,0.18251057,-0.6935372,-1.3249788,2.6161776,11.853874,2.3008146,35.041485,5.9922757,-1.3519748,-0.17485029,-1.0069894,5.3857217,33.503887,5.924433,0.487947,-0.74339294,-0.06019938,0.045484524,-0.6742086,21.63428,1.1016887,7.771884,45.665543,-0.71870136,-0.5444682,0.3922815,0.08584997,-0.5412726,-2.482816,-0.5580471,-0.8852154,-0.8874437,-0.5392708,0.87522715,-1.0769149,19.800322,-1.634145,2.7523427,8.883349,-1.2067605,7.348086,-1.463355,3.4021752,11.156776,0.38749433,21.89984
-2.5309577,0.1492202,0.20445174,-1.1366515,0.53946024,12.659447,-8.079736,14.610476,8.710221,-0.14296177,0.6154108,-0.9905014,8.665955,30.512852,7.2131643,-0.025489414,-0.8219209,-0.3949579,-0.49888667,-1.3375705,19.96602,0.5637211,-1.3831321,42.50413,0.6161066,-0.40953064,0.24300317,-0.07351141,-0.43296915,-0.5202481,-0.40024897,-0.86864525,-1.3890796,-8.914462,3.0839956,-4.4273405,18.940449,-1.1740736,2.6127317,8.1760645,-0.64711994,13.238195,1.4546081,1.4135258,9.471391,0.16341956,16.39692
-0.43095767,-0.75126433,-1.4369746,-1.1138523,2.8097184,12.787333,-4.780814,38.52596,6.07074,-0.4875091,0.4878944,0.3048546,2.6009512,36.710716,4.000326,-0.123831205,-0.4176265,-0.12923221,0.043182224,1.1173375,26.703556,2.2997503,8.045196,48.713203,0.22656289,1.128853,0.51416457,-0.008535054,-4.8060594,-0.8691534,-0.44918656,-1.2206771,-0.11829655,-0.5367017,3.8624954,1.2706809,-4.1485915,0.0004322264,15.492136,3.1503284,0.5127866,8.69278,-0.2217745,6.106943,9.363345,0.28743508,17.757706
3.509598,-0.3598337,-0.81876343,-1.4407574,-0.09322469,12.589546,11.480848,6.379791,-3.9633014,-0.78802407,0.7146651,-0.030332947,-1.3030616,25.609583,5.01284,-0.29545003,-0.5942492,-0.09390766,-0.58358586,4.573534,0.0050451467,-0.011190328,-1.8403729,30.563435,-2.8468819,-0.37199125,0.047146697,-0.077452175,1.0360569,-1.2561251,-0.2869681,-1.7856826,-2.2383513,8.4681,1.3701144,4.359726,18.069086,-1.333826,2.4362164,5.736174,0.14015292,-1.2400855,0.62215316,4.8028307,13.019163,0.22590503,26.850262
3.5144367,-0.35047573,-0.8279565,-1.4659572,-0.09439454,12.598031,11.4215765,6.3924255,-3.8855712,-0.8038374,0.7209935,0.00028801794,-1.2693034,25.616997,5.0219812,-0.42758286,-0.6006167,-0.09696683,-0.56580937,4.593715,-0.00092162617,0.00081534917,-1.8494976,30.242025,-2.9611235,-0.35385865,0.041982707,-0.0765128,1.0371867,-1.2409754,-0.28980765,-1.7842331,-2.2576046,8.548247,1.2776703,4.3636475,18.120138,-1.325822,2.5131881,5.599938,0.13520832,-1.6004744,0.5736569,4.829041,13.022096,0.15106216,26.904087
0.907499,-0.17334716,-3.0957143,0.12255484,-0.614608,1.7240676,-4.5081573,-7.9321127,-8.631923,0.28618816,-0.6544574,0.39577988,2.1560133,-16.485334,-1.4816716,1.2822082,0.49181458,0.5957852,-0.2594066,1.6047858,0.03288445,-1.264505,-2.2409332,-17.65965,3.87717,0.19914636,-0.47390825,0.33877966,-0.25218454,0.32890365,0.30405393,-1.2204443,-0.4907839,-5.037489,0.009865575,-0.20256723,-6.983668,-0.0073814024,-0.87904817,-3.6554694,-0.92700887,-1.1755418,-0.1263278,-1.3758187,-6.0426455,-0.63468206,-14.603109
0.9971853,-0.29834962,-1.3312784,-0.112154156,-0.6099962,0.26546207,-4.8179436,-8.266456,-8.5317135,0.1656334,-0.36086312,0.26190546,2.0330334,-15.406385,-1.506982,0.98467475,0.46305424,0.632344,-0.23501514,1.2980727,-1.3383601,-1.0250883,-2.1778,-17.692745,4.042437,0.073288724,-0.12340055,0.62151724,-0.23680386,0.25080213,0.38801584,-1.4845153,-1.3234482,-4.353674,-0.6167101,-0.031662356,-6.1126547,-0.24597695,-0.9182338,-3.8630128,-0.57862437,-1.1216953,-0.12802628,-1.7496626,-5.868912,-0.699961,-13.314015
0.9223694,-0.112886794,-3.5306094,0.16057497,-0.5349827,1.5725158,-4.895433,-8.527673,-8.338127,0.5611196,-0.56102085,0.18121159,1.3554878,-15.762283,-1.3149523,1.4456878,-2.9182937,0.6887247,-0.004631329,1.6571138,-0.080481514,-1.1922742,-2.120107,-17.307375,3.5681887,0.15892586,-0.25354224,0.6666561,-0.28315508,0.18193877,0.338962,-1.1595489,-0.78188485,-4.7773147,-0.35647437,0.018829131,-7.375022,0.044925638,-0.837378,-3.8606794,-0.5357166,-1.2977846,-0.20544505,-1.5832862,-5.966747,-0.68570477,-15.090407
0.17071795,-0.16841543,-3.245959,0.014735896,-0.54535526,-0.48198703,-6.6394773,-7.8742414,-8.157156,0.17248018,-0.51807445,0.2385249,1.955331,-15.981502,-1.551612,1.1693131,0.57763094,0.35602495,-0.28733602,0.3581225,0.4270484,0.054746386,-1.7983063,-18.05969,2.2479727,-0.0951559,-0.29914674,0.027124029,-0.43535733,0.12640725,0.424076,-1.2323318,-0.999207,-6.5363693,0.4851366,-0.50390303,-6.7133093,-0.090611376,-1.1840962,-3.877182,-1.1129987,-1.1549176,-0.102951,-1.0324271,-5.7461534,-0.8416474,-10.323841
0.9064496,-0.061714403,-0.7659647,0.18304624,-0.5921444,1.4100603,-4.4618707,-8.224095,-9.019947,0.5509805,-0.68259186,0.20958026,1.261171,-16.364798,-1.3714188,1.0985091,0.36055362,0.7037856,-0.0024458815,1.2606014,-2.6693964,-1.2890753,-1.9849558,-17.154863,3.6523025,0.13208544,-0.4668689,-0.049144667,-0.26405877,-0.29296148,0.42091957,-1.3490242,-1.0207847,-4.7176332,-0.66844386,-0.19914812,-6.9713354,-0.058158826,-1.9075149,-4.0792923,-0.49134353,-1.3895286,-0.2224556,-1.5064269,-6.226068,-0.8468442,-14.779465
0.87452745,-0.0059584463,-0.5821716,0.30148026,-0.67427725,2.0356276,-4.8693786,-7.722804,-9.268673,0.2500086,-0.61521155,0.26484844,1.2498553,-16.024416,-1.327173,0.99417436,0.47449344,0.6690028,0.10166721,1.6669922,-2.3746817,-0.98429304,-2.0771744,-17.14906,3.5608006,0.1756812,-0.40349486,0.013470102,-0.0220657,-0.75105166,0.41239387,-1.6087053,-1.5007108,-4.6324873,-0.35856697,-0.26631427,-5.4085565,-0.093812525,-2.1429782,-3.9545324,-0.59130085,-1.1546757,-0.026514461,-2.0713181,-6.343927,-0.7590156,-16.057283
0.79772174,-0.1386457,-0.6435003,0.20260711,-0.64518255,3.5673192,-5.1716824,-7.380344,-9.277138,0.43090445,-0.6282375,0.13252974,2.4281642,-16.325539,-1.2586166,0.65105593,0.35195953,0.5989539,-0.09868882,1.5324566,-2.097957,-0.9690966,-1.9483247,-19.253895,3.5236993,0.054216478,-0.43796858,0.032624472,-0.019824695,-0.9060867,-0.18266617,-1.3166379,-1.2497938,-4.98675,-0.20500556,-0.10391649,-6.6946545,-0.036360025,-2.2412417,-3.6840017,-0.33468127,-1.2348331,-0.16694176,-1.6307486,-6.192774,-0.7342591,-16.234947
0.84899604,-0.2456217,-2.866856,0.3228007,-0.6633577,3.490463,-4.132038,-7.0628204,-8.678731,0.23052433,-0.5995096,0.23558171,1.6733038,-16.855082,-1.8429637,0.5640066,0.4086111,0.5791181,-0.12016046,1.539309,-0.43468678,-1.1777611,-1.7672268,-19.153955,3.989959,0.16061555,-0.6024754,0.005354255,-0.36443987,-0.8456836,-0.2589523,-1.6351628,-1.1191312,-5.1123095,-0.47355035,-0.26415354,-3.1081917,-0.94601077,-1.917839,-2.9454777,-0.21805514,-1.4749422,-0.17341018,-1.9985653,-6.025246,-1.0026999,-16.868338
-0.054379135,-0.03070047,-0.61293316,0.2839838,-0.7130736,-0.47609472,-5.019638,-6.235202,-9.38316,0.20063388,-0.8080954,0.39209566,1.0613714,-15.816292,-1.734121,0.82927,0.20070568,0.5499371,-0.1002405,1.7072543,-3.5702431,-0.6118129,-1.7563833,-17.163454,4.6429696,1.0006455,-0.7016724,-0.16807394,-0.56108093,-0.21047997,0.5489329,-1.1625425,-1.1501069,-4.257168,-0.34109196,-0.04117919,-1.0586735,-0.32118276,-1.9906297,-1.9132494,-1.0099914,-1.3233217,0.37673983,-1.042577,-4.9927573,-1.4680343,-13.00114
-0.71404904,-0.24894702,-0.95805305,0.3246107,-1.775425,-0.43557075,-0.12804133,-7.3040605,-17.401913,0.41515005,-2.3866045,0.36266658,1.8248163,-14.863637,-1.2877175,0.777612,0.18050253,0.7913542,-0.48418635,0.3087362,-1.8639765,-0.9862993,-2.2455006,-17.329674,-0.75809747,0.08314972,0.05247771,0.0071637374,-0.11920772,-0.054284737,0.012757572,-1.5368425,-1.3772436,-7.4813795,0.1891289,-0.40712932,-6.6309876,-0.7075411,-1.0589355,7.0159273,-0.9042093,-1.0451722,0.14008525,-1.1385632,-3.3725014,-0.25698167,-12.892489
2.0139415,-0.06189861,0.27395216,2.0797656,-1.1022842,5.621078,2.8255887,-6.488149,-10.499278,-0.12903544,-1.7693439,0.1264166,3.3672853,-17.148289,-1.2474242,1.0937278,0.027484473,0.49513653,-0.08246749,0.9920361,-4.9347982,-0.054882355,-1.1969869,-19.641645,5.17662,0.21355173,0.59302044,-0.0020990125,-0.33999452,-0.73333067,0.20176074,-0.39111307,1.7222592,4.9714603,-0.5180539,0.18420388,-8.831721,-0.38494924,-0.7868542,-7.235899,-0.15150939,-0.7887698,-0.41810054,-4.0146174,-9.284007,-1.1679118,-16.438276
2.1099539,-0.23439112,0.3552081,1.2534885,-1.154251,4.9473815,2.3693807,-6.7570457,-9.882412,-0.6963476,-0.67636067,0.09411159,3.316674,-17.411554,-1.396403,1.3522557,0.11045202,0.54266876,-0.1718165,0.3994094,-5.0601654,0.3811172,-1.4738922,-19.216547,5.215202,0.2246063,0.27263707,-0.03717601,-0.5279722,-0.647179,-0.063980505,-0.31452826,2.215439,1.8828136,-0.096281104,0.0924694,-7.60934,-0.3068721,-0.9864849,-3.816797,-0.23976853,-0.65278834,-0.38760927,-3.441443,-10.229518,-1.1520232,-16.79257
2.07323,-0.23622556,0.257083,0.6702615,-1.136761,4.84386,1.051137,-6.921696,-9.167536,-0.85116446,-0.49572894,-0.00075356854,3.707169,-16.712746,-1.4442093,1.1437101,0.04675926,0.54727083,-0.13132331,0.017312447,-3.4386494,0.42282224,-1.3803003,-19.454624,5.651624,0.20507915,-0.13610946,-0.095430635,-0.19399536,-0.6812209,-0.06360648,-0.04489295,2.0036788,1.6064419,-0.43561178,0.025766822,-7.1318455,-0.34063455,-0.976849,-4.021239,-0.16655014,-1.3026137,-0.38762555,-3.1762805,-9.743768,-1.1436865,-17.026989
2.1003723,-0.19200423,0.24961005,0.6934279,-1.1458749,4.8455343,1.2199211,-6.889544,-9.148666,-0.9625338,-0.4994277,0.0013101405,3.703551,-16.916693,-1.4447023,1.1664475,0.04298526,0.5791645,-0.12905522,0.060839884,-3.6543655,0.4260576,-1.3866175,-19.456379,5.6358314,0.21007133,-0.122113645,-0.09908563,-0.13604349,-0.66634583,-0.12098016,-0.2698823,1.9585826,1.6174808,-0.40225276,0.0219153,-7.207198,-0.54526365,-0.7015584,-4.060662,-0.18867691,-0.66047025,-0.366031,-3.1727037,-9.793477,-1.0262479,-17.35607
1.186685,-0.22266059,0.26129073,0.3740756,-0.9609119,4.4860425,1.2734418,-6.8934426,-9.459128,-0.94087607,-0.72686064,0.010304022,3.7291255,-16.6853,-1.6228007,1.1568075,0.045720387,0.55383277,-0.14298151,0.15171285,-3.4841902,0.42041826,-1.4526186,-19.33512,5.120361,0.22568181,-0.18328054,-0.06058375,0.09266164,-0.6792534,-0.06788146,-0.16350749,2.0172503,1.6402179,-0.27175188,0.00012757686,-7.256893,-0.3015382,-0.7287633,-3.8933525,-0.17629689,-0.68835694,-0.36031854,-3.4359367,-8.059248,-1.1317624,-17.454973
2.1440349,-0.2965831,-0.07923561,-5.392546e-05,-1.2257276,6.056082,0.75613093,-6.901352,-10.286183,-0.8013458,-1.0821824,0.011961972,3.769899,-16.41961,-1.3724692,1.0334251,0.0124493595,0.6465838,-0.269711,0.044351224,-3.2035463,0.39711526,-1.1059496,-19.069048,5.8073835,0.13586408,-0.0954799,-0.070882775,0.16362606,-0.8070057,-0.17088635,0.19780563,2.565778,1.6770152,-3.3905582,0.11042885,-6.8493686,-0.29072094,5.30362,-2.4219692,-2.1023283,-1.3613164,-0.7370139,-3.7126381,-10.061722,-3.1056974,-17.65027
1.0683789,-0.17776144,0.09747691,0.36009118,-0.798246,4.253693,-0.24497302,-7.381233,-10.587588,-0.7401162,-1.6342813,0.100786224,3.368415,-16.093824,-1.7307401,0.5084885,0.02821638,-0.0053003426,0.02787535,1.546175,-2.5550811,-0.78646386,-0.7113676,-19.2384,5.0865026,0.19307539,0.86774707,-0.027276978,0.45768434,-1.046042,-0.021144168,-0.09324991,1.9410707,5.781335,-0.41592023,0.11660738,-7.438439,-0.47518763,-1.0286511,-5.679151,1.0465075,-0.36056158,-1.2032115,-3.5752313,-7.5850935,-1.1595919,-16.489712
0.87675244,-0.14227025,-0.20891193,2.4351544,-0.9387688,4.7501106,0.08180629,-6.805289,-9.283969,-0.81702936,-0.8794291,0.030537883,0.85349023,-15.157551,-1.5841011,0.9609098,0.024570571,0.614393,-0.20233819,0.1331723,-4.3038654,0.44454527,-1.3197972,-19.62653,5.0395,-0.2180198,-0.08959726,0.00644923,0.33325937,-0.74690366,-0.063888624,0.18298922,2.237378,0.94229585,-0.5078904,0.40626732,-7.655051,0.0031321119,-0.83271927,-2.1613889,-0.26354143,-0.53537846,-0.51530933,-3.2017834,-8.137257,-1.1555572,-17.320026
1.1906255,-0.19118312,-0.38125837,0.24907172,-0.9302579,4.89824,0.50833267,-6.531548,-9.648163,-0.82196814,-0.6900108,0.012179885,3.7570665,-16.524878,-1.6148723,1.0690407,-0.027266754,0.5742436,-0.20750591,0.029099658,-4.3690944,0.40365106,-1.2988049,-19.191935,5.140896,0.225342,-0.112279385,-0.03187807,-0.35666826,-0.72523934,-0.14586522,0.025703864,2.4522233,1.7204889,-0.47565544,0.25218365,-6.8404546,-0.40651253,3.5204864,-2.5619373,-2.095411,-1.2780455,-0.5650246,-3.2731507,-8.699771,-3.0977871,-17.240128
2.0967646,-0.09746198,-0.30888405,0.61371076,-1.1034478,4.0369577,0.4354494,-6.8700123,-9.531803,-0.8645906,-0.8713215,0.017785579,3.6417906,-16.747236,-1.3680918,1.0220009,0.06640193,0.6440974,-0.1997867,0.06862458,-3.7869742,0.37009987,-1.2401011,-19.106857,5.615443,0.18015055,-0.06847517,-0.031491775,0.30551267,-0.78836346,-0.15113951,-0.077910535,2.0141134,1.7558079,-0.31847712,0.209949,-6.97646,-0.24129409,-0.93010294,-2.529399,-0.21748494,-1.2759211,-0.42335278,-3.2051563,-9.845831,-1.1714988,-17.276321
1.9823444,-0.21601392,0.10311143,0.41633084,-1.2071316,4.6718626,0.641655,-7.5058703,-8.107371,-1.1249676,-0.4237335,0.15921679,3.9344819,-16.36322,-1.6373554,0.09411912,-0.14338449,0.5708205,-0.059816286,-0.32821462,-4.040607,-0.080076836,-1.3874152,-18.968914,4.7609086,0.19796023,0.5659742,0.008781119,-0.33043504,-0.7473831,-0.14913501,-0.20470148,1.6205671,5.7429433,-0.3422707,0.09516411,-7.1381574,-0.3323598,-0.80988675,-8.362714,-0.19339319,-0.66842014,-0.38687474,-3.230505,-8.595331,-1.1633973,-16.040771
1.2052697,-0.22385769,-0.080912165,2.0413294,-1.0861224,4.7977314,1.5487995,-6.940875,-8.068783,-0.7077765,-0.25641134,0.07428209,3.5861151,-16.941341,-1.5178139,1.0567367,0.042740315,0.33693582,-0.18612044,-0.3923562,-5.065724,0.43648264,-1.2646121,-19.798317,3.1918428,0.2712255,-0.23046564,-0.010500591,0.19592266,-0.6282655,-0.21222259,0.026759205,2.0306833,1.6023531,-0.33244056,0.12097142,-7.5637145,-0.52582103,-1.0592351,-3.930678,-0.14250754,-1.2658479,-0.365188,-3.2396352,-7.236115,-1.1039661,-16.393654
-1.6075819,-0.09080997,-1.9933565,-1.5042044,0.45614272,-3.881779,10.673508,0.6533756,-4.7521977,-1.7447102,0.78369844,0.017628815,5.6290464,31.868017,-6.0224104,-0.284715,-0.9717024,-0.15378404,-0.4392941,-0.86473024,20.397804,0.00069295627,-2.9531524,29.52054,-2.958579,-0.11848263,0.6564704,0.025471294,-0.2245216,-1.3463748,-0.2390269,-1.015531,3.2983441,-0.19140396,1.1275955,-4.9855413,11.921487,-1.082614,-0.26031205,3.7952282,-1.6996223,-1.7189962,0.51404864,1.9933093,9.9072485,0.28798887,19.351473
-0.37895322,-0.34186253,-1.6284435,-2.3143659,0.51408255,3.7789254,12.387144,1.8043292,-6.082988,1.6299092,0.64499843,-0.39579242,3.6309154,25.683949,-5.856347,0.47391528,-1.9037526,-0.038626187,-0.87652916,-2.0274682,21.569023,0.3100494,-3.6079085,31.983957,-2.9317715,-0.07703385,1.0049114,-0.18567924,1.5463715,-1.8520666,-0.7528202,-0.7412268,0.6903789,-2.209755,1.3943537,-3.9055858,12.545602,-1.2003758,-0.10993555,2.1732645,-2.6291337,-1.0215406,0.8005403,1.9835271,8.386998,0.18058856,17.740112
-1.770057,-0.016165521,-0.9589724,-1.6346552,0.19643182,-6.660294,11.531948,3.461445,-4.784519,1.5371916,0.38996196,0.107656024,5.973363,28.621603,-5.388999,-0.23284958,-1.0463443,-0.1446107,-0.78925633,-0.49051434,21.52159,0.07589958,-1.4796405,28.40686,-3.3456566,-0.2092618,2.5060503,-0.09879627,-0.20673822,-0.80413574,-0.01570377,-1.403745,0.06757129,-3.5475445,1.5453947,-2.6582963,12.768616,-0.7384274,-2.3370512,2.624,0.7223448,-0.4275788,0.1710656,0.8351335,8.999263,0.32580668,18.754055
2.3893769,-0.19255692,-1.7891376,-1.8206409,-0.23043063,1.7902097,14.087405,2.7276816,-5.185805,3.5661263,0.46831387,0.20927304,4.004115,23.170588,-5.4569206,0.06616156,-1.0829021,0.021451019,-1.3184562,-0.052544445,21.012205,-0.57242006,-2.2842526,32.687283,-2.484673,-0.20819087,0.7622143,-0.09380319,1.2788695,-1.4354922,-0.8410313,-2.611521,3.1230237,-4.173231,0.90742046,-2.7889686,12.344571,-1.3386341,-2.6840992,3.9971328,1.1257213,-0.7644821,0.12310585,2.271577,7.9616666,0.13572861,9.234855
3.7269907,-0.27403408,-2.0518982,-1.9548655,0.49031833,8.133476,16.399479,0.49102372,-5.057807,2.988464,1.2500805,0.56467855,0.08633198,17.826551,-4.4682255,0.02516673,-1.2041677,-0.046150256,-1.1872079,-1.0643767,21.071217,-0.10734853,-3.1989179,30.712406,-1.4983803,-0.3191398,0.4401183,-0.073897734,2.44296,-0.7119328,-0.7553458,-2.979398,4.982203,-0.28319028,1.9285305,-4.2326174,10.269474,-1.3175786,-2.6740375,5.6761255,0.012631787,-0.82520723,-0.19300401,2.1251628,5.0152287,-0.1492631,9.638106
2.3982172,0.08924754,-1.2956408,-1.0567107,0.13790944,0.95954883,14.833154,3.4433262,-4.375812,2.7477782,0.5640567,0.671828,2.6947339,19.044209,-5.1104326,0.41327277,-1.5661463,0.13074605,-0.46539715,-1.6990395,27.152676,1.6023756,-1.5326115,34.663803,-2.2672505,0.118225865,0.8099503,0.016165486,3.0177672,-0.92069983,-0.783133,-2.9954867,4.460435,-0.85945284,1.5685444,-2.3096645,-4.205956,-0.74603295,-2.734869,4.1750326,0.31759837,-1.497271,-0.19196887,4.342052,7.732914,0.089268796,8.022509
3.1874988,0.024772253,-1.9511651,-1.9959333,0.07642824,5.4265456,16.951181,1.3791049,-6.37193,3.6819239,0.8984288,0.30827162,0.63373584,17.991768,-4.5496225,0.08260272,-1.1157869,0.072304286,0.6319097,0.053317472,21.722399,0.4746462,-1.8650079,29.838406,-2.4704585,0.28914043,-0.038054332,-0.058157235,0.8592192,-1.2436273,-1.0740141,-2.5394256,2.999961,-1.4385445,1.3548654,-4.3814983,12.998676,1.4529189,-2.8862436,5.5313907,0.21528162,0.8290025,0.11133298,2.2189302,4.9691577,0.264885,6.743641
3.1205425,0.10968773,-1.8775828,-1.7908382,0.45209375,4.3545337,13.249569,3.4092646,-7.5453367,3.9787676,0.8259825,0.53178096,0.8022058,17.820082,-5.001987,0.595662,-0.870478,0.0005469667,-0.97195905,-0.4460138,21.679531,1.1840463,-2.2142491,34.69322,-2.9522004,0.13080008,0.5918191,0.04321827,0.27166596,-1.2905728,-0.8533735,-3.084077,4.5244823,-6.5837746,1.5798322,-3.0190048,14.261536,-1.1887919,-2.2012563,4.6867485,0.60325867,0.011635704,0.40626383,2.0369923,8.630296,0.4070944,6.4803443
4.653585,0.31866136,-0.91697824,-2.1106956,0.3914896,-9.581814,4.49157,5.317735,-4.9485717,4.088649,0.44059044,0.7628474,-0.81551415,16.447157,-7.247641,-0.17387189,-0.88381326,-0.14180997,1.022149,4.3209867,21.178343,-0.3382498,-1.7041903,28.179928,-4.396876,0.035354692,0.4385349,0.01526861,-0.023540119,-1.2156261,-0.30438107,-2.0949242,0.35452798,-9.259459,1.246789,-2.5588207,10.70621,-0.21670921,-0.120161794,3.635146,0.86726165,3.857908,0.62269485,0.8166808,5.9582343,0.3568177,5.008812
2.1499119,-0.079572484,0.2408169,1.661322,-1.0908343,5.2175627,2.794695,-8.19988,-10.57017,0.11727707,-1.8539324,0.099962085,3.2913334,-17.36961,-1.3521962,1.1332135,0.089792624,0.5647184,-0.13590106,0.32129136,-4.831332,0.28748012,-1.2770503,-19.687431,5.5341372,0.18825868,0.31114158,-0.056982152,0.2717076,-0.417303,-0.015362316,-0.30266854,1.5870975,6.0245905,-0.49782124,0.13194144,-8.3202095,-0.2732595,-0.938812,-6.8813133,-0.08271353,-0.4574131,-0.89269745,-3.8664284,-9.133342,-1.0574715,-16.46916
2.029913,-0.2026864,0.30964676,1.8737173,-1.076334,5.6719446,2.1903536,-7.739066,-10.9443865,-0.27354062,-1.9149961,0.056242738,3.2981987,-17.31006,-1.1393577,1.1327728,0.0651619,0.5523305,-0.07226641,0.72008485,-5.077422,0.07855467,-1.2871495,-19.79151,5.316603,0.20801184,0.5413441,-0.006368017,0.48159203,-0.788501,-0.20232323,-0.27615204,1.6379201,5.2206097,-0.26586327,0.16257578,-7.1655855,-0.23675632,-0.78380406,-6.79219,-0.11600859,-0.3907284,-0.43779868,-3.9813383,-9.281808,-1.1610631,-16.853844
2.0699656,-0.060412373,0.3183312,0.42572758,-1.1494647,4.692538,1.425751,-7.524132,-9.112668,-0.98061424,-0.50561184,0.007819871,3.7496853,-16.793268,-1.4482698,1.187136,0.097206675,0.55014366,-0.13205741,0.02978051,-4.290256,0.38884842,-1.4110018,-19.379412,5.6466722,0.20114523,-0.16095093,-0.028367808,-0.17651658,-0.6674603,-0.0673705,-0.055297744,1.938607,1.6502638,-0.40571186,2.182948e-05,-7.33129,-0.34671363,-0.7491715,-4.0514884,-0.20301677,-1.31939,-0.37598923,-3.2050078,-8.663238,-1.1451888,-17.035866
1.9214035,-0.09110731,0.38875675,1.9938017,-1.2047118,5.161408,1.2944859,-7.0265436,-9.849699,-0.58009034,-0.906938,0.023793742,3.5082328,-17.19322,-1.4499321,1.106374,0.032601766,0.60071427,-0.11198192,0.14259936,-3.841926,0.38942337,-1.319883,-19.76267,5.533091,0.20911524,-0.1538942,-0.03930457,0.10902125,-0.78384054,0.015861548,-0.3141135,2.0481548,1.7736183,-0.2834204,0.07434396,-7.6395836,-0.37813568,-0.7283774,-4.0034933,-0.22358342,-0.5914688,-0.3632111,-3.5839443,-9.9538,-1.1344222,-16.738665
2.086004,-0.33642888,-0.39367962,0.32434246,-0.9632372,4.172027,1.953092,-8.741597,-7.204103,-0.81098956,-0.8775646,0.10313476,2.9601245,-14.207419,-1.4886477,-0.47408062,0.06896502,0.6101306,-0.034174472,-0.34630162,-5.118017,0.4075882,-1.2363179,-18.794558,5.0641937,0.3323956,-0.2834656,-0.08619035,0.32188,-0.5140956,0.19138096,0.06466788,2.3003757,-0.571071,-0.7345457,0.26730314,-7.437184,-0.3379929,-0.7895111,-2.6480992,-0.31262034,-1.3495593,-0.08839764,-2.949653,-9.193337,-1.429274,-16.675978
2.1050906,-0.21574602,0.30396113,0.419282,-1.1997027,4.89837,1.26112,-6.9956546,-9.151257,-0.3835553,-0.5634391,0.084608436,4.1147723,-16.313326,-1.432574,0.09212026,0.08000212,0.58092755,-0.12703343,-0.02514218,-3.7005103,0.43779626,-1.6559622,-19.108759,6.005838,0.19565608,-0.24704796,0.027005991,-0.07508713,-0.66806287,-0.04836592,-0.3334822,1.6024417,7.170683,-0.35673857,0.14981486,-7.1049843,-0.30269304,-0.66107816,-8.324585,-0.1878077,-0.4833545,-1.0985415,-3.6927485,-9.678408,-1.1372355,-16.666117
-1.7513438,0.17482187,-1.0938044,-3.6207829,-0.20079073,4.624124,11.265968,2.636083,-3.8652768,-0.879242,0.56382,0.17890024,3.0679696,27.019915,-5.0784006,-0.6776699,-0.6923232,-0.20883127,-0.42344913,-0.36784953,17.802881,0.62587446,7.5069838,34.05596,-3.0036879,-0.5914165,0.94959074,0.073068224,0.44050282,-0.7385792,0.26953855,0.18594697,5.682662,-7.4284225,1.4903452,-1.0655949,15.784066,-0.43096012,0.93762344,5.385684,-1.847911,-2.1125584,0.51410675,1.5233315,9.698564,0.5715204,19.70648
-0.9916641,0.09752752,-0.7464417,-1.5320106,0.4865291,-9.370474,10.91974,3.9841835,-3.9369416,1.4177812,0.8836811,0.58856136,4.6303062,24.244055,-6.650204,0.055188045,-1.4585662,-0.019431502,-0.39641678,-1.0400957,21.438276,0.08839341,-2.1192734,24.730448,-2.7335436,-0.094191425,2.1374555,0.033467043,1.2677627,-1.1590831,-0.22001271,-0.48254216,4.0923038,-1.7506989,1.6970594,-1.8770118,13.32731,-0.5806415,-2.2965424,3.7207081,0.64940834,-0.6053235,0.26213637,2.555328,9.275624,0.45220506,16.628979
-0.80842686,-0.20071729,-1.4029152,-1.4475106,0.13810337,3.1193097,12.438395,2.4203997,-7.8610606,1.6726141,0.7309131,-0.05514432,2.5889695,30.475294,-4.629206,1.2623787,-1.3490881,-0.2677351,-2.077585,-0.26250944,21.325632,-0.38086146,-2.2889445,31.366291,-4.063421,-0.124963254,1.144168,-0.12875238,-0.21825539,-1.6597294,-0.16427197,-0.8174934,-0.53162843,-4.6847386,1.2700688,-2.3344553,12.51363,-1.1327232,-2.5258503,3.0337672,-3.2157502,-1.2332613,0.3449624,1.660844,9.3414345,0.13605471,18.712086
-0.6609759,0.37489304,-1.1847612,-1.4559098,0.38700563,3.2558787,11.264784,3.5195756,-7.104879,3.6066136,1.1325586,0.2953231,3.008146,22.055696,-4.388295,0.4516596,-1.034802,0.17286767,-1.4134433,0.9932327,26.645954,-0.022804638,-2.6660523,29.311441,-1.9504173,-0.5995827,1.9634632,0.012559228,1.4021147,-1.0923393,-0.57024,-1.3704948,5.654755,-1.2249961,1.884481,-0.431088,-2.836186,-0.77575344,-2.7070653,3.5222948,-1.2228049,-1.4645239,-0.07060451,3.99053,8.475023,0.12176519,12.430737
-1.3967329,0.11847763,-0.7283906,-1.503395,0.043611534,-11.029565,9.471226,0.87250197,-4.5228376,-1.7833527,1.2041279,0.55268204,3.9684782,26.852139,-6.930569,-0.09866237,-1.023042,-0.027625727,-0.43174005,0.49578902,21.509102,0.22176486,-3.0079827,26.932556,-2.9824557,0.21527804,2.5183384,-0.13161786,-0.07307505,-1.6219076,0.094976865,-0.8845943,5.6614084,-3.1314826,3.124101,-3.7378047,14.817487,0.5746153,0.76453465,4.5550003,-1.9431238,-0.595603,0.5192148,2.0378299,10.653444,0.83281434,18.582891
-0.04681453,0.3449424,-0.5573299,-1.0335083,-0.0075776316,-4.8572435,13.563406,4.7243924,-3.7911618,2.3405092,0.86822796,0.7128573,3.653283,25.955809,-5.3027563,1.5202521,-1.0710275,0.08020125,-1.1083484,-0.09549478,27.06071,0.62445366,-1.8912127,22.433126,-3.512881,0.04546575,1.9628394,0.09240474,1.7076892,-0.34627935,0.055722855,-0.7922791,6.668096,-4.332199,3.8074687,-1.8901329,-1.8393103,-0.7539259,-2.3390284,3.92909,0.776077,-1.5249467,0.029959746,4.2789626,8.468652,0.5151097,10.578869
1.3587997,-0.5882035,-0.99658084,-0.094334945,-0.5736609,-1.6817498,-5.4303155,-7.2025466,-6.9327044,0.4692085,-0.87361026,0.66021556,2.697041,-15.800006,-2.0026166,-0.08609134,0.18665822,0.35973468,-0.83920234,0.022466425,0.78796697,1.213732,1.2174073,-16.517221,-0.9950706,0.0027745778,0.14706008,-0.12676781,0.013426767,-0.56484485,-0.12765695,-1.2842337,-0.18898298,-1.3688136,0.12051697,0.3079949,-2.5110862,-0.67506117,-0.63848805,8.039873,-0.24464451,-0.45285186,-0.14592947,-1.1469972,-3.2374537,-0.6468637,-10.921955
-1.2148039,0.033346806,-2.8055594,0.26762444,-0.5057368,-0.03901105,-6.514047,-7.231602,-7.99727,-0.23585333,-0.41294032,-0.20841786,1.1068095,-14.02931,-1.1736715,1.1231824,0.451797,0.57914174,-0.54726994,0.5731875,1.2161287,-0.700046,2.0082555,-15.079428,1.4886787,0.1828533,0.37590244,-0.16299114,0.06888205,-0.7737998,-0.3328555,-0.54313374,-0.80144644,-1.4513987,0.89172405,0.3755845,-5.804951,-0.02986422,-1.0643532,-3.3585105,-0.37783515,-0.84562016,-0.4109838,-0.9419212,-5.572487,-0.6492959,-10.878512
-0.73914045,-0.11313061,-2.6113758,-0.034981746,-0.5363776,-0.14751737,-5.9033046,-7.323227,-7.009759,-0.16197006,0.07973432,0.4452391,1.6051048,-13.332848,-1.3097202,0.5715405,0.3247251,0.36614695,-0.5893973,0.47523057,1.0800579,-0.55439466,2.7275019,-16.73376,-0.27888414,0.6723078,0.15447593,-0.044334773,0.031373546,-0.4558876,0.014127436,-0.13423973,-0.93374,-5.560434,0.95485276,0.35143238,-7.002175,-0.18857771,-1.1774952,-3.9124188,-0.3602596,-0.9483191,0.46207026,-0.99243087,-2.4699225,-0.26883563,-10.439809
-1.4813921,-0.0775553,-4.8062596,-0.045979783,-0.510238,-1.6231209,-6.0974755,-8.682671,-5.3070045,-1.2534244,0.76690924,-0.36652267,1.6322091,-12.378366,-1.2114992,0.28871748,0.5779211,0.09893311,0.10744144,-0.22950628,1.1388602,0.17073593,1.8399838,-16.63589,-1.6551975,-0.021052092,0.11754166,-0.0610359,-0.039718922,-0.53861696,-0.025103522,-1.0296862,-1.4339062,-5.7105265,1.1438767,-0.016310396,-6.175436,-0.51728517,-1.0944245,-3.4762607,-1.190342,-1.8277048,0.30492857,-1.2055302,-2.5051277,-0.086497985,-1.0429475
-1.1555686,-0.26131943,-4.915268,-0.008789034,-0.5117471,-1.5355476,-5.8835363,-7.408204,-6.9266157,-0.21709609,0.085666046,0.4606722,1.7996277,-12.51995,-1.6151204,0.18502723,0.35823575,0.08131946,0.2986068,-0.4856852,2.3387847,0.09158584,2.565407,-16.075314,-0.829884,0.079325095,0.03251078,-0.034048695,0.0013432881,-0.5228052,-0.06454866,-0.3303361,-1.5639129,-6.933702,0.70448655,0.021517156,-7.4426217,-0.73223585,-1.2439035,-3.6603663,-0.11633776,-2.156718,0.1412338,2.9536967,-2.6303551,-0.1858261,-5.983186
-1.2555224,-0.46972743,-5.0956163,0.13325168,-0.24334274,-0.6578634,-6.4201245,-7.2859426,-6.6330223,-0.5879999,-0.37280023,0.49083808,2.1632252,-13.716482,-1.6162637,0.014422045,0.5141108,0.07275541,0.36206052,-0.33819652,0.99745315,0.19790147,2.520886,-16.608019,-0.24488531,0.061202694,0.19116285,-0.11259109,0.09909568,-0.47896567,-0.046112917,-0.523288,-1.5739505,-5.4588323,0.7095094,0.46645722,-6.528557,-0.68526715,-1.1882352,-3.4635084,-0.37281665,-2.046832,0.38279015,2.9800038,-3.9641345,-0.22095971,-6.250705
-1.0532448,-0.1973244,-3.032133,0.19244218,-0.31296843,-1.9190968,-6.9631114,-7.793237,-5.6844087,-0.97067434,-0.5446157,0.3189675,1.8956027,-13.115125,-1.1756519,0.098930605,0.34849572,0.81403095,-0.19453241,-0.42438617,0.7979637,0.15527608,2.1515386,-16.969585,-1.2026587,-0.13652314,0.21825303,-0.014130542,0.037886955,-0.6300043,0.3280563,-0.6130516,-1.6154404,-6.3847775,1.5197935,0.7891142,-6.8396087,-0.9988037,-0.90331703,-2.4222283,-0.28179422,-0.8836428,0.13361378,3.8385613,-2.4620304,-0.4004893,-9.5424595
-1.4183482,-0.5147061,-2.3752298,0.17443618,-0.48013288,-0.953686,-7.0055885,-6.848154,-7.467346,-1.0956184,1.3547454,0.4381894,0.7704962,-13.396825,-1.6521022,0.06268997,0.18513398,0.6511578,-0.3370198,-0.47403875,0.12160569,-0.051016517,2.47351,-15.225424,1.7564925,-0.5836725,-0.07028302,-0.13850655,0.070121616,-0.83617765,-0.09672561,0.17595364,-1.3408955,-3.2026937,0.8518696,0.70281065,-6.780469,-0.41016546,-0.5668816,-2.376956,-0.28657454,-0.9824795,-0.47367182,0.23882818,-3.4108305,-0.26342615,-10.506257
-0.91120297,-0.51684916,-1.0042909,0.103353664,-0.48318073,-2.1100528,-5.705425,-8.1087885,-14.667157,0.20041491,-1.0458932,-0.3068861,-4.053287,-14.146286,-1.3085313,1.1406062,0.097835325,0.29992563,0.33649844,2.063758,0.99493164,-0.971458,-1.8604174,-17.136309,1.8130736,-0.013768461,-0.052859522,-0.029975986,0.28624973,-0.5717427,0.53842574,2.0475562,4.352827,-7.241446,0.08116823,0.8756613,-9.81308,-0.84250057,-1.6050599,9.129722,-0.5006586,-2.0256534,0.14697659,5.1820064,-3.3935504,-0.5989663,-10.619082
1.0034659,-0.38583878,-1.7829565,-0.32993445,-3.921001,4.1103415,-2.8992288,-7.3099995,-15.061875,0.18103041,-9.08029,-0.61339396,2.2214825,-15.728699,-0.58172274,2.6744835,-1.918855,0.05980382,0.3303948,3.826828,-3.8071284,-0.100846425,-1.6692293,-18.570168,5.5722537,0.15305805,-0.15202354,0.030033365,-0.013041586,-1.1218845,0.088907085,0.68355685,3.9886017,0.24695742,-1.4195855,2.0084102,-2.3864853,0.2665329,-1.1414553,7.936971,-0.14206737,-0.2236896,-0.5638309,-2.2800808,-6.5517993,-1.031557,-16.492683
2.0828161,-0.26980066,0.19083668,0.64666635,-1.0856867,4.639177,1.1215454,-6.862231,-8.749605,-0.8563779,-0.7060124,0.009452589,3.7162542,-16.70357,-1.4530038,0.6359128,0.01427308,0.56166315,-0.1734767,0.023106929,-3.5338144,0.4416115,-1.3989377,-18.958055,5.5782237,0.21500103,-0.3134086,-0.0655852,0.04498822,-0.70370555,-0.20784009,-0.25836992,1.9461851,1.6809201,-0.4897328,-0.33406293,-7.3199387,-0.3330419,-0.91596526,-4.004955,-0.20779815,-0.72165114,-0.35229564,-3.180049,-9.254722,-1.0639513,-17.300558
1.1684563,-0.32720318,0.26992083,0.46401712,-1.1010834,4.517046,0.8638049,-6.750468,-8.3364525,-0.82642037,-0.46306455,-0.037595037,4.020186,-15.787853,-1.6575208,0.12141727,0.0027129687,0.54629713,0.1359703,-0.20953308,-3.1741135,0.50902706,-1.3935618,-18.803495,4.709588,0.2585894,-0.37327072,-0.056278914,-0.14158365,-0.65182334,-0.1796675,-0.11936435,2.175801,0.81475943,-0.647216,-0.22503643,-7.3318887,-0.29228526,-0.8861126,-4.1023483,-0.29815844,-1.3113306,-0.3851172,-3.3970196,-7.444864,-1.0826015,-17.023458
-0.8044772,-0.6315919,-1.0463618,0.7664593,0.044135388,-5.570119,-11.947503,4.326526,-1.5875849,-1.3556402,1.6746504,-0.89517367,-1.1393896,10.909205,-4.3199987,-0.28601444,-0.94408727,0.029546555,0.15192875,0.5400244,23.821522,-0.4837421,-1.039613,-6.6023707,-1.2829136,-0.5066848,-0.062214013,-0.10701075,0.4485218,-1.3231493,-0.16034344,0.7768693,-0.3918044,-7.5612793,1.0259064,-0.9161661,10.939302,3.5176039,1.4254336,5.306534,-1.4753047,0.2903396,0.7858279,3.134149,6.1517944,0.40821454,19.131638
-2.6943119,-0.0037396292,-0.012577919,-1.1010765,-0.19367184,-12.445307,-13.230477,0.1296726,1.3894207,-0.7034993,1.2397194,-0.6439846,-2.2401264,13.745022,-6.8534884,0.29159668,-1.5814146,-0.07387638,-0.38869724,0.51086104,20.531513,-0.5699851,-1.1735922,17.0093,-0.04268915,-0.4661401,0.29817942,0.048853796,-0.13626187,0.38232425,0.14928746,-0.77165526,-0.38188773,-8.78287,1.2395468,-2.665131,10.945437,3.069167,0.08955977,4.5643234,-1.9538321,2.4063861,1.3808929,1.9114103,6.062334,0.35331944,14.409246
-1.337816,-0.73481584,-1.1155074,0.62326014,-0.0782849,-6.222049,-13.813999,4.433084,-1.9315158,-1.2846355,1.6678414,-1.3483704,-1.0303133,14.477131,-4.3479757,-0.39938754,-1.373773,0.096845776,0.13516784,-0.5585054,24.155407,-0.5280554,-1.0093166,-6.559453,-1.1246871,-0.6736467,-0.0997152,-0.019188274,-0.123583734,-0.72063404,0.30924872,-0.5267961,-0.48561954,-0.772903,1.3105984,0.13617225,10.015012,3.0288177,1.3198714,4.1966267,-1.4588889,3.3411016,0.41256976,3.5558333,6.282274,0.2608687,15.825707
-3.7951946,-0.24091889,-0.22089687,0.3999517,-0.47791237,-14.224811,-14.905586,2.028764,0.46909425,-0.661527,0.9966924,-0.9093166,-2.4867628,13.490798,-6.148907,0.6436533,-2.2361124,-0.2683045,-0.62414014,0.40233177,20.512983,0.013278403,-0.021716146,19.350561,-0.18006293,-0.5407196,0.3033311,-0.29573217,0.016848471,-0.2451942,0.011180651,-0.5743724,-0.70204794,-6.295012,0.86916846,-1.4276308,10.322458,0.60592794,-2.3435867,4.802655,-2.0368614,3.759018,-1.0372876,2.1883395,5.5041676,-0.11433462,15.205752
1.798077,-0.082042195,-0.43335363,0.38207677,-0.5929445,-6.402311,-13.740767,4.820195,0.46929654,-0.48863915,1.6410584,-0.55836684,0.2548352,15.825197,-5.9876685,-0.035067786,-1.4680641,-0.07798021,0.3843016,-0.55401987,24.634872,-0.45679522,-1.0757486,-7.6209297,-2.9139724,-0.25536802,0.011595486,-0.5774284,0.05965376,-1.5940987,0.43589747,-0.73536426,-0.8944819,-1.4347563,1.1785603,0.14458583,11.599943,-0.90554243,1.0060346,2.9311998,-1.8674096,-0.40864652,0.6748553,3.3456886,6.151633,0.13015196,18.028183
1.3146977,0.0083979145,-1.9434555,-0.6768506,-0.5715757,-0.1455768,-6.382601,-7.831807,-9.595792,-0.61105263,-0.3241756,0.23504159,1.4749832,-13.869454,-1.4908639,1.0805794,-3.4995415,0.0792912,0.24226756,0.018919824,-0.5922117,-1.1484536,-1.6322763,-18.044104,4.3093295,-0.22991157,-0.33427972,-0.15355563,0.315574,-0.74090827,-0.1001794,-1.3891449,-1.5329496,-5.394154,-1.1703999,0.25581905,-7.4367375,-0.17892723,-1.5756937,-4.87292,-0.6769028,-0.96785533,-0.129107,-2.2834268,-5.97816,-0.7036394,-13.541485
1.0230416,-0.17628378,-2.33515,0.116562255,-0.42323148,3.2082372,-5.1208577,-7.3945518,-11.134827,-1.0207491,-0.33985394,0.1655402,2.1010811,-14.786929,-1.415984,0.95119864,-0.2021074,0.62164503,0.024512585,0.21199115,0.17382693,-1.0085074,-1.9862134,-20.397018,4.356508,-0.18638285,-0.48627347,-0.09060962,-0.034442212,-1.0861706,-0.1781535,-1.3814644,-1.266634,-3.6064348,-1.9762373,0.41011292,-7.930884,-0.0857095,-2.309138,-5.0287375,-0.9888141,-1.1828227,-0.19839737,-2.621875,-6.907575,-0.9485845,-15.324208
0.91549027,-0.1509114,-2.210274,-0.2844819,-0.5422389,-0.8169449,-6.8843226,-7.6284413,-9.8662195,-0.69224733,-0.34910455,0.06432914,1.0194229,-15.68154,-1.6188635,1.0665574,0.4297549,0.47152713,0.019182796,-0.26734686,0.5788612,-1.190199,-1.8022205,-18.392368,4.0543957,-0.044901185,-0.7586497,-0.16610175,-0.21356118,-0.88847464,-0.16622242,-1.476607,-1.5857049,-4.099761,-1.1254276,0.66328645,-7.8350325,-0.06345403,-1.4701563,-5.367822,-0.84428835,-1.0558954,-0.14983016,-1.4979929,-6.031251,-0.8685242,-13.077575
0.22138013,-0.4542361,-1.7674997,-0.87882733,-0.4960091,-0.5980022,-5.3013577,3.4725149,-15.2357025,-0.6589802,-0.29642203,0.53178793,1.4591082,-13.691233,-1.6464056,-1.1991063,0.31468633,-0.010947668,-0.24593167,-0.46479914,0.65973014,-1.2131004,-5.661984,-18.908995,2.8724403,-0.2795705,-0.6743602,-0.1695638,-0.38054627,-0.92037797,-0.2625267,-1.2627991,-1.6977513,-6.247728,-0.6020707,-0.8321422,-7.7310543,-0.30069128,-2.340889,-4.430647,-0.5428407,-0.8749386,-0.23950581,-1.638775,-5.3869505,-0.7950415,-11.273435
-0.08147527,-0.52343833,-1.3809807,-0.77148426,-0.5813688,-0.7672006,-8.972699,-7.5065784,-9.996049,-0.85925686,-0.368332,0.30276382,1.3967028,-14.783377,-1.5914328,0.6625031,0.54294837,0.133383,-0.09540578,0.53821284,0.90803677,-1.1297477,-1.871567,-18.44546,4.001592,-0.12701675,0.91482824,-0.1224676,-0.30777583,-0.8640028,-0.2284042,-1.2479713,-1.5090398,-6.364354,-1.0265362,0.12625423,-7.913578,-0.45117086,-1.7827294,-4.9002542,-0.76910955,-0.8982419,-0.23605846,-1.5535861,-4.095938,-0.8225365,-12.591908
-0.56161845,-0.20930195,-1.9204955,-0.23375846,-0.83464164,2.831208,-8.222764,-7.6545377,-10.455664,-1.2353495,-0.40718058,0.40779564,2.0556145,-13.962489,-1.609202,0.9565692,0.43721375,0.39852694,-0.049180776,-0.2671733,-0.12752445,-1.0209199,-2.0543177,-20.452187,4.1140666,0.16024713,0.6641786,-0.108910285,-0.13781214,-1.1694419,-0.25856543,-1.1895777,-0.83116376,-3.5498915,-1.6032652,0.3282231,-8.152151,-0.38316163,-2.3257487,-4.558236,-0.5375658,-1.1892191,0.17755714,-2.8705034,-3.9800708,-0.5436513,-15.087151
2.110743,-0.26993668,0.27529266,0.6677336,-1.0907154,4.642908,1.0636697,-7.0268216,-9.418673,-0.8542489,-0.71810573,0.008281471,3.7119703,-16.741194,-1.4478208,1.1675816,0.027923277,0.5916973,-0.14928511,0.017768571,-3.6363037,0.4585729,-1.2323163,-18.958494,5.4688973,0.20934038,-0.22940914,0.018618094,0.2293528,-0.80905,-0.08099586,-0.27254277,1.9241748,1.6501666,-0.5021966,-0.35261622,-7.3333755,-0.32039258,-0.83846414,-4.02459,-0.20054305,-0.59823775,-0.35926098,-3.1973667,-9.257146,-1.05793,-17.328468
2.0799778,-0.21673407,0.2660069,0.66923994,-1.1318847,4.943553,1.1200105,-6.9147434,-9.913405,-0.9727519,-0.7178974,0.007908051,3.6934195,-16.751726,-1.4451822,1.187495,0.026095308,0.5681332,-0.11257657,0.013770343,-3.6541312,0.46696913,-1.4066224,-19.346806,5.8789144,0.19680473,-0.16623859,-0.077427626,0.019217545,-0.66753024,-0.055341862,-0.28179806,2.044751,1.6235565,-0.32303488,0.0074011413,-7.21097,-0.34781718,-0.70201445,-3.9695082,-0.18143943,-0.6621208,-0.37799186,-3.183237,-9.823514,-1.1318741,-17.29196
2.0790493,-0.20379163,0.25960672,0.6708744,-1.1279022,4.9552026,1.1070551,-6.8804474,-9.670587,-0.95378053,-0.70655715,-0.0036140478,3.682086,-16.825453,-1.4499083,1.1639057,0.038196962,0.555903,-0.14263919,0.05984281,-3.4690742,0.42879745,-1.4085634,-19.33122,5.8997946,0.19762197,-0.1514697,-0.023018014,0.03055386,-0.8512132,-0.08626659,-0.080588706,1.9472774,1.6472726,-0.26684448,0.01268322,-7.1835856,-0.33632717,-0.7049072,-4.0821853,-0.1816919,-1.2780601,-0.38785133,-3.1744525,-9.78808,-1.1419443,-16.969948
2.0176299,-0.0088457,0.28890407,0.6480126,-1.0166825,4.9937534,4.1151175,-7.0224752,-10.60823,-0.095691964,-1.2106707,0.021625519,3.762628,-15.818896,-1.4529676,1.2089036,0.12769261,0.54954344,-0.12848595,0.077862814,-4.6295485,0.44598323,-1.3003968,-19.307047,5.1326437,0.212706,-0.13151796,-0.15417756,0.3105126,-1.444064,-0.19797137,-0.44478205,1.9862627,1.6879531,-0.40351647,-0.023358045,-8.56718,-0.2883209,-0.7656585,-4.723967,-0.10815605,-0.21557413,-0.38512963,-3.44523,-9.832429,-1.2822065,-16.747185
2.112018,-0.18955876,0.33101976,0.70527846,-1.1388676,4.965289,1.6169052,-7.3405333,-9.079386,-0.83383256,-0.547191,0.14240746,3.8158474,-16.96363,-1.4212039,1.0859442,0.04599059,0.56370527,-0.15863591,0.019486506,-3.6527112,0.40513712,-1.4626383,-20.110542,5.9569173,0.24196133,-0.1191898,-0.06725209,-0.4151968,-0.073742725,-0.037009314,-1.1332042,-1.1747714,1.5760394,-0.26366273,0.057082172,-4.982862,-0.35642096,-0.591137,-3.6189108,-0.0032629536,-0.9721009,-0.7328835,-3.7704017,-9.778886,-1.0091202,-16.397385
1.0605977,-0.29742834,-0.101278104,0.61770284,-1.1825155,5.047663,1.2400818,-7.285582,-9.305851,-0.804464,-0.6577914,0.10755704,2.4780252,-13.184813,-1.5657643,1.061593,0.12441658,0.563879,-0.19629197,0.07413656,-3.6777835,0.38205892,-1.3705015,-19.791475,5.4970546,0.2593741,-0.101857804,-0.30038488,-0.39326718,0.11323622,-0.12700713,-0.114886835,1.5995526,-0.66920435,-0.5689789,0.028059538,-6.918883,-0.27310815,-0.8247393,-2.4284394,-0.22448589,-1.2802918,-0.42250207,-3.4596186,-8.045672,-1.1147774,-17.691381
1.1658596,-0.25669283,0.23894306,0.41345546,-1.3383933,4.1797085,0.5707696,-6.6467423,-9.151489,-0.9249011,-0.4187388,0.013370342,3.7870424,-16.819283,-1.6413778,1.1547956,0.049057595,0.55206704,-0.13684474,0.040734015,-3.442382,0.38941723,-1.4768566,-19.203314,5.124816,0.2242462,-0.18783462,-0.2569338,-0.3223449,-0.71246535,-0.06344031,0.045335032,1.8676729,1.6424114,-0.4741055,0.22024627,-6.795762,-0.31803367,-0.7374817,-3.6026464,-0.19287989,-1.38535,-0.356,-2.8893642,-8.159917,-1.145855,-16.979544
1.992178,0.0011658822,0.43335247,2.654424,-0.47961682,7.0282097,3.6570385,-6.277921,-11.153561,-0.03684906,-1.8690499,0.08947563,3.27708,-18.116632,-1.1354356,0.49142736,-0.07235062,0.3288051,0.053199403,1.5350261,-6.6691647,-0.5375883,-1.070744,-19.709656,5.2172585,0.16991939,1.23157,0.03516809,-0.1925796,-0.81525433,-0.025359824,-0.8887548,0.9345041,6.386939,0.31077203,0.1078798,-8.105981,-0.34866056,-1.1103642,-7.3996816,0.56291175,-0.19211619,-1.2461662,-4.2114873,-9.389643,-1.169972,-18.256243
0.8903008,-0.3397617,0.17258655,0.36334848,-1.0114188,4.810968,1.3452744,-6.8008056,-9.192599,-0.920438,-0.5010425,0.0094520105,3.7104268,-16.7851,-1.6412958,1.1651167,0.047077134,0.54923207,-0.11960562,0.030707197,-3.3142862,0.3830688,-1.4343672,-19.498573,4.930889,0.21587668,-0.16284645,-0.30066043,-0.43145055,-0.69454515,-0.06872203,-0.26445118,1.7426888,1.5994167,-0.37304538,0.035004266,-6.979251,-0.31672338,-0.70477915,-3.7834942,-0.18632104,-0.69380504,-0.38257736,-3.1732655,-7.6410728,-1.1353744,-17.230106
-1.9712546,-0.20970197,-0.29937938,-2.3934848,-0.791212,0.23623918,13.050786,-9.235803,-2.354995,-0.11921947,0.43166417,0.23196425,0.4539772,18.76968,5.359807,-0.4034959,-1.7301434,-0.22488827,-0.672854,-2.4093196,24.404455,-0.95801204,14.019586,31.629751,-4.200127,-0.92172015,0.25770348,-0.09581815,-0.008880484,-1.229208,0.15758778,-1.5132504,-2.1209037,9.020135,0.44215018,-3.2029734,17.42342,-0.042635057,4.6688585,4.2737727,-0.96924734,2.4045346,0.7203417,2.397629,9.542307,0.14751858,17.0027
-1.7373523,-0.014454764,-0.1828044,-3.8891134,-0.24170208,-10.018857,0.6831032,5.154798,-2.9943807,-1.1058128,1.0590848,-0.14920145,2.5547807,22.18936,9.4034395,-0.5339505,-1.9002727,-0.20004112,-0.4420879,-1.3486025,17.073738,-0.3710492,7.6927176,27.008022,-5.689398,-0.6678682,1.4428393,-0.18076654,0.012099562,-0.054339595,0.032291498,-1.0018363,-0.73880196,-2.164199,0.33116442,-2.2710516,14.055465,-0.15707345,3.6161826,1.6279877,-1.4176148,-0.008831793,-0.87309176,2.0221534,8.21422,-0.13356993,20.014896
-1.7373523,-0.014454764,-0.1828044,-3.8891134,-0.24170208,-10.018857,0.6831032,5.154798,-2.9943807,-1.1058128,1.0590848,-0.14920145,2.5547807,22.18936,9.4034395,-0.5339505,-1.9002727,-0.20004112,-0.4420879,-1.3486025,17.073738,-0.3710492,7.6927176,27.008022,-5.689398,-0.6678682,1.4428393,-0.18076654,0.012099562,-0.054339595,0.032291498,-1.0018363,-0.73880196,-2.164199,0.33116442,-2.2710516,14.055465,-0.15707345,3.6161826,1.6279877,-1.4176148,-0.008831793,-0.87309176,2.0221534,8.21422,-0.13356993,20.014896
-2.4922788,0.31446686,1.7182206,-1.8888351,-0.27429137,-15.798927,-4.1254287,4.339454,-3.275941,-1.5925931,0.83905715,-0.13773517,2.1633763,24.882486,8.370802,-0.92952424,0.57812244,0.034072705,-0.53063184,0.40644538,19.294498,-0.48374033,7.3198185,31.009808,-3.4245296,-1.1366321,1.4711456,-0.26971462,-0.30840155,-0.46220043,-0.0061040204,-0.700419,-1.1598313,-6.5516644,0.39744332,-2.146388,13.981154,-0.289308,3.274169,7.633894,-1.6025333,2.4145746,-0.9458159,1.6337407,7.864929,-0.3008923,16.739452
2.2580614,-0.25908747,0.06549417,0.37672317,-1.0949211,4.443,-0.039180987,-6.766399,-9.690694,-0.76407826,-0.9155062,0.07151448,3.4695697,-16.143246,-1.4165076,1.2682084,0.0172772,0.6391047,-0.20082586,0.39865005,-3.1777942,0.34280118,-1.3384466,-19.045456,5.2436266,0.26179552,0.41605648,-0.05742282,0.29371893,-0.79252106,-0.031645954,-0.21736881,2.276383,1.888806,-0.18671364,0.12491255,-7.478309,-0.3220103,-0.9542571,-3.6608138,-0.26049834,-0.8273798,-0.5398447,-3.3413413,-10.353773,-1.142171,-17.126173
0.8494392,-0.25449038,-0.034064885,-0.04976722,-1.034417,3.8581672,-0.15873855,-7.7377563,-6.2086825,-0.7652959,-0.43832362,0.07750715,2.8142934,-13.793087,-1.8210205,0.074864686,0.07304686,0.5712057,0.034891248,-0.60465837,-2.7759874,0.91900134,-1.6458578,-18.656193,3.785444,0.18112828,-0.30677637,-0.0560959,0.04583254,-0.43510872,0.1908027,-0.6097113,2.0885189,-0.7709642,-0.5593992,-0.2470734,-6.844013,-0.3754077,-1.2499355,-4.181399,-0.3544545,-1.3957902,-0.34027204,-2.3427246,-7.8130465,-1.3831115,-14.746613
1.0238025,-0.20654586,0.094757326,0.033632018,-1.2698483,3.8212306,-0.105298236,-7.523281,-6.3178673,-0.77397054,-0.43209067,-0.19715132,2.3113787,-13.629161,-1.9408549,0.011624185,0.21078724,0.30167764,-0.051145226,-0.56207347,-0.17678878,0.79339826,-1.752408,-18.714231,3.208565,0.013163248,-0.5082444,-0.049498804,0.06401485,-0.35937244,0.24491656,-0.86322045,2.1803586,-1.2944916,-1.6888517,-0.5311669,-7.0614543,-0.35600013,-1.1688771,-3.4229028,-0.46693957,-1.397886,-0.20149449,-1.992906,-7.466349,-1.1146555,-14.457366
1.0625839,-0.11327172,0.39580673,1.265724,-1.1002189,4.7276845,0.6050559,-6.8155828,-9.599148,-1.0366693,-0.73443466,0.014740787,3.6628506,-17.326036,-1.6336981,1.1594895,0.082078464,0.61504716,-0.12131571,0.083875865,-3.707322,0.436961,-1.2653259,-19.187523,4.8608446,0.21226795,-0.21191087,-0.037905682,0.09541709,-0.7795628,-0.07892121,-0.30495575,1.9336839,1.6186466,-0.3919489,0.2418401,-7.5225425,-0.72316366,-0.991373,-4.1143374,-0.19062914,-0.31668118,-0.3387237,-3.0430694,-7.963766,-1.0804764,-16.803532
2.0122337,-0.20729423,0.24085405,0.65468955,-1.1298949,4.921143,1.1357694,-7.097995,-9.5860195,-1.0164092,-0.72213894,-0.0078090103,3.6838477,-16.784956,-1.4192808,1.17866,0.04492826,0.6033353,-0.1352508,0.057437416,-3.717447,0.43651178,-1.2689972,-19.258564,5.585624,0.20443463,-0.15032324,-0.0069118016,0.16592167,-0.873739,-0.07337157,-0.28416693,1.9491259,1.6222295,-0.31997603,-0.008413819,-7.1282477,-0.3477966,-0.84873736,-4.1824956,-0.20132233,-0.5305531,-0.3926446,-2.927383,-9.8676405,-1.0633082,-16.7434
2.184218,-0.23337744,-0.3493905,0.77102894,-1.2070659,3.8001637,2.4647198,-8.828319,-6.581833,-0.9539145,-0.5905784,-0.5790063,3.1230159,-14.586605,-1.7156165,-0.15398315,0.18843798,0.42592552,-0.02502131,-0.61656624,-4.6714478,1.1126438,-1.5223292,-18.74763,4.2437873,0.041155703,-1.4863831,-0.0076568127,0.21758293,-0.36206347,0.34164298,-0.7548308,2.2264595,-1.0822347,-0.871301,0.11839957,-7.460393,-0.062123857,-1.0869592,-3.090517,-0.40630695,-1.5068563,-0.11913729,-3.264008,-8.59329,-1.542594,-15.216198
-0.79402405,-0.23023897,-0.6052503,-3.0264766,0.35313904,22.673878,8.557538,20.579247,10.273523,0.32170036,0.9927466,-0.27275315,-0.2768117,22.32417,0.54111475,0.78193605,-1.1956295,-0.1733639,0.06708479,-1.5468436,22.19747,-1.4431231,4.4382544,26.618343,22.59787,-0.5480431,1.9173341,0.013453419,-0.11266672,-0.13449588,0.051745906,-4.6064835,-3.1947696,14.130069,2.482729,-2.4344563,20.754284,-0.38102105,-1.2797531,15.144542,-2.368227,1.7991773,2.4924326,3.5271697,9.240691,1.1268977,25.608234
-2.237502,0.10265889,-0.46328333,-4.888004,0.5545343,1.3888116,-6.6565495,4.928566,-4.0501842,0.5737054,1.0257473,-0.12009666,-0.8209685,25.3242,-4.46962,1.3656431,-1.5024632,-0.05077369,0.82105917,-1.8107065,19.464317,-0.83779645,-1.2215619,28.590515,15.115584,-0.47970077,1.7655923,-0.025664061,0.11227667,-0.31177622,0.11016049,-1.3504341,-1.0761824,1.5121218,4.0711846,-3.3732498,17.58303,-0.58465016,-0.8584263,24.173481,-3.0771015,2.3406606,-2.9524105,2.69188,9.78764,0.33395216,18.962814
-1.4194478,0.71205616,1.9932966,5.207445,0.57548404,9.265239,8.552931,18.887749,-1.1128536,-0.21962394,0.7004079,0.13411258,-1.2836515,24.913645,-3.473688,2.0261,-0.46557286,-0.31018403,-0.1256862,-1.2723887,20.016762,-0.23305939,6.3287473,33.8375,18.190025,-0.47029576,1.8778014,0.22803083,0.16347714,0.8023487,0.23158804,-1.4779592,-0.7249896,5.78875,4.2125125,-4.0420275,19.06745,-0.40118194,-0.42031777,17.305435,-1.794082,6.2195053,-2.6127338,0.696515,10.224533,0.4417348,20.854126
-2.6783094,0.087326825,-0.31741646,-5.7744174,0.42482367,6.455775,10.057696,38.177273,2.6960185,-0.14111026,0.34420627,-0.5490882,-0.5788834,29.01321,-4.2227926,1.4375659,-0.105984844,-0.8217622,-0.532298,-2.727901,19.526316,-4.6950355,2.6589723,32.10173,16.735844,-1.3902241,2.1361036,-0.0002964748,-0.09859697,4.068422,-0.408383,-0.79462856,-0.9745696,3.9688234,5.2325706,-2.959023,18.121225,-0.5973911,-0.22467753,17.525614,-2.4018564,5.996251,-1.6745839,0.9570952,10.25808,1.0395046,23.227169
-7.04792,-0.31014022,-1.5932016,-3.2110908,-0.057488192,-14.152828,1.4176276,3.5623786,-6.7456384,-2.1390827,0.5856834,-1.0219921,-1.7045112,5.07934,-8.849972,0.13027233,-0.7228805,0.13041912,-0.1721484,-0.85535717,21.073492,-1.0162205,-3.3214967,14.226463,-4.1477847,-0.9710271,-0.45714575,-0.19784302,-0.13585584,-2.0817697,-0.01956913,-1.3586531,-1.4476248,-9.551796,1.0235503,-6.052442,11.228384,2.6376019,-3.0866263,2.3132484,-3.2739487,0.28083518,0.25525025,0.2818757,5.6533265,0.28679737,1.9888979
-7.413627,-0.08007866,-1.0855073,-3.9440162,-0.364991,-14.252518,1.2224847,3.72101,-6.367594,-2.086608,0.6329561,-0.9138099,-1.7240334,5.2840586,-9.274243,-0.44837818,-0.7594002,0.15306535,-0.2065112,-0.5280881,21.693764,-1.0635839,-3.0584455,14.570618,-4.1980677,-0.46412706,-0.46528685,-0.2639373,0.029622247,-2.2239118,0.20307843,-1.6011279,-1.25657,-9.190578,0.45807067,-8.076806,10.126119,2.9421468,-3.004789,3.0219333,-3.5944886,1.4886732,0.3343222,0.45380136,5.736086,0.35959303,1.4357325
-7.446801,-0.28920993,-1.0314585,-3.8548875,-0.2875146,-13.859216,1.0720667,3.755742,-7.204662,-2.1904755,0.81998855,-1.3994758,-1.6507577,5.8123984,-9.333074,0.6801488,-0.6971824,0.14023176,-0.49803585,-0.80106944,21.085657,-0.8389996,-3.14142,14.296598,-4.3800316,-0.651595,-0.43426993,-0.30913332,0.15010628,-2.2023046,0.035889722,-1.3835815,-1.7366105,-9.532412,0.63499147,-8.052148,10.8144655,3.2422264,-2.5469558,2.7201455,-3.6288176,1.5952911,0.31165597,0.37665465,5.7477665,0.3377472,2.1789649
-5.476446,-0.16561313,-0.9227018,-2.932153,-0.8602307,-8.472646,-1.7072953,5.5106688,-3.255468,-2.4127135,1.1224943,-0.7908543,-1.9137359,9.105584,-8.569429,-0.5397697,-0.6541093,0.12437728,-0.54074705,-0.20812687,23.844057,-0.57405466,-3.192655,-8.99689,-4.865531,-0.6953836,-0.44981936,-0.08458443,-0.23095389,-1.6747229,0.048110325,-0.8563429,-1.1442655,-9.033925,0.91424084,-5.4329576,9.880563,3.9549882,-3.080548,3.6724803,-3.4138436,2.487694,0.43665954,1.3775818,5.9155746,0.2704697,0.44518912
-6.472295,-0.519862,-0.9313738,-3.5568519,-0.31687063,-13.038198,0.3261431,5.8506646,-3.462768,-2.0557725,1.0610867,-1.1460615,-0.84503245,-5.0306306,-8.866737,1.152193,-0.33998546,0.74065197,-0.32347366,-0.8025505,24.804588,0.9879917,-2.7191176,15.755483,-3.7021508,-0.6713762,-0.66405916,-0.23842846,0.2951909,-1.1102023,0.11333859,-1.0077333,-1.5928473,-7.682097,1.1468433,-7.991624,-3.4075065,4.5915217,-3.3936973,7.8198404,-2.1029446,3.2333515,0.5672097,2.0991967,5.819431,0.2605108,3.068996
-4.6265435,-0.23259223,-1.619327,-3.4050906,-0.85140896,-8.32279,2.3314607,6.4558268,-2.847416,-1.8164301,0.78941125,-1.4824136,-1.0588183,-1.119152,-8.857346,-0.7245437,-0.36783183,0.56043166,-0.49031845,-0.71277606,25.767448,-0.054470558,-2.728611,-8.730923,-5.386946,-0.8505263,-0.7534312,-0.2883383,-0.3088658,-1.9271106,0.10899918,-1.2697667,-1.8412527,-6.9504595,0.67881465,-4.7105465,11.65939,4.767227,-2.789117,8.424977,-2.92111,2.2872567,0.29788697,-1.7322814,6.065032,0.36835876,-2.264056
-7.472491,-0.04884921,-1.084289,-3.4755752,-0.7536639,-13.430952,-6.489478,3.5696554,-0.96482676,-2.1028109,0.9100707,-0.9736308,-2.3861723,9.875966,-10.315581,-1.19905,-0.8134486,0.03837439,-0.3209022,-0.3835091,21.20166,-0.28882977,-3.7643106,14.537025,-4.2327876,-1.4090726,-0.61651903,-0.491963,0.014562261,-2.450317,-0.22975108,-1.506977,-1.7931116,-10.463493,0.30881554,-3.6521516,10.6097355,2.9524608,-4.970151,2.849818,-3.2357812,2.6743283,-0.3266231,1.3682232,6.736677,0.08386665,0.10145354
-6.7965603,-0.3734996,-2.5503309,-3.9733362,-0.53703755,-14.792657,2.0172594,5.214268,-6.544369,-2.4784615,0.71696186,-0.76872903,-2.9434972,-2.9677546,-9.544642,-0.052699156,-0.35282993,1.5017895,0.027955204,-1.152662,22.651087,-1.303224,-2.672891,14.463269,-4.7580433,-0.6863856,-0.5693293,-0.57576054,-0.16707888,-2.1532757,-0.019620806,-1.4313295,-1.8416649,-8.088867,0.24336927,-7.040251,11.282404,3.143947,-3.078317,7.92977,-0.47435176,0.2002382,0.16335584,0.8386129,5.7150373,0.33105347,0.26111674
-6.3327947,-0.17807087,-2.4280162,-2.3672574,0.13888595,-13.027156,9.129798,5.379494,-3.9457572,3.2835166,1.0061904,-1.2371716,-3.1458366,-7.549215,-3.7955804,-0.99635607,-0.3200279,1.666401,0.4980929,0.30454558,2.2180336,-0.8651421,-2.4142127,-9.793791,-3.6267452,-0.7479431,-0.5438821,-0.08231731,-0.34277844,-1.4305123,0.24308531,-1.5631245,-0.98370993,-8.567708,1.9168772,-2.349297,16.632942,-3.3429103,-2.37911,5.90967,0.20218714,-0.51664543,0.3793531,2.673166,10.683723,0.45786074,8.460445
-7.207564,-0.91024345,-1.6581396,-3.121042,-0.017981738,-16.617586,2.2950017,3.9639318,-6.0792456,-1.0816453,0.90105194,-0.628384,-1.4502498,-3.578701,-8.759384,0.2683497,-0.38938212,0.16180219,0.2456703,-0.5851498,21.05693,-0.056073274,-2.6115308,18.46499,-4.446463,-0.8601564,-0.84332025,-0.14404456,0.03248414,-2.1060338,0.053606745,-1.6395756,-1.1524876,-6.886204,1.6864587,-7.2977557,12.373943,-3.4952068,-3.5361187,6.912754,-2.8772843,0.9384632,0.32466424,1.5739226,4.4171534,0.22218382,0.8862213
2.097233,-0.2166607,0.24057582,0.6681655,-1.1302092,4.960518,1.1728293,-6.900067,-9.661927,-0.96331745,-0.7163172,0.009404802,3.6838384,-16.793371,-1.4422692,1.1651907,0.04189948,0.5549544,-0.13455725,0.049188085,-3.634415,0.42204365,-1.4142724,-19.349407,5.863258,0.19846429,-0.1405388,-0.035867207,0.039156813,-0.6763929,-0.074256584,-0.24860577,1.911134,1.6145108,-0.34915516,0.014060534,-7.201638,-0.34806818,-0.7573095,-4.0447145,-0.18272403,-0.66295904,-0.36569205,-3.1839333,-9.791137,-1.1393399,-17.282032
2.0948677,-0.21287802,0.2570366,0.6682018,-1.2293105,4.9605813,1.1966841,-6.897961,-9.701579,-0.96569383,-0.71833205,0.018333774,3.6832151,-16.791252,-1.4453402,1.1441164,0.04637739,0.5498544,-0.13524108,0.051335853,-3.6534393,0.42211962,-1.4239826,-19.345522,5.905979,0.19906734,-0.1399089,-0.04222371,0.039094426,-0.68101317,-0.073312595,-0.28518888,1.9153421,1.6218536,-0.3187971,0.014180598,-7.2033176,-0.3456399,-0.76184255,-4.0450997,-0.18066499,-0.6589632,-0.36029202,-3.1860569,-9.796717,-1.1333675,-17.350883
2.099704,-0.21637577,0.24145442,0.66784346,-1.1299309,4.9605813,1.2087682,-6.9001546,-9.693961,-0.9644287,-0.71726805,0.009877727,3.684605,-16.791313,-1.4422721,1.1639469,0.041332424,0.5544049,-0.1354059,0.047342848,-3.653035,0.42258906,-1.4150906,-19.353636,5.865343,0.20156293,-0.1413236,-0.035915077,0.038894035,-0.677056,-0.07432914,-0.28118777,1.9109919,1.6271037,-0.3202199,0.013353347,-7.205173,-0.34791988,-0.70662385,-4.04374,-0.18168572,-0.66010743,-0.36029202,-3.1843853,-9.794571,-1.1390367,-17.315832
2.099559,-0.21634439,0.2406412,0.66793776,-1.1299309,4.9605813,1.1730742,-6.900049,-9.661603,-0.9639773,-0.7163172,0.009178455,3.6848173,-16.791382,-1.4427512,1.1651907,0.0417652,0.5543924,-0.13471963,0.049188085,-3.653035,0.42202938,-1.4142075,-19.349407,5.862837,0.198389,-0.14138278,-0.035914075,0.039112,-0.677056,-0.07432914,-0.24910665,1.9109919,1.6270127,-0.35345715,0.013002105,-7.2016983,-0.34792358,-0.739935,-4.042682,-0.18272403,-0.65922344,-0.36669612,-3.1839333,-9.791206,-1.1390367,-17.283878
1.811473,-0.18653604,0.31598008,3.404279,-1.2641741,5.264126,2.9151747,-6.719195,-9.567151,-1.0713574,-0.99396855,-0.005353083,3.4920917,-16.325573,-1.4409333,1.127766,0.13094299,0.5070787,-0.13538997,0.001102724,-4.816987,0.38200146,-1.3611313,-19.614569,5.830753,0.12910733,-0.2009944,-0.06322744,-0.06814525,-1.3217208,-0.24793978,-0.2825414,1.9442369,1.428637,-0.2445362,0.009735787,-9.35533,-0.36228114,-1.2038645,-4.4031844,0.011067248,-0.56407905,-0.42107671,-3.0672693,-9.757841,-1.1464068,-16.522032
1.9728682,0.09216659,1.0090076,1.5226109,-1.2254683,5.426704,4.870692,-6.5061984,-11.577263,-0.24222857,-1.8330642,0.07104407,2.6858733,-17.344944,-1.3888059,1.3119833,0.58231634,0.52962077,-0.100701116,0.6872438,4.3621936,-0.65452266,-0.6235215,-19.860947,5.408189,0.20092972,0.7819171,-0.05636654,0.384193,-0.94801,0.035407376,-0.46290082,1.5945266,5.941098,-1.1222864,0.17424142,-7.7515507,-0.31704733,-0.79912627,-6.494517,0.59455156,-0.20860747,-0.5139666,-4.770949,-8.824186,-1.1759273,-16.062716
2.1188672,-0.0075652925,0.1957243,1.6267326,-1.1645894,7.2490172,2.6490717,-6.6264553,-11.575602,0.013130103,-1.3126962,0.08437759,3.1264966,-17.296478,-1.1803137,1.0906801,0.040023103,0.49204323,-0.094202794,1.3806434,-4.7653337,0.052270517,-0.96126276,-19.393026,5.333373,0.23247026,0.6805149,-0.011282629,0.24932654,-0.9070029,-0.09088283,-0.34176254,1.7641442,1.5392549,0.04567615,0.16944517,-8.340432,-0.28794825,-0.9501022,-4.4146028,-0.16467573,-0.39727274,-0.40798214,-3.3468058,-9.30396,-1.0297145,-18.75913
2.1229923,-0.09441692,0.3625114,1.989603,-1.2392297,5.322955,0.30476913,-7.988438,-11.028778,-0.6424507,-1.4232776,0.10426094,1.8717725,-17.594688,-1.4877434,1.1271182,-0.00067783054,0.55152977,-0.2204047,1.5081521,-4.261912,0.49802843,-0.96773005,-19.042309,5.8295765,0.23672056,-0.3474626,0.0061048134,0.13850158,-0.89949614,-0.106722124,0.12841365,1.9342221,2.0239928,-0.088745475,-0.2164721,-7.3614683,-0.34783223,-0.74516004,-3.8959937,2.8516715,-0.66781664,-0.5053428,-3.602075,-9.071576,-1.1552595,-16.801737
2.2341304,-0.17122252,0.28039354,1.6327103,-1.2138999,5.387575,1.7666067,-8.508441,-9.7862425,-0.80956566,-1.1295085,0.08736598,2.285063,-17.782988,-1.5232168,0.786914,-0.014766039,0.64689255,-0.2180017,1.334747,-5.16689,0.34055215,-0.950592,-18.931696,5.359676,0.23675196,-0.28047746,-0.0031754754,0.29322934,-0.93830764,-0.040630963,0.20205474,2.1223204,1.0440294,-0.06307125,0.40447178,-7.5161386,-0.39357445,-1.2245201,-4.3005943,2.835958,-0.52599674,-0.45787504,-3.014584,-10.314615,-1.1484089,-17.522736
1.333195,-0.17983821,0.47768128,0.5121459,-1.0556848,4.0480843,0.3534477,-7.2397494,-8.768538,-0.68684566,-0.32425728,0.10676299,2.9149494,-14.158523,-1.6856838,0.047562834,-0.24911748,0.43487123,-0.005543405,-0.40473154,-3.1459203,0.94167584,-1.5575542,-18.033699,5.7268653,0.31743103,-0.3476141,-0.034702376,0.11820418,-0.5772721,-0.07002609,0.17357986,2.3901644,-1.6476024,-0.6231249,0.18429226,-7.1827183,-0.09926979,-1.016769,-4.1685414,-0.49565455,-1.25135,-0.4450824,-2.7158139,-8.4343815,-1.0677816,-16.667639
2.0460885,-0.20185623,0.38209242,1.6746747,-1.1966665,5.093532,1.0694275,-9.155526,-9.655121,0.16838603,-1.1049503,0.10018745,2.5960743,-15.514376,-1.4826174,0.14129211,-0.034558315,0.5508578,-0.041234933,0.31204775,-3.6109972,0.32103452,-1.203672,-18.897997,6.1497965,0.11851262,-0.20638524,-0.059919316,0.31327945,-0.92601496,-0.1888543,0.09786391,2.041782,-0.2959946,-0.45931366,0.26272961,-7.4236836,-0.2952146,-0.69682825,-3.9794185,-0.18922009,-0.22385101,-0.45677486,-3.1705112,-9.258562,-1.1226528,-16.564234
2.2431564,-0.18150999,0.3297609,3.302622,-1.1772579,5.515116,3.2522519,-8.461943,-10.149871,0.067771256,-1.2584441,0.020310301,2.5349526,-14.017916,-1.4432775,1.0936328,-0.009093209,0.6881739,0.014069611,0.040214468,-4.3256907,0.38384885,-0.51997906,-18.98773,5.579173,0.18820342,-0.11962479,-0.00025020578,0.16386959,-0.9631048,-0.14105175,-0.37674078,1.9336556,-0.7398395,-0.2501809,-0.11320631,-8.420363,-0.25495902,-0.83770955,-5.1498036,-0.38490635,-1.1570258,-0.55029666,-3.454949,-9.9378,-1.1285192,-15.900116
3.3625367,0.057189487,0.14878902,4.2920938,-0.07125898,7.1645756,3.177793,-6.445608,-12.326485,0.5755178,-1.5137384,0.094575986,3.3020232,-15.88007,-1.1949208,1.1311283,-0.021652741,0.18087272,0.088555805,15.556649,-4.7555766,0.0075033605,-0.3961767,-19.298986,4.905589,0.17073256,0.5943972,-0.00013508809,0.42519966,-0.932767,-0.026702303,-0.33881178,1.6644357,2.2490437,0.061203457,-0.032505456,-7.2426972,-0.14982443,-1.1200272,-4.344056,4.797111,-0.26545158,-0.5890875,-2.8282192,-9.440403,-1.1746494,-18.549189
1.282024,-0.12574361,0.0531753,-0.0740356,-0.9929908,2.651207,-0.45660296,-6.3777933,-8.213028,-0.9538747,-0.8242672,-0.013589036,0.9980937,-5.2845793,-1.60052,-1.543241,0.08661533,0.25117937,0.0804779,-1.5403647,0.6477353,0.48605934,-1.8831295,-15.843251,8.534221,0.34682456,-0.5548372,-0.079634905,1.283444,-0.72683966,-0.12187491,0.5666603,2.7920692,-1.2656885,-1.5579944,0.4064551,-6.8998137,-0.32072127,-1.6717476,0.16411445,-0.70671886,-1.279424,-0.24524659,-3.6209972,-8.03733,-1.1889738,-15.084744
1.3477317,-0.33439437,-0.22413352,0.55225474,-0.92750186,6.603027,-2.0670233,-9.034049,-0.48753414,-1.656002,-0.2861344,-0.14033814,0.020975487,19.37774,-2.49059,-0.38193548,-0.7217814,0.17090298,-0.01634966,-5.491021,-0.5929203,0.6267343,-1.6070691,-15.408144,10.27755,1.5034559,-0.37950394,0.0650982,1.6069385,-0.6240366,-0.14822362,-2.1533117,-2.0407352,-5.083,-1.483159,-0.79081655,-6.2123003,-0.45895252,-0.8215586,-3.8438213,-1.7442057,-5.955317,-0.9147487,6.7864437,-7.212597,-1.6708103,-8.423026
1.5657907,-0.19957267,1.045773,-0.18015692,-0.47124216,2.642794,-3.3263743,-5.87957,-1.3791528,1.7817887,-0.35264817,0.25519568,4.7730207,-11.352575,-1.219721,1.4088564,0.22417216,1.2194494,0.16624412,-0.55505913,1.2300518,0.21849756,0.38707083,-15.033377,1.8157357,0.23714177,-0.5516274,-0.13903666,-0.27985823,-0.5645029,0.5612081,-1.5024759,-1.1565758,-0.22965224,-0.10996431,-1.0700791,2.6075392,0.29412314,-0.82801116,-2.620896,7.150912,-0.79844403,-0.012679325,-2.3741705,-4.3826013,-1.2613117,-9.795799
1.8740642,-0.02638935,-2.2919865,-0.31827438,-0.8507714,3.3194683,-0.9955587,-6.816725,-4.2178807,1.9849952,-0.48074403,0.8403471,3.834432,-12.747251,-0.98613703,1.9009451,0.2938012,1.1245179,0.18773797,-0.35932904,0.049088765,0.06372142,0.21777631,-13.972386,1.3301008,0.41651684,-0.57727885,0.021886712,-0.19779788,-0.49135438,0.54575664,-1.1985008,-0.9966061,-0.9002603,-0.28507295,-1.3895186,11.617295,0.81856364,-0.6511188,-1.2273892,8.175208,-1.0370779,0.08347032,-4.733873,-3.6293778,-6.0084214,-9.435713
1.9800739,-0.41311014,-2.235818,-0.32357824,-0.85874796,4.1794114,-1.8570902,-6.789591,-6.1942377,2.0777447,-0.3508174,0.6376024,3.542232,-12.560542,-1.2362742,1.7873755,0.4414529,1.0397643,0.23670492,-0.40860128,0.3830481,0.25096875,0.47283965,-13.898786,1.6625552,0.26392856,-0.6310758,0.017076818,0.12806146,-0.41426936,0.64705557,-1.2633175,-1.1326674,-0.35455272,-0.67550087,-1.8103015,11.850289,0.38692728,-0.6656788,-2.770737,7.9905624,-0.93104744,-0.13350068,-5.1998763,-2.6270432,-2.251493,-9.96827
1.9221308,0.23433825,-1.5401343,0.28318876,-0.326354,2.4993947,-3.2654812,-5.501908,-1.2863512,0.92586017,0.24967015,0.6856799,1.6596923,-11.865205,-0.51381755,1.737581,0.7562179,1.4091702,0.30101886,-0.75272727,1.9398854,0.67777586,0.4946852,-14.378849,0.99766177,0.2269357,-0.55985415,0.051714055,0.022671163,0.24429424,0.7445983,-1.1248162,-0.49743688,-3.4807653,-0.99065644,-0.32273674,1.0641828,-0.007156549,-0.649753,-2.311565,7.8193645,-0.63325477,0.20116083,-1.7941998,-2.41822,-1.285758,-10.020237
1.9610521,0.18266,1.2232232,-0.43977603,-0.4906781,3.6765013,-4.7884693,-6.543853,-0.64684886,-0.15973821,0.69819576,0.5062521,3.9777658,-11.96388,-0.6219089,1.6351624,0.6383628,0.4405904,0.23719655,1.2356535,2.0483463,0.72610116,-0.26753497,-15.056245,2.3278582,-0.0046861665,-0.7313824,0.055242013,-0.031115094,0.436011,0.8397449,-0.56759137,-0.35745284,-2.1192343,0.3452309,-0.6678454,2.5219035,0.40121052,-0.85246104,-1.6110924,0.9284429,-0.7488015,0.01897328,-2.2018104,-3.4996748,-0.49976248,-10.591811
1.5520093,-0.06701178,-1.2177185,-0.065066025,-0.59600806,-0.17232017,-6.886004,-6.294002,0.8159031,-0.55966634,-0.1329563,0.14725648,1.3605994,-13.353263,-1.4616042,0.6163333,0.13934931,0.37509403,-0.28695652,0.7706991,0.2645062,0.06729946,-1.3825405,-15.822345,-1.4618036,-0.19772047,0.35214898,-0.3322286,-0.48851967,-0.1582869,0.33326203,-0.8810997,-0.17332982,-4.4777904,-1.0485647,-0.8324175,-1.9490399,-0.2590629,-1.3093203,6.8760138,1.3738112,-0.9544989,-0.005284036,-1.1070321,-1.1264659,-0.7939877,-13.411162
2.2909253,-0.14838919,1.001951,0.07050852,-0.26004335,3.022038,-4.797082,-6.5387335,-3.21642,-0.63217485,-0.29637557,0.33255723,2.8040116,-13.359838,-1.1864125,1.0555446,0.115623705,1.336292,0.12332835,-0.40780258,1.1096908,-0.4311818,0.31230193,-17.91717,-1.580407,-0.021609247,2.5609124,-0.074542016,-0.14189747,-0.4151666,0.4159031,-1.1262114,-1.1163404,-2.3637645,-1.0850419,-0.8321803,-1.7919791,0.19360825,-1.1131203,-1.1800231,7.798273,-1.3181198,0.25599122,-1.6596566,-0.75414145,-1.272198,-11.042292
1.7043136,-0.17514737,0.42735463,0.061774604,-0.84953195,6.993544,-4.1862698,-6.5852346,-0.19720952,-0.41444802,-0.32363257,0.105144925,3.3188877,-13.507879,-1.4794775,0.7049303,0.43111265,1.1027565,-0.122562736,0.34805787,1.787408,0.16273093,-0.44437334,-16.369251,-1.513734,1.2831426,-0.68950176,-0.08029719,-0.083523296,-0.31485415,0.38653243,0.0031627156,0.44707128,-4.443013,-0.08546548,0.014808942,-2.6878319,-0.0072548194,-1.2146834,-1.2861513,7.8765182,-1.1081053,-0.32148162,7.6868253,-2.6541333,-0.5836418,-11.259979
1.9400395,-0.052090872,1.4302787,0.8633565,-0.3339744,3.6421053,-2.8903003,-6.524931,-3.3690517,-0.46160644,-0.3946629,0.6214433,2.0901175,-12.949615,-1.2599715,5.688778,0.20653988,1.2547177,-0.083356895,-0.32771382,1.2794673,-0.31976238,0.28330347,-17.629648,-2.0782087,0.052314833,2.4591732,-0.018566413,0.33935735,-0.22908494,0.13954476,-0.4849162,0.44743416,-0.7523566,-1.0670499,-0.21878803,1.5420407,0.05330741,-0.98000056,-0.13231331,8.293421,-1.0632006,-0.36442462,-1.7154068,-1.3182487,-0.947252,-12.599439
1.368842,-0.113052405,0.69065243,0.028530587,-0.6721173,4.618581,-2.5268579,-6.3806252,1.7058927,-1.0143331,-0.4608149,-0.08563967,3.7025907,-17.606731,-1.5843892,1.1510392,0.07697285,0.35906717,-0.3168408,0.16611874,2.8804924,-0.016412806,-0.8927993,-17.409027,-1.1650534,-1.4145418,-1.2222649,0.014813398,1.6018398,-0.8071917,-0.20568934,-0.7540619,-0.3897173,2.2824132,-3.257802,-0.106843404,-4.7392335,-0.5491958,-1.0080074,1.6589931,-0.4610048,-1.2447907,-0.10339076,7.5422573,-0.52066684,0.0011751647,-13.391767
0.909803,-0.41849473,-3.2995272,0.03148152,-0.7663216,-1.7101854,-7.244461,-7.662315,-8.144177,-0.5836139,-0.911751,-0.66609806,2.0530884,-15.258852,-2.2219803,0.38763458,0.17488642,0.3656261,-0.76982856,0.2582488,0.32211792,0.041697226,-1.7692109,-17.887508,-1.2017741,-0.1201036,-0.36975256,-0.17593431,-0.26675215,-0.9853091,0.32114974,-1.7031837,-2.6635156,-9.413926,0.25857285,-0.9872046,-6.6225157,-1.6888984,-0.8432708,-3.4119296,-1.2492031,-0.9651762,0.2396974,-0.16309927,-2.2325077,-0.37638313,-7.4927964
1.2422817,-0.22373682,-1.8526295,-0.12736997,-0.62469596,0.074935004,-5.1834993,-8.046837,-8.681944,0.083701745,-0.5459283,-0.7254825,1.2242417,-16.750671,-1.3333507,0.9130358,-3.254839,0.71130496,-0.29515305,0.40200117,-0.82685626,0.71157956,-1.9646245,-17.669142,3.7855814,-0.10258949,-0.73602504,-0.01653022,0.10521079,-0.9692829,-0.27329376,-1.2678465,-1.027494,-4.8452253,-1.5176088,-0.10360471,-6.9638247,-0.5566583,-1.591071,-3.986213,-0.4380876,-1.1080617,-0.12115278,-1.311561,-5.891079,-0.58766204,-13.116234
1.236856,-0.19527137,-3.595714,-0.12101933,-0.6720333,0.053228606,-5.238474,-8.077154,-9.241281,0.09559449,-0.790581,-0.7593044,1.1581314,-16.5077,-1.377377,0.94843537,-3.2768078,0.7856584,-0.19891208,0.50720143,-0.28143546,-1.2357239,-1.9264799,-17.866173,4.554472,0.13958383,-0.7126274,-0.07576204,0.072179966,-0.9523736,-0.29142907,-1.2648629,-1.0601363,-4.905194,-0.6543448,-0.10263368,-7.0907264,-0.6196174,-1.7921062,-3.8303888,-0.49106115,-1.101638,-0.116609626,-1.2018417,-5.894404,-0.5916432,-13.1876135
1.2035747,-0.29316586,-3.7530906,-0.17775105,-0.72718465,0.02643287,-5.1319776,-8.145548,-9.394425,-0.095150605,-0.855099,-0.81306344,0.6099093,-15.615229,-1.5302162,1.0298215,-3.1840973,0.7445798,-0.20207009,0.48336747,-0.0041119643,-1.0986253,-1.9420956,-17.79025,3.8784916,0.060489096,-0.7973937,-0.03970769,-0.009789347,-0.9423156,-0.28463742,-1.3661814,-1.2343508,-1.4852442,-0.7274648,-0.3430412,-6.93174,-0.72138387,-1.9292401,-3.8205843,-0.53781015,-1.1379151,-0.14899625,-1.0367213,-6.309432,-0.59447414,-13.391107
1.2408979,-0.22169615,-1.8593606,-0.1291523,-0.666792,0.03948145,-5.242841,-8.072572,-9.252052,0.09029536,-0.77920926,-0.75571424,1.0934002,-16.639008,-1.3904465,0.9128742,-3.2876282,0.78422236,-0.20089474,0.50515354,-0.87583333,-1.2357844,-1.9252188,-17.858843,4.5038095,0.10055639,-0.7087062,-0.041249238,0.07855893,-0.96600264,-0.29317963,-1.2639196,-1.0620551,-4.857772,-1.3814448,-0.10952437,-7.134302,-0.6203567,-1.7965562,-3.9117148,-0.49131286,-1.1009147,-0.115818225,-1.1991646,-5.921492,-0.5907935,-13.183751
2.099704,-0.21637577,0.24145442,0.66784346,-1.1299309,4.9605813,1.2087682,-6.9001546,-9.693961,-0.9645289,-0.71726805,0.010707813,3.684548,-16.791313,-1.4422721,1.1639469,0.041332424,0.5544049,-0.1346034,0.047342848,-3.653035,0.42258906,-1.4150487,-19.353636,5.865343,0.20156293,-0.14123201,-0.035915077,0.038894035,-0.677056,-0.07432914,-0.28118777,1.9109919,1.6321546,-0.32825267,0.013821551,-7.205173,-0.34791988,-0.70662385,-4.04374,-0.18168572,-0.6565994,-0.36029202,-3.1843853,-9.794571,-1.1390367,-17.315832
2.099704,-0.21637577,0.24145442,0.6681455,-1.1299309,4.9605813,1.2087682,-6.9001546,-9.693961,-0.96445185,-0.71726805,0.0099999,3.6848173,-16.790972,-1.4422697,1.1639469,0.041332424,0.5549669,-0.13455725,0.047342848,-3.653035,0.42258906,-1.4151555,-19.353636,5.865343,0.20156293,-0.14047961,-0.035915077,0.038894035,-0.677056,-0.07432914,-0.28118777,1.9109919,1.6201212,-0.32092836,0.014006056,-7.205173,-0.34791988,-0.70662385,-4.04374,-0.18168572,-0.65936863,-0.36029202,-3.1843853,-9.794571,-1.1390367,-17.315702
2.09713,-0.23057537,0.24081236,0.6679358,-1.1303546,4.9605227,1.1726612,-6.8999767,-9.670588,-0.96312517,-0.7163172,0.010893591,3.6845195,-16.793781,-1.4406613,1.1410145,0.041922066,0.553806,-0.1347606,0.05053565,-3.6344004,0.42201617,-1.4141263,-19.388535,5.8611746,0.19951159,-0.1413846,-0.035919562,0.03915941,-0.6763233,-0.074198335,-0.24854577,1.9121373,1.628819,-0.35288402,0.01305791,-7.1988373,-0.346313,-0.6722323,-4.057789,-0.1827582,-0.6599926,-0.36491793,-3.1847432,-9.790987,-1.1393399,-17.283022
3.243556,0.008179739,-0.6677169,-1.3803841,-0.29353887,12.089007,1.2361426,10.959217,-3.8758163,-1.0570437,0.57972443,-0.048931617,-1.1019485,25.603415,7.0795302,-0.34906146,-0.6808458,-0.09442213,-0.6607251,4.614922,-0.18528602,-0.17011729,-1.5364186,30.763824,-2.9138758,-0.48745167,0.05880601,-0.012968009,1.0115691,-1.2388711,-0.23831461,-1.6581064,-2.5253427,8.329705,1.1597306,4.1887684,17.918362,-1.3281538,2.2769635,5.594173,-0.10494367,-1.6189476,0.6407914,4.62838,11.480071,-0.21549992,26.42109
2.126092,-0.13355798,0.25278857,1.6583052,-1.1004118,5.146566,1.7535806,-7.551655,-10.426394,-0.32344288,-0.8998439,0.07172414,3.3795595,-17.694221,-1.3629167,1.1106635,0.089921534,0.5129369,-0.111122824,0.43469545,-4.893814,0.20954213,-1.3017216,-19.767544,5.795359,0.19328463,0.3918785,0.028956685,-0.032161098,-0.66593885,-0.114520654,-0.21166518,2.07007,2.0328474,-0.1741329,0.09254237,-7.7168956,-0.2992421,-0.7905344,-4.075572,-0.10603377,-0.6336468,-0.40594366,-3.648762,-9.315603,-1.1688813,-16.576326
2.121944,-0.07272419,0.3221303,1.9038191,-1.1848149,5.629551,2.1958945,-7.6427865,-10.408161,-0.33645144,-1.9178462,0.06457402,3.3329833,-17.316044,-1.1796998,1.115269,0.06876862,0.5534904,-0.073500045,0.7227341,-5.0931506,0.03243227,-1.2637229,-19.792866,5.406454,0.20408003,0.5453867,-0.056936547,0.15724078,-0.79829633,-0.19562152,-0.27353263,1.620361,5.229522,-0.19029725,0.16414052,-7.321872,-0.2902144,-0.85126245,-6.839372,-0.112142675,-0.6013311,-0.46757695,-3.9772992,-9.270468,-1.1606152,-16.985357
2.0470088,0.1372928,0.39259592,1.2387977,-1.1042811,4.8183703,2.4768245,-6.942944,-11.288037,0.07978108,-2.1210935,0.016668163,3.224239,-18.626457,-1.4070185,1.1770152,-1.4301124,0.26124898,0.3056713,1.6643405,-4.523661,-0.91741407,-0.54387975,-19.859266,5.502238,0.104069285,1.541371,0.026219154,0.40422082,-0.93786573,0.0146432165,-0.468644,1.2930194,6.2808657,0.8667362,0.32505152,-8.003862,-0.34667572,-1.0683765,-7.2304435,0.71948254,-0.23027287,-1.2545954,-3.9118755,-9.372205,-1.2514799,-16.204645
2.1588743,-0.07729103,0.30315045,1.2181778,-1.2431152,4.949659,0.6965138,-7.4909296,-10.253785,-0.84096384,-1.7969561,0.08599347,3.4167826,-17.270384,-1.3676636,1.1632067,0.027832903,0.5870043,-0.2498108,1.6273353,-4.050971,-0.89999783,-0.7729978,-19.340696,5.660369,0.19522177,0.48144037,0.010805322,0.175786,-0.8440855,0.05509419,-0.77713555,1.5198759,6.3739023,-0.20400897,0.4845269,-7.2857604,-0.35906562,-0.7021666,-6.603056,0.21442783,-0.28866497,-1.0502037,-3.8960898,-10.449127,-1.1719807,-16.551104
1.265756,-0.23294187,0.33174804,1.6704031,-1.1807693,4.7495503,1.0278468,-7.4291067,-10.614439,-0.34572154,-0.56077164,0.1145441,3.491513,-17.323921,-1.7498846,1.1601739,-0.023684578,0.67961687,0.0718709,1.5560241,-3.9363158,0.11456139,-1.2347798,-19.839848,4.8599715,0.23648378,0.3695663,0.02099866,0.22999173,-0.8137202,0.00836499,-0.40085578,1.8656803,6.7581396,-0.25756484,0.44409785,-7.35046,-0.37968695,-0.9275498,-8.4797945,0.4863364,-0.39506978,-0.93674433,-4.222898,-8.719545,-1.1877773,-17.03942
1.3690267,-0.26302624,0.3118256,0.63675326,-1.1176249,4.727224,1.8996154,-7.1878333,-8.9588175,-0.9695758,-0.62955505,0.062330317,3.8607855,-16.512487,-1.6469709,0.36532632,0.13583641,0.48164898,-0.14064518,0.3591204,-5.2226114,0.41994607,-1.5638956,-19.136099,4.99485,0.24763218,-0.24479888,0.0031136002,0.032439135,-0.37002853,0.11959231,-0.8096977,1.6795083,6.625679,-0.2408718,0.37781864,-6.9369855,-0.33756328,-1.0975907,-8.611223,0.06604502,-0.6870327,-0.8236165,-3.766927,-7.9329844,-1.0526694,-16.729559
1.2036219,-0.2185247,0.09442369,0.47885758,-1.0159068,4.6689916,0.53066665,-7.157934,-9.21701,-0.6493551,-0.38815513,0.1518243,3.8095121,-16.642855,-1.7031183,0.97008115,0.022692628,0.56032085,-0.1465169,-0.0726393,-3.755319,-0.009161738,-0.9627438,-19.38112,4.367736,0.30607814,0.6521916,0.024059495,-0.30150253,-0.25446877,0.13729645,-1.0366516,2.2813578,1.5513124,-0.32659826,0.23604102,-7.14514,-0.3302299,-0.81436175,-4.0540066,-0.32279718,-1.321399,-0.4546683,-3.0909593,-8.088356,-1.0707735,-16.391785
2.1147013,-0.19806978,0.35354823,2.256385,-1.0734049,4.651114,0.78715986,-7.2878857,-9.566763,-1.0472782,-1.6160479,0.06106837,2.5946858,-17.514975,-1.388102,1.0980117,0.018329207,0.59409595,-0.12639394,0.22843258,-3.6628125,0.37979972,-1.4667586,-19.60048,5.5824,0.23064856,-0.55193514,-0.04755036,0.18156613,-0.43776277,0.028393637,-0.46962965,1.6325635,6.4763613,-0.38772073,0.65055984,-7.5325665,-0.28147542,-0.8374345,-6.580682,-0.08757772,-0.52935106,-0.86384636,-3.5028443,-9.845836,-1.0128727,-16.653229
2.155889,-0.16686915,0.49299344,2.5395014,-1.2035798,4.7412395,1.4861764,-7.6697764,-10.306379,-0.99816537,-1.5692611,0.054787375,2.6604924,-17.236439,-1.3544773,1.1035963,-0.0057270587,0.57605934,-0.3609465,-0.026996572,-3.998483,0.5983475,-1.3574919,-19.566303,5.916462,-0.2936867,-0.5316051,-0.08130404,0.42783082,-0.5338967,0.02870109,-0.31465262,1.68057,6.6499524,-0.24622427,-0.22056726,-7.7626557,-0.29524177,-1.1557952,-6.47692,-0.17753181,-0.039791897,-0.74473554,-3.0895977,-9.796531,-1.0651913,-16.771732
1.9064049,-0.25740254,0.41350648,2.4960415,-1.17363,5.498873,2.1072485,-8.257716,-6.453869,-0.43378767,-0.58186674,0.014192323,3.9748452,-18.773857,-1.7095942,-0.15654884,0.020891862,0.61072695,0.14371943,0.31888276,-5.2696433,0.37544197,-1.3248693,-19.74602,4.599521,-0.23257208,-0.4708786,0.0033302335,-0.7330553,-0.8666492,0.025129613,-0.42409974,2.3505714,6.95564,-0.8643296,0.9814334,-7.5360584,-0.24495566,-1.0725764,-9.520659,-0.90962297,-0.6366615,-0.7584415,-2.3137605,-8.858054,-1.1804231,-16.287683
2.3328304,0.101886034,0.12030586,3.7120821,-0.29954496,7.4226327,4.229482,-10.692022,-11.478951,0.22441423,-1.8977659,0.17722338,2.4565232,-17.691093,-1.2324367,1.276812,0.07738918,0.4204066,-0.2381516,0.15909393,-5.951293,0.09883438,-1.1406504,-19.616917,5.1033087,0.1329995,0.14445816,-0.10927637,0.37434274,-0.92881024,0.14846304,-0.25165418,1.7528728,6.341873,-0.34305358,1.6513605,-8.865517,-0.27288064,-1.2791029,-7.2779994,0.040658277,-0.1644274,-0.866501,-4.085368,-9.405683,-1.20548,-18.521744
0.8763113,0.2881142,-0.151485,1.3314713,-1.0395666,7.2622137,2.871587,-6.930967,-9.438327,0.55155706,-0.9903415,0.21401057,2.56551,-12.663891,-1.8848193,0.021299956,0.13278474,0.5960204,-0.007394927,-0.4573191,-4.049385,1.1148707,-1.2504079,-19.178171,4.86481,0.046354216,-0.3545554,-0.00347918,0.1261532,-0.7458301,0.07977868,-0.22309612,2.4160807,-0.46360922,0.13806982,0.08939661,-8.474033,-0.22999139,-0.42404726,-5.2000923,-0.92025894,-1.0376942,-0.26218063,-4.3090143,-8.095961,-1.0431937,-18.140251
-1.4291853,-0.13387771,-1.5461752,0.8401775,-0.8637868,-4.8885202,-6.0071135,-9.416374,-3.6803896,-1.2022915,0.58641464,0.4574829,-1.0278189,-8.747136,-9.048452,-0.27584463,0.06216959,0.044585243,-2.0935152,-1.1481359,1.5014353,0.5362601,-0.9225307,-14.784102,-4.5182333,-0.3956432,-0.35984358,0.67704916,-0.58496433,-0.24841599,0.06408132,-1.128515,-3.4697042,-8.278993,1.7284838,-2.3815312,-5.121435,-4.4134593,1.068917,4.834705,-1.5890776,-1.0797935,0.4218937,3.0633867,7.386041,0.13152282,10.083196
-2.7208135,-0.76264787,-1.5987612,0.66216373,-1.1551347,-7.0968485,-8.76982,-7.013883,-4.3148775,-1.7870439,0.24671178,0.3380385,-1.4373454,-5.6560106,-7.5685873,-0.40583333,0.042295184,-0.068629414,-1.802694,-0.5221696,1.154334,0.3608808,-0.7054132,-12.4160385,-4.5492134,-0.5323673,-0.49415165,-0.429964,-0.6035147,-0.3212155,0.05453882,-1.0375063,-2.5011716,-7.6850433,1.2748547,-2.3372211,-4.9132643,-4.8443637,-0.7544897,4.978088,-0.6651434,-2.0011556,0.19118242,3.1467786,8.815658,0.09792268,11.231039
1.0803752,-0.16257383,-1.575235,-0.21713525,-0.5803891,-4.7503133,-9.744762,-6.3791656,-4.278903,-1.7420409,0.4780861,0.34780198,-1.592602,-5.0795746,-6.3895864,-0.38816953,0.044123907,-0.0649499,-0.6475271,-0.91480017,1.1320372,0.77131516,-0.9823829,-14.163022,-4.626137,-0.41777197,-0.5201177,-0.09605345,-0.669131,-0.7984837,-0.06434626,-1.2890432,-2.6862469,-8.051421,1.7943964,-2.4625533,-5.9099684,-4.52264,0.6712327,5.563815,-0.6377457,-1.7045174,0.33060396,3.2336307,8.857518,0.0913544,13.330404
-2.9392595,-0.41399962,-0.1480562,0.7043126,-0.19720717,-10.201377,-9.1657,2.3387742,-4.3246064,-0.6601252,1.39402,-0.47007787,-2.0706224,9.777914,-5.09709,-0.15735628,-2.1307688,0.06659112,0.48318866,0.39659926,20.916796,-0.73784983,-1.5969197,15.178554,-0.80921173,-0.3991274,-0.01708407,0.6814482,-0.19826357,-0.6778268,0.40860423,-0.69383067,-0.7829148,-5.7742376,1.9160081,0.37561506,7.2554584,3.2610745,-0.381423,2.821498,-1.7170058,2.3527942,0.9679312,2.5537255,5.9216824,0.47382453,14.862802
2.122081,-0.2670216,0.3113412,1.2496204,-1.1324028,5.0912547,2.0756886,-6.9059367,-10.217558,-0.5987849,-0.89622974,0.06994579,3.278675,-17.319202,-1.350757,1.345767,0.10875235,0.6026481,-0.17514202,0.39830977,-4.995091,0.39234638,-1.2286166,-19.290998,5.226879,0.17290358,0.33639783,-0.004761305,0.20344798,-0.75932294,-0.094410636,-0.32756996,2.1175795,1.8799679,-0.07520816,0.099078014,-7.533056,-0.2101634,-1.1216427,-3.7775578,-0.20443363,-0.6511994,-0.38825893,-3.4900503,-10.353817,-1.1787044,-16.636934
1.9626684,-0.2146803,0.3225209,1.324464,-1.0946169,5.251357,1.9447451,-6.908196,-9.610593,-0.93988204,-1.5820442,0.081600204,3.4561245,-17.121483,-1.3504219,1.1185982,0.105632804,0.5466064,-0.13785829,0.2306247,-5.401811,0.50314987,-1.2680703,-19.149792,5.5226555,0.18797794,-0.23212528,0.03502961,0.21638075,-0.9815157,0.022828463,-0.3244826,2.0090754,6.362832,-0.39767516,1.1344465,-7.444792,-0.33561528,-1.1240702,-6.6249504,0.3982242,-0.5259054,-0.9177618,-2.7445273,-9.875986,-1.2477198,-16.637056
1.9942914,-0.21576957,0.27386406,0.685697,-1.0870013,4.879585,0.8688854,-7.0172625,-10.200619,-0.97538996,-0.70757425,-0.007592073,3.6959226,-15.723683,-1.4408174,1.1852169,0.04795515,0.61377555,-0.12716594,0.0402852,-3.7091327,0.53039366,-1.3467565,-19.31272,5.5679493,0.1814195,-0.14232425,-0.102713175,0.13500337,-1.4414829,-0.10873583,-0.27680477,1.8991446,1.6707034,-0.34134734,-0.009652249,-7.3969665,-0.3255747,-0.7728659,-3.963313,-0.1630115,-0.24020743,-0.42885745,-3.2424257,-9.782512,-1.1411253,-16.66183
1.995236,-0.08954775,0.27844927,0.6504546,-1.1415495,5.1235824,0.8887362,-6.866231,-10.573488,-0.9652648,-0.9339715,-0.0015430005,3.7313125,-16.882402,-1.3830379,1.1198997,0.05373032,0.6241651,-0.13353643,0.046813462,-3.6548939,0.47916868,-1.3428612,-19.275202,5.492322,0.18585072,-0.16908728,-0.1042522,0.15830891,-0.8751764,-0.08675698,0.11646292,2.1333866,1.7006819,-0.4084011,0.18164766,-7.226544,-0.131074,-0.702027,-3.9850528,-0.2256777,-0.2607513,-0.3789828,-3.387052,-10.275804,-1.1589137,-16.663603
2.024184,-0.20072356,0.25361252,0.68181473,-1.0947587,4.8471093,0.89379764,-6.9869924,-10.468671,-0.96399164,-0.91759026,0.006441957,3.6989825,-15.678845,-1.4297303,1.1641865,0.05252313,0.5968193,-0.13102032,0.03688157,-3.6605926,0.5274062,-1.3392842,-19.313599,5.4986987,0.19062276,-0.14091156,-0.10199568,0.35889047,-1.4475313,-0.11208726,0.11155365,2.1773753,1.7058414,-0.36540994,-0.003763249,-7.3880086,-0.3204155,-0.73354197,-4.210674,-0.11981659,-0.16313541,-0.47003073,-3.328733,-9.920227,-1.141562,-16.769976
1.2788783,0.22544156,3.6264224,-1.3727406,2.3405004,7.48663,3.2398596,49.52353,35.293335,-6.1113386,0.34242296,-0.031330556,0.4210973,27.15129,2.7319853,0.917871,-0.5007704,-0.3445321,-0.72747517,0.04683533,19.49484,0.68835074,6.1467233,56.034664,-10.591601,-0.3262377,1.1076733,0.05854999,0.08037241,5.6841984,-0.1269512,2.6552699,-0.074931666,10.65253,4.8686795,-1.4564074,22.074038,-0.117075786,3.1073132,10.501257,-1.9473454,6.06233,0.32205606,2.169326,10.971897,0.33617237,20.02784
-9.764204,-0.16079861,-0.076857075,-3.2436838,0.6157548,-6.264819,-4.020792,40.769188,-1.4651242,-3.0275588,0.8995139,-0.78335214,0.42622006,31.672346,-13.839431,3.1031945,-0.14973563,-0.6457932,-0.75801164,0.27548632,16.557962,0.53558224,-1.6049039,30.637138,-5.36398,-0.6011221,0.85771203,0.43262467,-0.16070381,5.999209,-0.32626492,1.7943444,-0.41651186,1.9951053,3.2599523,-5.5883417,17.731022,0.08636709,2.7010515,18.772089,-0.42247915,3.2751062,-3.6473677,-2.3526368,7.285376,0.19110776,16.346994
-7.654919,0.4839101,4.5951495,-2.6001825,2.0021706,1.3451545,-1.2729242,52.023083,37.658665,-6.5101085,0.9000055,-0.28612295,-0.6819775,25.803007,11.323419,1.2798467,0.5321143,-0.20149639,0.3738771,-18.521317,18.31299,1.1718102,-0.58954287,34.44645,7.552641,-0.23159339,0.709682,0.21064565,-0.18330413,5.9595695,0.17370197,4.7829885,-0.3873171,13.062366,5.0770507,1.0641365,23.8805,0.109401174,0.90499914,30.740734,-0.48203024,5.5511904,0.48164865,0.088993095,16.753967,0.004142801,24.2038
-5.812963,-0.79965824,0.55563647,-3.354994,1.0453311,-3.7699735,-2.5193822,51.27918,1.6523954,-1.3801824,0.87249327,-0.47161135,-0.6065716,24.886269,-10.907662,4.0496106,-0.16777825,0.6145214,-0.9332552,0.7484332,17.539917,0.70860326,0.5159779,38.75146,6.3984494,-0.44884223,0.3655252,0.35303771,0.020713856,6.260218,-0.4490613,1.7152705,-0.50460994,11.226753,3.6198504,1.3404037,17.481178,0.48265865,1.8586974,23.024847,-3.795189,4.4164224,-3.7050219,-0.8003225,6.569421,0.26487187,21.192997
-6.944374,0.08879686,1.585297,-3.2611175,0.18173234,9.370218,5.3615227,31.312984,11.261851,-0.15838917,1.0425745,-1.0178428,-0.62280977,24.026718,-3.1837256,0.36742017,0.80344623,0.19346051,-0.8635748,0.58333063,19.121933,-0.6075562,-0.040548827,38.394432,-5.3069897,-0.9911872,0.75716877,0.74042755,0.055107437,6.2370763,-0.46467423,3.7409813,0.386235,14.748429,4.7568884,-1.030307,21.884134,0.4443988,2.832614,22.675907,-1.2339774,6.16922,2.9634576,0.047266502,9.590981,0.85045487,19.354206
-0.45472768,0.06530921,2.461042,-0.81102085,2.66325,11.527421,8.833207,36.443317,12.814156,0.3789503,1.3164626,-0.45203394,0.041609492,29.520777,7.830283,0.36610115,0.96736825,1.0927924,0.3148288,-3.445907,23.017937,0.9808196,-1.5043114,46.537735,2.743581,-0.15471697,0.53586745,1.1808004,-0.019784896,7.765151,-1.0612936,2.1582522,-1.668854,13.315684,5.339962,-0.9610686,21.891634,2.3098655,2.8337502,11.030075,-1.2139362,8.892741,3.2059228,3.1377056,13.39486,1.7784479,17.033344
1.0235902,-0.64098614,3.5333183,-0.64460254,5.2897,-7.6314263,-2.2583618,55.106274,1.0540999,-0.32393134,0.92797905,-1.3380364,1.4124717,30.389715,8.968078,1.7699373,0.43785706,-0.23999481,-0.96720195,-1.41645,21.223312,0.35060242,-0.39199388,46.99024,-2.96324,-0.76972985,-0.9115689,-0.10432777,-0.46063498,7.3340282,-1.6695193,2.2608404,-2.329046,9.938667,2.8683617,-1.0604341,19.901142,3.3303926,1.890115,7.38814,-0.6735585,5.0199604,-4.4696546,0.15076654,10.204721,0.17356637,17.94737
1.1583047,-0.10171647,3.37901,1.3116931,5.550836,4.216259,-4.7290883,56.15775,37.32989,-1.5089835,0.8750034,-0.854505,-1.3020961,40.004745,19.521675,0.80216646,2.3722105,-0.5164518,0.11928342,-11.200529,17.927452,8.789336,-0.56825584,67.18125,-6.186776,-0.5989371,-0.32898968,-2.7699168,-0.043105964,11.039266,1.4210054,3.7286637,0.0070302454,7.3623524,10.598093,-1.5665838,20.66078,1.2175107,16.56503,51.542038,-0.9865426,8.276183,-4.0266066,0.4155724,6.4259276,-0.376681,20.796217
-8.306507,0.36166868,3.2224853,1.8350457,2.1545722,-6.502673,-8.687438,44.645325,23.251266,-1.5725806,1.0030775,-0.8265967,0.19359949,40.815533,33.677174,0.124814145,-11.816207,-0.5169847,-0.13786775,-0.8966492,18.623503,11.540653,1.929329,49.112427,-8.60431,1.8463627,-0.07663201,-0.079763085,0.6478627,7.871936,1.1622286,1.694768,-0.11602512,1.4567955,10.549201,-0.5483736,19.870012,-0.20894633,25.618538,25.553352,-2.4220185,6.8223224,-6.3051043,-1.803376,10.860475,0.32740545,23.430775
0.30333397,0.10478237,0.3741908,-0.05826848,1.5070025,-7.384882,-9.721543,20.866287,34.389835,0.5135993,0.9994731,-0.42251673,3.2825732,38.36542,11.106169,1.0575094,2.6769469,-0.56732833,-0.30616575,1.9396756,18.238047,6.3940897,11.274198,48.84075,1.234175,-0.38572243,0.5384691,0.13515186,-0.3272989,2.2447405,-0.4111804,4.596618,-1.146745,1.0412446,3.9010215,-2.1297586,22.906973,1.3341845,12.648171,7.396879,-0.60082686,-2.1693013,1.0308231,1.1370785,5.1376967,-0.38372526,18.704487
3.1765287,-0.9171688,2.0527277,0.60057896,2.160886,-5.149054,-11.079063,31.297415,31.600267,-0.44211498,0.7763653,-0.5906628,3.1845279,40.427094,12.099656,0.4679832,1.2826567,-0.6468865,-0.20368211,1.2676626,18.47866,1.0192512,5.6421,51.80595,-2.2627172,-0.38585007,0.55559015,0.13203664,-0.41787943,0.9272265,-0.27319765,2.436001,-1.1799043,1.1593258,3.275961,-1.261287,21.194372,1.1136892,13.446527,5.3518076,-0.4061912,-2.219636,0.48502243,-0.39052016,5.1031523,-0.48171008,19.686272
-1.0420619,-0.10634715,-1.0374476,-0.2967067,1.7991953,-3.977537,-9.893632,33.977715,33.54052,-0.30556387,0.85428375,-0.4486599,4.338805,41.504772,15.191392,0.73955065,1.4325622,-0.30871353,0.33140746,0.95976496,17.441582,-1.792576,5.90068,53.20532,-1.3293054,-0.44570285,0.6477911,0.24090792,-0.29494226,3.0833156,-0.7056917,3.05824,-1.2298645,-0.5835115,3.4156082,-1.0649128,21.191875,1.7408389,13.888432,2.7253067,-0.6087731,-2.0124147,0.5648176,-0.56507903,6.293452,-0.3118426,20.87902
-0.029004304,-1.0444146,-0.48461652,-0.9530701,1.5929484,-5.4536266,-2.391686,19.707508,35.340755,-0.08740524,0.9003786,-0.59861237,0.91639984,35.93626,12.877399,1.3039829,2.3707228,-0.64071214,-0.4426591,1.9081935,18.253754,4.9354715,11.216295,49.000618,-0.57505965,-0.4568231,0.5488307,0.027403414,-0.4936571,2.5846326,-0.46549433,4.3469677,-1.1154727,0.80513996,3.6093457,-1.0657358,23.191715,2.4463782,8.952344,7.5662255,-0.48636553,-2.4200578,1.3239385,1.0864722,7.0291877,-0.54260284,20.281485
-0.5846515,-1.3758495,-0.56733805,-1.1342376,1.3552893,-4.1096363,-2.4320748,20.350464,35.432903,-0.061348572,0.77009606,-0.5075017,0.830965,35.94988,13.611403,1.0068204,2.5297604,-0.56692886,-0.7103391,1.9501145,17.84335,4.8633685,10.6276455,49.46785,-0.39462402,-0.70721585,0.56111085,0.007069717,-0.44385916,3.2897463,-0.5104785,4.386629,-1.243551,0.9201769,3.925178,-1.3427821,24.119673,2.7905984,9.656592,7.081315,-0.5361677,-2.3821025,0.9883115,0.7804701,6.237805,-0.4866819,20.726917
-0.35610256,-3.6362562,-1.7266079,-1.4456325,0.25267595,-6.839928,0.77555394,22.65398,35.271317,0.4253891,0.99764264,-0.5485591,0.6805792,34.628178,10.299157,2.3383796,3.1538596,-0.3758953,-0.5427653,-2.802294,19.049679,5.182281,12.635408,46.740944,3.6318917,-0.499746,0.2922411,0.22938915,-0.26714656,3.060914,-0.49078616,5.260815,-1.0674186,1.1287512,5.0371404,-1.0729756,22.503298,3.3839154,10.177643,2.6581461,0.21169606,-4.6767507,1.8923203,0.9621677,8.939955,0.3366731,23.959772
-0.21844658,-1.530106,1.31558,-0.33359995,1.1827228,-8.0055485,-10.165323,21.334427,35.754826,0.46928015,0.78433865,-0.5873392,3.597945,40.34398,11.25883,0.79830366,2.4451952,-0.9231576,-0.2783916,1.9535902,18.32469,15.274816,10.530696,50.69196,-0.60385066,-0.4250378,0.46411535,-0.03051671,-0.4199174,2.2130828,-0.44112888,2.5475767,-1.2074991,1.1098754,3.7152297,-2.5849333,22.742645,1.0784352,11.363399,5.1246605,-0.5103772,-2.2034576,0.95396554,1.1556294,4.859674,-0.48692617,18.710257
1.6644331,-0.30235782,-1.9050683,-1.450374,0.8533848,1.748962,16.194954,3.2267034,-5.1459727,2.8092928,1.0309849,0.64359146,2.4455218,24.537397,-4.9541535,-0.10856777,-1.1471295,0.029959358,-1.5797294,-0.84622353,21.191046,-0.08532561,-2.320542,32.207153,-3.4380603,0.2748634,0.85130465,-0.0841887,-0.4999644,-1.474027,-0.11858046,-2.7050743,0.010940168,-3.7471428,1.5786418,-2.9776998,12.217635,-1.5133383,-2.0847576,4.098567,-2.2156885,-0.19067405,0.45060176,2.0158253,5.3864713,0.3893378,14.741164
1.1330649,-0.30076882,0.08104562,0.32305205,-0.9420607,5.036748,1.6905962,-6.601041,-10.322779,-0.23822097,-1.5820007,0.085387565,3.2813118,-16.27534,-1.5756075,1.1153995,0.070596606,0.5969793,-0.081606254,0.6425504,-5.0784135,-0.08058898,-1.2112434,-19.067806,4.9184837,0.1653402,0.5587323,-0.022135107,0.2919825,-0.825012,-0.015893465,-0.38531506,1.6928551,5.797291,-0.33688256,0.1141515,-6.945047,-0.43623668,-1.1131321,-6.537333,-0.119106695,-0.7313879,-1.1966785,-3.9952865,-7.503662,-1.1881374,-16.843325
2.1122763,-0.21131031,0.08118906,0.5126894,-1.0231827,7.0830564,3.5580513,-7.920408,-9.882878,-1.034716,-2.2887125,0.13437968,3.5620866,-16.284006,-1.4576019,1.1943451,0.09701945,0.58769125,-0.15906923,-0.32295316,-4.8867245,0.14182721,-1.2609645,-19.299717,5.311872,0.27326477,0.41873968,-0.0506484,0.11703501,-0.87024695,-0.11982563,-0.27611756,1.5484598,5.23155,0.12761645,0.15583368,-8.018624,-0.2769384,-0.92998785,-6.9574766,-0.18461388,-0.40669006,-0.46098885,-3.513323,-9.190965,-1.1066362,-18.710657
0.8301582,-0.2851582,0.08416006,0.14243405,-0.9784699,4.376515,0.19210692,-6.8226,-8.259256,-0.7256298,-0.6420599,0.022927433,4.066833,-16.540102,-1.9388198,-0.02316646,-0.019959452,0.57161856,-0.024712298,-0.31855655,-3.996746,0.7932595,-1.6738621,-18.674313,4.2263474,0.3411535,-0.2825342,-0.0720532,-0.12296002,-0.71332395,0.14435373,-0.50128484,2.6330793,1.6941731,-0.541399,-0.140847,-7.164096,-0.32419172,-1.2398005,-2.6546493,-0.27069217,-1.3636974,-0.3436378,-3.1139727,-7.304867,-1.0674043,-16.114506
1.3406975,-0.2373552,0.2329734,1.2769526,-1.1243308,4.8588557,0.9021025,-7.741962,-9.806311,-0.82213527,-1.6157287,0.059232254,3.4275963,-17.177637,-1.5774249,1.3519864,0.03502054,0.5819433,-0.21910565,0.33560824,-3.7118468,0.3239317,-1.385416,-19.095915,4.7320356,0.18632695,0.27793118,-0.002595303,0.28893712,-0.7845109,0.12046012,-0.055661146,1.9270757,5.696548,-0.26855204,0.21225867,-7.5015144,-0.394675,-0.850623,-6.251282,-0.24873808,-0.7307572,-0.8421147,-4.091979,-7.4009185,-1.1570759,-17.018671
1.142254,-0.22850138,0.2954691,1.2697778,-1.1289235,5.0908074,0.8070565,-7.5437436,-9.3654995,-1.0133202,-0.31812057,0.014338735,3.9227223,-16.835323,-1.5822967,1.2099684,0.029683128,0.5405503,-0.21618046,-0.05166813,-3.518033,0.46328938,-1.6130936,-19.505087,5.105403,-0.08226611,-0.35406154,-0.031065674,-0.40293822,-0.6504495,-0.08586722,-0.15660822,1.7980716,6.574498,-0.22650641,0.18756247,-7.2762027,-0.3576841,-0.847591,-8.487393,-0.22470783,-1.2801011,-0.8365827,-3.570649,-7.0273023,-1.0657308,-16.87155
1.1560001,-0.29138777,-0.13832358,0.48679593,-1.0989817,4.5939975,2.0833962,-7.0145016,-8.402721,-0.67139107,-0.3815294,-0.0033660058,3.9866784,-16.450914,-1.6426247,0.13743651,0.15500222,0.5316863,0.111306146,-0.22183599,-4.3545246,0.46202242,-1.4012016,-18.576735,5.376131,0.26779363,-0.3699285,-0.08486789,-0.429751,-0.5707878,-0.059403293,-0.058283996,1.8660203,5.328383,-0.30966327,-0.61510426,-7.0687685,-0.3039431,-1.0056521,-7.6750126,-0.2594267,-1.4426659,-0.397501,-3.763403,-7.954973,-1.0972823,-16.866634
2.2274983,-0.17085828,-0.011830103,3.7321446,-1.182571,5.748461,2.6767688,-6.1337757,-10.003224,-1.106818,-1.7370527,0.05553394,2.5402448,-16.811941,-1.3298712,0.39466998,0.13246608,0.3560518,-0.42212647,0.17279385,-5.118672,0.3402236,-1.5046098,-19.411755,5.0294247,0.11907386,0.08091394,-0.21886459,0.06263685,-0.86502373,-0.14905585,-0.38813522,1.578748,5.521074,-0.51205194,0.21213199,-8.763132,-0.37381443,-1.4045284,-5.2820168,-0.07197224,-0.5561095,-1.1538627,-3.9409432,-8.997031,-1.190722,-16.211689
-1.393318,-1.2514495,-1.4040322,-0.5710027,1.6829327,-3.350852,-2.39151,21.343597,35.710815,-0.08925627,0.73800534,-0.46563506,1.5029436,34.367847,14.321484,0.91076046,2.6032994,-0.44782543,-0.66064245,1.9339863,20.003366,5.164582,10.967161,49.40665,-2.0660744,-0.56662923,0.5452067,-0.1493057,0.10080945,-0.3356078,-0.07808713,4.7025814,-1.3127167,0.5160013,3.8313553,-1.409899,23.513397,3.3851225,12.813124,1.6065855,-0.62461615,-5.074449,0.9283338,1.1376088,6.6355395,0.2136199,23.659632
-2.3633804,-0.6630109,0.8555828,-0.95479876,1.8335656,-3.3667428,-2.7080708,37.165585,28.973337,-0.72188365,0.79076743,-1.2700887,7.918434,38.80806,19.15116,-6.5017705,1.0729018,-0.8089146,-0.19207726,-12.817,18.608582,-2.4724908,0.1960137,50.55986,-3.193314,-0.027364565,0.95106834,-2.325211,-0.64026093,6.165586,-0.20431992,1.4581219,-2.8502643,1.6861476,-0.50679684,-0.016168302,23.278408,0.7547797,14.221185,16.740894,-0.02795751,3.202537,0.06999015,0.87343943,7.89401,0.66206336,21.289305
-3.2489996,-1.3850274,-0.3926035,-1.1280857,1.406914,-7.41416,-10.122842,21.569548,38.137207,0.34505707,0.97597325,-0.5796887,3.6601193,38.99768,12.339413,0.53844786,2.8888316,-0.4529214,0.24472427,1.9326136,18.249914,6.9952245,10.795679,49.947178,-0.17610225,-0.36606687,0.4013809,0.17568119,-0.70471334,2.721412,-1.0746547,4.429628,-1.1757829,0.20866074,3.595708,-1.1420915,22.511333,1.2999496,13.063819,7.763076,-0.632102,-5.2421494,1.1500082,1.0964614,7.0059814,-0.35170645,21.834326
0.09565377,-0.5890944,0.17097816,-0.95909774,1.5192217,-2.5572543,-2.967988,38.2311,27.463688,-0.44569358,0.91857487,-0.0855355,7.314619,39.453415,15.91785,0.30543002,0.8748193,-0.5437404,0.12834018,-7.546947,18.164925,-1.1331899,4.0374403,49.9913,-8.461169,1.0722607,0.87175244,-0.57558346,-0.20171525,3.2783349,-0.0150516275,3.2408125,-1.3220735,-3.7600913,1.2254304,0.20002386,22.231958,0.18807527,14.134966,4.682898,-0.36704588,3.6800275,-0.27689978,0.33727837,7.376715,-1.7972599,19.3412
-0.37308216,-1.2775493,-1.599233,-3.756996,0.28086486,2.349268,4.9868627,15.75306,35.52866,-0.051958665,0.96160525,-0.43095732,-1.2653749,34.349907,9.980272,0.09794144,3.3228393,-0.47167844,-0.53595185,0.65592146,18.444609,1.2384776,10.504975,49.21491,0.6706542,-0.6521773,0.43530133,0.008405504,-0.26400572,4.0596085,-0.3283093,6.1379824,-1.1307311,0.76919705,4.444174,-2.1523786,22.28023,2.5180604,9.240701,3.191869,-0.39855987,-3.414071,1.7220832,0.8231308,10.227786,0.4183795,24.311548
-1.2520903,-1.4166627,0.0077223345,-1.0471756,0.8033597,-4.288874,-1.9810182,41.82423,26.487486,-0.23853712,1.0802517,-1.4404576,7.5413017,40.072014,18.736021,-0.2397924,1.0612422,-0.99651116,0.0622748,-12.606349,18.83511,-2.8662534,2.9224749,50.72818,-2.9488096,-1.0037514,0.8309537,0.4501742,-0.65550333,3.5217712,-0.22538431,1.6655477,-1.7512248,-4.042272,-0.3067484,-1.8211251,20.922682,1.1667897,12.764746,16.668072,-0.39336097,3.8779778,-0.056706924,1.3495603,7.6929045,0.11851625,21.255653
-0.522165,-0.293833,-0.12846665,-1.1098462,1.1592011,-0.7410863,-9.131433,29.91668,30.230017,-0.77691543,0.5810834,-0.34658358,2.0342815,40.042725,14.830906,0.7915273,1.4017237,-0.6985892,-0.1519311,1.5586598,17.550282,-0.66641545,6.891859,51.1093,-4.3342414,-0.7436948,0.551311,0.18915386,-0.5978705,3.1493497,-0.7481895,2.4331596,-1.2283899,0.9981479,1.7649354,-0.7866103,22.634005,2.598265,11.85688,8.636998,0.678323,1.7546902,-0.07667852,-1.5039206,8.736345,0.23994637,21.015282
4.0720215,-0.4629172,-1.4499949,-1.3104517,0.4834524,12.729447,19.287376,1.9231738,-5.562434,1.361788,-0.003670052,0.5876751,-2.0006392,31.520456,4.322642,0.5385267,-0.50179523,0.05643386,-0.36169875,6.909218,0.48847798,0.2283505,-2.4816036,25.276342,-7.89097,-0.29922527,-0.024796164,0.0003010806,2.6174514,-0.6432934,-0.38463748,-2.5326982,-0.59819996,1.1663028,2.6123996,-1.7993859,17.304739,-1.4037784,-2.2420917,5.4529886,0.7309587,-2.9923067,0.2398887,3.717491,9.90085,-0.14888284,18.327633
4.3315144,-0.4383628,-1.516727,-1.6587293,0.382713,13.003872,19.362879,2.25036,-6.091713,0.6584803,-0.13250595,0.647489,-2.0240805,29.670532,2.9869409,0.53071886,-0.43522745,0.011423119,0.7888152,8.20687,1.4134705,0.3416856,-2.23335,25.653692,-8.386908,-0.31671634,0.022845428,-0.28487885,2.6203043,-0.40598202,-0.005755591,-2.4035716,-0.43861595,3.6488976,2.7436066,-2.2075565,17.31213,-1.6404501,-2.393174,5.430467,0.71780086,-2.6661832,0.22172093,3.9826355,8.804248,-0.17676483,17.487856
4.6322956,-0.5609082,-0.65183526,-0.101701275,0.054500148,16.187395,19.86649,-8.166148,-5.3382225,0.33633325,0.019972606,0.543499,-1.442655,17.90113,2.025076,2.055272,-1.7993219,0.09517173,-0.30491585,8.975426,0.16236767,-3.1805058,-0.5111832,28.366127,-4.6361604,-0.57875705,0.82446265,-0.21595989,2.3635254,-0.48997402,-0.05386484,-3.5801876,1.1928431,10.299418,1.9069142,2.1437042,-2.3022707,-0.81969184,-3.1622267,9.898071,-0.01776613,-1.3903455,1.0038846,0.8662131,15.279226,-0.35895094,19.104086
3.8833518,-0.6435895,-0.3706878,-0.1513627,0.32460305,17.437729,25.852896,-8.367096,-4.9781356,-0.6261479,0.14932403,0.4377188,-1.8384552,21.22723,4.574649,-0.1920084,-0.013597619,0.118540436,0.1529688,7.5039225,1.1042726,0.982803,-1.1053752,26.731853,-1.8829368,-0.46055806,0.37375408,-0.21413592,2.9405403,-0.7110035,0.08115796,-3.907985,-0.58286875,10.789378,2.4334269,0.8729847,16.195206,-1.565146,-2.4076324,9.098119,0.3710273,-1.2625364,0.2715252,4.8991394,13.691885,-0.11770776,22.307602
4.6639986,-0.20980081,-1.1332822,0.3067419,0.40247327,17.786564,25.23195,-7.866128,-5.4329486,0.19423999,0.12951465,0.559131,-2.0143943,20.333351,5.8208895,-0.1850091,-0.07040702,0.41702494,-0.20608883,6.7526574,0.4661985,-0.12623714,-1.2177665,25.628504,-1.9295741,-0.27344522,0.727714,-0.20043404,3.2230668,-0.6796892,0.1888169,-3.9337614,-0.5082125,11.730119,2.5160885,1.2066216,16.516174,-1.1906215,-2.5428402,9.226722,0.67670965,-1.2666384,0.2699373,5.2424326,13.808297,-0.10394279,20.419405
4.523727,-0.16748787,-1.0081182,0.78916097,0.762995,17.1233,23.745153,-7.6128364,-5.8006573,0.6633564,-0.050517596,0.52564794,-2.3645315,20.43267,6.6402555,-0.55613625,-0.18433636,1.0242325,0.14893733,6.251514,-1.2516549,1.2331614,-1.3456844,28.546913,-1.4285632,-0.025143761,0.13430305,-0.25004715,2.883737,-0.65287155,0.11849768,-4.07985,-1.0444912,12.015118,2.3583825,-2.7592316,17.189579,-1.4603732,-1.55214,9.8119335,0.5317501,-1.1814855,0.48163968,5.127553,14.114013,-0.08735896,20.830416
3.7595682,-0.13556643,-0.8073942,0.42821366,0.37197557,16.236805,18.430098,-8.4902935,-5.071724,-0.43501496,-0.210239,0.2466136,-1.6626672,21.581226,5.531194,-0.19858378,-0.110655315,0.41437122,3.8648082e-05,5.5946064,0.8253853,0.23615657,-0.9620214,27.258177,-0.15504465,-0.15606058,0.018710788,-0.118558645,1.604377,-1.3839327,-0.13028507,-4.0347157,-1.6573744,11.550786,0.50415057,1.0862103,16.80748,-1.570316,3.4771967,7.9284244,0.4153069,0.44271386,0.28830332,5.264238,17.10711,-0.0333381,24.68278
2.59572,-0.49797097,-1.0732858,-2.2478793,0.1507717,15.766386,19.459484,-8.581976,-3.7335513,-0.8559392,-0.55042344,0.30394906,-1.8787453,20.593832,6.12053,-0.32382083,-0.018600868,0.05988764,0.6713258,7.350414,0.34482136,0.31206807,-0.59672123,24.1445,5.541821,-0.19895701,-0.1210277,-0.08623462,1.7535203,-1.4035623,-0.26609704,-3.0766253,-1.82884,11.555564,1.3777068,3.7116992,15.855709,-1.2785794,2.6294801,10.150301,0.23616773,-0.37118363,0.4026646,4.9280195,14.859299,0.050126337,24.88659
3.5865974,-0.07109774,-1.265188,-0.95380306,0.08348838,15.269402,16.37258,-8.834555,-5.4156795,0.15024416,-0.283388,0.060454823,-1.2321839,30.909952,5.4246783,-0.25068408,-0.15758564,0.11121515,-0.07765465,5.727191,-0.06980715,0.009078646,-0.6021228,28.38911,-0.1912018,-0.13761117,0.21499372,-0.10442052,1.7202455,-1.64081,-0.037574243,-3.2595818,-1.6312164,3.484939,1.0457426,3.3887796,17.014385,-1.3336204,3.6809971,5.6740136,0.10336408,-0.71871305,0.21526983,3.9126587,19.673334,0.19461524,25.415684
3.8032618,-0.2273626,-0.79200196,-1.4862942,0.09240615,12.353641,13.704176,4.7728505,-6.6848836,-0.5404105,0.20017076,0.5702351,0.32287136,33.832756,5.0308595,-0.17467378,0.020650247,-0.12394589,0.25699595,6.151055,-0.08729023,0.27041838,-1.4081033,36.620827,-0.14358792,-0.1772189,-0.12465135,-0.040841218,0.80180717,-0.56821674,0.23541148,-2.1207275,-1.0567238,0.65650684,-0.7892043,2.8044145,17.652916,-2.027242,1.2176802,4.535933,0.27984166,0.58319044,0.41258946,3.9709785,13.742222,0.649648,27.715279
3.5378807,0.013515877,-0.969907,-3.216676,0.06026544,17.36075,11.866188,7.7344413,9.366338,-0.8014903,1.0354638,0.98476976,-2.0332303,30.595894,5.3081994,0.09454309,0.62572885,-0.17160603,0.07999418,-0.29242587,21.244812,-0.11109613,24.861074,38.66708,-8.519416,0.14384277,0.6218372,-0.09110079,-0.17109306,7.8130546,0.12708113,7.2731504,-0.37804362,-4.034709,3.809138,-1.8007097,21.41764,-0.4968004,-0.94081557,6.676265,0.367378,5.688416,1.447926,2.8947792,11.869935,1.2503484,16.260464
5.2636523,-0.15969895,-1.0613941,-3.3423884,-0.24655224,17.704771,13.532137,10.708501,10.846141,-1.0564169,0.946035,0.6216295,-2.2369726,28.58252,5.3660126,-0.33637437,-1.0002778,0.04557962,-0.47582808,-0.022867402,2.69997,1.0128125,23.932985,43.569115,-3.3654919,0.0058598486,0.12582906,-0.07320353,-0.42442283,8.552708,-0.014563308,9.459047,-0.21094291,-3.6673932,3.8026507,-1.0269109,22.777184,-1.1277525,-1.255992,7.5459256,0.43265966,1.6745813,2.5070524,3.7663078,14.847353,0.24301986,25.150177
6.3763976,0.08690465,-1.1892633,-2.9204824,0.43810195,17.082592,12.918404,7.779976,10.628387,-0.91528034,0.71764463,0.58515674,-3.6004505,30.542143,6.683216,0.4257757,0.35325196,-0.28955677,0.45582578,-0.04146201,22.617857,-0.16071345,21.722887,41.275776,-1.846376,-0.28257686,0.10475823,0.008179035,-0.34087938,7.922468,0.2371176,9.95762,0.07488845,-9.063063,3.9726346,-1.9651183,21.48377,-0.14372924,-1.1053191,8.517153,0.31992835,1.5727797,1.7288955,2.7844074,11.833347,1.394328,19.44159
6.823415,0.12843236,-1.0559648,-1.593246,0.13820891,18.520712,18.61195,5.292109,0.09051647,-0.527188,1.1418769,1.2558775,-3.9597273,24.743431,7.541953,0.37882996,0.35238793,-0.06318536,0.36339658,-0.0069050877,22.996525,0.05052769,19.029417,38.715,-1.3243886,0.26584616,-0.030506887,-0.0729256,0.62186533,8.406669,0.34381145,9.259553,0.5104042,-4.946261,4.563727,-1.5618014,21.676622,0.36901796,-0.5225018,8.642368,0.5314326,2.1872132,1.0762813,2.5074904,8.398919,0.4119302,16.493366
5.383446,-0.1785366,-1.0766599,-2.6318605,-0.22180413,16.061466,11.886308,7.673176,9.647005,-0.7869889,0.87279695,0.17728241,-3.673443,28.254732,7.72485,-0.3715936,0.42561895,-0.3982593,-0.623166,0.122350685,22.774275,-0.18264595,19.271769,42.368797,1.2067143,-0.29900396,-0.07278652,-0.13232037,-0.35435334,6.3230886,-0.10702755,8.183937,0.015079571,-8.52307,3.3258562,-2.1106703,21.023678,1.1738137,-1.7168258,8.381125,0.18443476,2.1392047,1.5603564,1.364982,11.557058,-0.08485824,21.719297
5.4453526,-0.14695556,-1.2448325,-1.9330075,-0.1190678,14.33226,11.364532,7.1860127,8.79766,-0.7846409,1.0431015,0.016360309,-2.778387,29.24808,8.815898,0.5938086,5.651179,-0.6533403,-0.5967705,0.017134251,20.07541,-0.31469864,20.486578,42.019947,2.0764258,-0.15160258,0.06101893,-0.15354858,-0.4313062,6.639626,-0.30239663,5.5854607,-0.091343954,-3.224033,2.3571546,-1.5433215,20.726755,2.4063542,-1.0497433,4.4679904,0.3221253,-1.4393114,2.158527,1.4488882,11.870858,1.2627494,17.589012
6.129408,-0.008893119,-1.0351572,-1.5193051,0.060303334,19.280268,10.70322,9.999013,9.339042,-0.7324935,1.1406385,1.0360003,-0.6975612,25.245441,7.034419,0.2630575,0.870012,-0.678411,-0.2099618,-0.9911562,-2.3038363,0.38351187,21.14987,47.150093,1.6167463,-0.24803518,0.1054496,0.21333498,-0.4083829,8.053246,-0.18130827,7.265485,-0.031503305,-4.464998,3.5377157,-2.0133288,21.829426,1.7958292,-1.5657582,3.914079,0.2007457,2.1925206,2.0802786,2.156317,14.660554,1.2549839,24.487139
5.129981,0.49441144,-0.9913685,-3.6601248,-0.18770754,14.001062,11.624513,6.9115043,9.729468,-0.77611417,0.93823355,0.48839828,-3.0529375,25.755976,1.56496,1.0137275,2.9969096,-0.1823151,0.31959033,-0.784377,23.005129,-0.070187874,18.249298,44.366707,1.579882,-0.046377983,0.17072183,-0.054854456,-0.25192258,7.1398854,-0.1892084,9.941998,-0.2654313,-3.9226456,1.2408158,-0.44292244,20.780527,0.6226131,1.808752,5.1170173,-1.2957199,1.0150142,1.8249586,1.2920184,9.669943,1.9516524,20.56195
6.03961,0.13133202,-1.3334752,-3.2302754,0.5099812,15.206482,13.482404,5.89482,12.43891,-0.6698772,0.2015414,0.63521665,-3.546567,23.346,3.4316273,1.1025681,0.5041665,2.5415058,-0.022765582,-0.070728704,20.975763,0.00069560774,7.8896856,43.443996,0.11875686,-0.008596715,0.008122302,-0.3482579,-0.5425141,4.6225204,-0.3941863,6.0901885,-0.2413983,-5.237618,1.0753317,-1.8222977,18.51468,-1.0790464,-0.7200053,8.370095,-0.39952737,0.89861816,-1.6150581,1.4439588,10.970131,1.4201494,20.013239
-2.6506865,0.8444281,3.9139962,-0.3090285,-5.9599595,-4.8943806,-2.4325953,39.690815,30.220459,1.3960844,1.3460075,-0.5536188,8.315813,38.233715,17.0445,-11.032581,1.1714443,-0.7732185,-0.026770568,-22.740017,18.78214,-3.1981735,2.683321,47.373547,1.9190192,1.032663,-0.007867592,-2.419767,-0.3848851,11.927726,0.7656614,3.6713295,-1.7028707,-2.7537012,-12.686804,0.05738883,21.56598,-2.461743,4.7076077,15.908416,-0.02945967,3.7898488,-0.59264576,8.282942,13.413141,0.5776343,20.311834
-3.8014114,0.2384437,-0.80457276,-1.1053302,-0.029882338,-6.845277,-12.862872,-7.0898533,0.5983604,-0.6817134,1.3461596,-1.1558396,-3.625406,-3.9635906,-5.03059,-0.06233588,-0.9623061,-0.33358115,-0.5561573,-0.416976,25.43339,-0.4295986,-1.849095,15.643687,-2.4424033,-0.29518527,-0.22696176,-0.121292144,-0.065352246,-0.2540465,0.26915565,-0.95296043,-1.6897981,-7.0397024,1.7862467,-2.8102305,9.9639435,1.7105521,-0.3848718,8.954398,-2.219176,-1.0490856,-0.13766678,1.9903105,1.4786226,0.18772058,17.103765
2.4586282,-0.51830643,-1.5142682,0.6099145,0.007159242,-9.445463,-10.136198,-6.281487,-0.4851178,-0.5673193,0.79233205,-1.6587989,-2.8327806,-5.0464563,-7.015312,-0.3673745,0.013104418,-0.04573005,-0.9323804,0.36511716,25.1653,-0.18842046,-0.92882675,16.820183,-2.6093366,-0.58926886,-0.22866306,-0.19070691,0.08318984,-0.9990701,-0.14873195,-2.9139094,-3.0238342,-7.3305836,1.3748018,-1.9162512,7.842903,2.3854196,0.009175777,8.201242,-1.4180963,-1.089695,-0.64319205,1.9875679,1.791645,0.20014039,16.57285
-3.0902112,-0.22794783,-1.5882393,0.5141096,-0.36102906,-10.020584,-12.636002,-7.509492,0.8542487,-0.50215536,0.9009336,-1.3537031,0.12060906,-6.202462,-4.4097977,-0.8353531,-0.90394336,-0.26708302,-0.34548736,-0.17457111,25.346825,-0.79359967,-1.2706023,17.632149,-2.5042057,-0.79347247,-0.35591394,-0.35571396,0.04991608,-0.5627837,0.060247302,-1.0803516,-1.5571009,-7.8036466,1.7607359,-1.7583625,9.914731,2.4002068,0.030172996,8.496157,-2.220751,-1.0187929,-0.24190514,2.1194105,1.9987037,0.2398179,15.998981
-3.9282463,-0.23280056,-1.2440314,1.4837067,-0.6737387,-9.089477,-11.69534,-8.174082,-2.1205618,-0.7763582,0.9786624,-0.9732334,2.2413826,4.9004908,-6.2199416,-0.029173713,-1.0628222,-0.16996479,-1.017241,0.7490364,24.871357,-0.733467,-1.7974887,15.156405,-2.7611678,-0.44021526,-0.11937665,-0.37377936,0.06999369,-0.34261894,0.046701685,-0.580036,-1.6264434,-13.898041,1.9130133,-1.623139,9.989054,1.4799646,-2.2620978,4.0923514,-2.5479286,-0.8967203,-0.1422335,2.09968,2.148352,0.104428805,16.538616
-3.8638105,-0.23707512,-1.5213022,-1.3298467,-0.17902824,-8.627143,-10.957843,0.88422906,-0.9152629,-0.83817,1.1845652,-1.2118983,-3.6505938,-5.3133307,-6.3423524,-0.1068576,-1.7894261,-0.15813228,-0.73917586,0.28155765,22.249676,-1.1486301,-2.0875373,15.733227,-2.5892015,-0.40792114,0.1494802,-0.19141312,0.34568268,-0.98903775,0.0033774162,-1.1241453,-1.2190145,-7.090135,2.3670137,-2.6648574,9.845676,1.7388552,-1.3998231,8.084253,-1.7417672,-0.89576346,-0.648021,2.0609612,5.1641207,-0.32973397,17.6402
-0.029409843,-0.47243908,-0.4562999,0.4662436,0.16907698,-8.497808,-10.0676985,4.0757666,-1.5921372,-0.80851984,0.7685447,-1.8016688,2.0950606,-7.0152645,-5.2486844,-0.5428161,-0.92487365,-0.19396444,-0.8453965,0.8872899,29.850594,-0.2956593,-1.2702237,-7.2974,-3.3476045,-0.5466483,-0.37419623,-0.17217258,-0.36354554,-1.024432,0.020349622,-2.0536914,-2.122848,-7.822541,1.9156786,-2.5391564,11.061862,3.239155,-1.4498242,8.991807,-1.8618691,-1.1673331,0.39108238,-0.0701367,5.8397937,0.36170492,17.798895
-4.7785063,-0.07655283,-0.7101706,-1.8808687,-0.19254985,-11.641938,-15.493667,-0.6105809,-0.54303867,-0.7832931,0.96303856,-1.6077716,-2.0003018,7.5052967,-4.952389,-0.5989954,-2.2396116,-0.4427811,-0.64812136,0.26552892,20.284115,-0.60281104,-0.8836071,24.933659,-2.7934253,-0.48486772,0.15848644,-0.33582902,-0.18667729,-0.8781853,0.044770367,-0.86046803,-1.5977085,-8.185274,1.1249723,-2.164146,10.046864,1.0613545,-2.7332604,3.9788582,-2.439553,-1.3138243,-1.4901689,1.5282487,5.1415176,-0.3210668,15.169164
2.8185146,0.10091673,-1.496822,1.6420659,-0.15900166,-8.372571,-9.540039,-5.178593,0.4899147,-0.22149041,0.69753766,-1.5722287,1.2311727,-6.847542,-5.535647,-0.6244514,0.08881353,-0.051986907,-0.64409804,0.7145873,32.903713,-0.38997433,-0.15453981,-8.449153,-2.7658956,-0.3599771,-0.49499682,-0.22555636,0.009276399,-1.6292316,-0.06689636,-1.3994609,-3.385006,-6.3222003,1.4198928,0.99061835,9.625195,2.9455085,1.1323969,9.220463,-1.0658257,-1.2238708,-2.0497458,-1.193684,2.6655893,0.08165264,17.236725
-5.6239758,0.16069765,1.5439686,0.52577126,-0.008420307,-9.512057,-12.56855,-6.2792296,-0.55102867,-0.49055308,0.46205342,-0.67726326,-5.1587067,8.711184,-7.843396,0.5450058,-0.54318124,1.9909761,-0.40747508,0.20540388,24.25502,-0.039122656,-1.1059362,16.048193,-3.3397408,-0.27474225,-0.4204156,-0.2140132,0.39829668,-1.2492704,0.11153979,-0.96083605,-1.3667772,-9.463291,2.0810807,-2.2187216,11.142658,-1.9505166,0.11583049,3.741495,-1.9342622,-1.1900998,-0.0019426162,2.2740047,1.015495,0.22364144,15.56721
-1.4712832,0.056038547,-1.529503,0.3122621,-0.45099083,-1.8361647,-6.0060396,-7.205755,-7.045625,0.50769967,-0.94431067,0.5520891,2.0746531,-12.885976,-1.2668695,-0.30763254,0.34602457,0.44965777,-0.6365262,2.0631826,1.8761971,0.24346657,0.5092142,-16.301718,-1.7291915,-0.10522941,0.10065128,-0.40327737,-0.46603066,-0.14660531,-0.14547668,-1.1243652,-1.6577677,-10.276669,0.19845922,-0.52405506,-6.7717023,-1.6381954,-1.5661676,7.1161103,-1.5669926,-1.3619925,0.102578156,-1.1261088,-2.4061456,-0.21943186,-1.5358639
-0.24542926,-0.09911285,-1.7413164,0.15074238,-0.4782554,-2.681541,-7.910987,-6.734138,-7.7496605,-0.071610466,-0.893607,0.5710773,2.5278294,-13.998822,-1.117369,1.0035199,0.21147755,0.4456677,-0.74091566,-0.1281827,1.090563,0.22476666,0.5090401,-16.47799,-1.634161,-0.04293673,0.45335984,-0.30799904,-0.4497539,0.32410643,-0.20398614,-1.0067488,-1.7505773,-9.731817,1.0885515,-0.8900667,-6.069446,-1.4808358,-1.3796992,7.5791144,-1.6354765,-1.3334945,0.22898895,-1.1632587,-2.3779395,-0.065259084,-1.2627509
-1.1517836,-0.2965349,-1.7044451,-0.5359826,-0.54222286,-3.5121949,-7.538051,-7.897192,-9.096091,-0.42092884,0.72489995,0.57074016,0.81421125,-13.083782,-3.3402543,0.17849195,0.12065003,0.11287206,-2.559247,0.2990616,1.622288,0.14457622,-0.2890411,-15.390629,-1.6919188,-0.0009117785,-0.05454202,-0.3126477,-0.42903796,-0.14128947,-0.25360197,-1.370208,-1.628686,-10.045593,0.88460577,-1.8549682,-6.5873146,-1.6775199,-1.4918431,5.669483,-0.63161,-1.5558776,0.14383833,0.48346704,-0.8614421,-0.042912118,6.285042
-0.20787819,0.0040104976,-1.6145895,0.23580383,-0.36552772,-2.7953622,-5.2683725,-7.010414,-6.859073,-0.27904212,-0.94642967,0.5147549,2.0952427,-14.509609,-1.17281,0.112933636,0.2480771,0.4089118,-0.59076464,1.2938333,0.91358465,0.13496587,0.5773032,-16.889874,-1.8079453,-0.05380577,0.024524808,-0.06509348,-0.38378114,-0.045843363,0.13246123,-1.3090365,-1.8760015,-9.765775,0.5547271,-0.7641017,-6.5739446,-1.5456866,-1.5889473,6.972062,-1.5423403,-1.2648244,0.23423289,-1.163463,-2.8102942,-0.047274526,-0.828806
-0.41033962,-0.011152541,-1.3562174,0.13660121,-0.49332765,-1.9520785,-6.1739893,-7.404029,-8.417964,0.21474178,-0.90916914,0.50188917,1.6654015,-15.053929,-0.9669215,0.94340914,0.2291315,0.27413008,-0.73418146,2.0262918,0.57370234,0.11466534,0.9234711,-17.158833,-1.00161,-0.012473009,-0.15144983,0.048152883,-0.09215311,-0.65089554,-0.019810297,-1.2216538,-2.545551,-9.11841,0.14483616,-0.54686266,-5.8486643,-1.0994273,-1.4416058,6.7530427,-1.1270461,-1.3066335,0.0950639,-1.0497543,-2.2450688,-0.74520004,-0.6252674
-0.39734477,0.014607233,-1.6172177,0.35746714,-0.43430817,-2.7668254,-7.7704616,-7.199144,-7.340146,0.08717653,-0.9109974,0.6471903,1.3913532,-14.194709,-0.43256027,1.263203,0.24102135,0.6598831,-0.6604954,1.8150625,-0.1522665,0.008664423,0.8115694,-16.834238,-1.6722488,0.17317505,0.37736744,0.061236367,-0.23530911,-0.63709635,0.14875552,-1.164099,-3.2121108,-9.659765,1.7158755,-1.0403434,-6.7473826,-1.2845178,-1.552936,7.2944355,-1.4881641,-1.2580154,0.14532249,-1.0205177,-2.1429067,-0.29522654,-0.5632579
-1.5452493,-0.8597479,-1.933346,0.52571386,-0.7456687,-3.122147,-8.14864,-7.0723577,-3.3678951,0.7181931,0.47987735,0.41201264,1.0464936,-13.726638,-7.7860093,-0.024427358,0.08466607,0.029797269,-3.15065,0.96540976,1.2314494,0.3244353,0.1087092,-15.337785,-2.7898097,-0.08781074,-0.1331651,0.00030437036,-0.68725127,-0.4653887,-0.26869527,-1.3334064,-2.538012,-10.009515,1.6192719,-1.4072866,-5.261424,-3.6273732,-1.3597105,5.1789403,-0.3335877,-2.6833725,0.22185579,-0.40336385,8.266913,-0.07255782,6.938109
-1.5210799,-0.30577096,-1.7517709,0.7852255,-1.5549488,-2.942227,-7.860197,-6.181824,-5.245746,-0.70939845,-0.47202498,0.39068955,0.51757634,-12.881548,-7.62399,0.32993537,0.05363347,0.037255112,-2.6184769,0.09150164,2.018121,0.28609324,-1.2531095,-15.363557,-2.0134284,-0.060011648,-0.018216101,-0.00886389,-0.6833347,-0.81165177,-0.18072875,-1.4757894,-2.391038,-9.77147,1.3158003,-1.6164411,-5.3538218,-3.666472,-1.5293151,6.390425,-2.8665848,-2.8686073,-0.081256635,-0.6314797,8.071977,-0.11874707,6.9386234
0.013483891,-0.06793583,-0.9552473,0.032945674,-0.42623982,-1.89569,-6.219282,-7.0049553,-10.324746,0.15382361,-0.6044109,0.4281442,0.57623065,-14.193132,-1.6804436,1.1005027,-1.4349586,0.72406703,0.09934953,2.1150126,-2.4975858,-0.9038294,-0.96385837,-17.60271,4.653189,-0.08965699,-0.51936895,-0.06895742,0.32943174,-0.95609695,-0.15736105,-1.4346352,-1.4143252,-3.4660144,-0.021635298,0.4933444,-2.6224988,-0.25421646,-0.31990165,8.144329,-0.37454563,-0.7147128,-0.19805446,-0.975783,-3.5808768,-0.5537098,-11.806785
-4.204311,-1.3697668,-2.6299026,-0.065982655,-1.0176193,-7.098834,-15.348679,-9.370952,-6.180554,-1.1145313,0.4259984,-1.4281484,-2.3141534,8.598369,-4.573894,-0.5066633,-0.3864198,0.056900803,-5.04936,-1.3510202,-1.6024312,-0.4477469,-0.9799243,-14.839543,-1.6699617,-0.115207955,-0.8833311,-0.5386493,-0.50621456,-1.2288088,-0.43915278,-0.97517884,-2.891349,-10.524688,0.72084284,-2.6483634,9.40129,-1.4465415,-1.4271659,4.915524,-0.44394466,-1.6025678,-0.014678939,0.49669367,2.4688883,-2.3782926,7.3013377
-1.5635214,-0.4340572,-1.5394913,-0.4240071,-0.73008865,0.21803781,0.43813354,-11.171386,0.9037718,-0.96561724,1.8782989,0.62969625,2.0629005,-10.9075365,-0.6935351,0.35356283,0.16200975,0.18396854,0.4288079,-0.49303466,2.5738425,0.23056485,0.8745672,-15.316181,-1.8111341,-0.21086563,-0.24393475,-0.0648751,-0.3838479,-0.21899997,0.20330447,-0.10700644,-1.3263742,-3.00589,1.7370037,0.09074702,-7.1645293,-1.0315903,-0.61018956,7.531555,-0.20616454,-1.5396211,0.04374245,-0.18273161,-0.48091817,0.06426838,-3.428297
-2.306923,-0.034859676,-1.585632,-0.7695152,-0.6272691,-3.7576852,-4.4251413,-7.604749,1.0416255,-0.6850493,0.7836995,0.5754545,0.9800971,-10.681189,-4.24111,0.18935789,0.015037277,0.097063564,0.8282822,-0.7648624,2.612373,0.0748467,0.5547477,-13.976586,-2.6493864,-0.41897497,0.08023566,-0.040794555,-0.45333195,-0.37487018,0.26466566,0.1545264,-2.3432698,-1.5784823,1.4762266,-0.15778525,-4.312324,-2.2883813,-0.80438566,7.194804,-0.5992856,-1.0879511,-0.05393472,2.453362,6.4515586,-0.014150485,-0.3588967
-1.6618211,-0.18972716,-3.0230942,-0.19993319,-0.50068766,-2.122315,-3.668964,-5.903812,0.5170458,-0.7967243,1.8350266,0.63310766,1.4964772,-12.353761,-1.2742155,0.29023728,0.23765628,0.19301382,0.4297379,-0.524996,3.2789276,0.2439662,0.9335596,-15.18589,-1.5388693,-0.28167444,0.057627726,-0.06600498,-0.4171938,-0.33785194,0.22359788,-0.07071215,-1.0147595,-1.360837,2.0217283,-0.403426,-5.290758,-0.8059035,-0.38410157,-0.32055584,-0.44781756,-2.1101768,0.09425653,-0.28075045,0.23226929,-0.0061199977,0.21868989
-4.6443753,-0.4980774,-1.0388978,1.4107184,-0.93999994,0.21263468,-0.80954486,-20.101967,-1.1924535,-0.64361453,1.3499277,0.55523753,-1.27657,-8.4276705,-7.460274,-0.086156495,0.21033396,0.010192161,0.43286276,-0.51466084,7.0740075,0.36103413,-0.40205175,-14.938995,-4.436244,-0.8317951,-0.6160872,-0.17131026,-0.00604809,-0.45580825,-0.00085312,-1.8464307,-0.90802735,-0.8335733,1.6181434,-1.0451006,-5.8076186,-3.5196834,-0.4130831,6.241874,-0.41913986,-2.4383187,0.31882653,3.93315,8.505799,-0.28304875,10.462534
-4.5151553,0.12161627,0.6704663,-0.7411569,0.66214186,-10.986773,-16.637657,2.2657454,0.38067803,-0.38211533,0.3896999,-1.3413974,2.2397265,30.76036,6.384748,0.84867084,1.3902068,-0.70468247,-0.34329626,-0.16224866,20.202862,-0.7162005,-2.5774121,33.280895,-1.7142087,-0.18699186,0.3409895,0.17387576,-0.5162321,0.3220094,0.037568294,0.107249364,-1.357417,-7.4882674,0.69012797,-2.2788002,13.874578,2.0002604,0.54310936,2.7741528,-3.5884051,3.5551715,-0.9895293,1.0407462,7.1172657,0.08536835,15.066367
-6.3929763,-0.93399644,0.69059896,-0.05304373,-0.26988414,-9.746154,-14.610622,1.9349302,0.27814153,-0.60075647,0.801006,-1.2795823,-2.9596205,32.11422,6.1281447,1.9208423,1.1204942,-0.7087971,-0.42231163,0.12681688,16.678919,-3.3744295,-3.0563853,34.26117,-0.75098807,-0.40536797,-0.2241967,-0.10250743,-0.5643358,-0.9851602,-0.8393092,-0.5898338,-0.9688457,-7.0910745,-0.24932449,-3.6269584,13.756492,0.8061254,9.717893,7.1029596,-1.571495,5.528026,-1.2250098,1.1495112,7.2827573,0.14790595,14.986658
4.6728883,0.047405202,-0.85911936,0.95863986,-0.336713,-11.917274,-14.68314,-0.09056796,-0.42652178,-1.3017788,0.9593773,-2.2010167,-1.783387,23.139233,5.455407,0.30586356,1.726072,-0.6914392,-0.4896124,0.23539983,18.71851,-0.53005266,-3.4508884,34.90512,1.2114807,-0.3676536,-0.19423033,-0.26521593,-0.16105613,-1.3581289,0.061078288,-1.5810529,-1.3503684,-5.6137285,1.7530007,0.40703484,14.619141,2.2094433,1.0365577,3.3532343,-2.0969408,1.7552274,-1.5648117,1.4038178,8.608727,0.22014461,15.801237
1.3705177,-0.1892193,-0.68341213,0.2003766,-1.3165652,3.2116404,0.04058156,-7.678601,-3.5195258,-0.48574877,-0.55974066,-0.01636514,2.3121433,-14.417973,-1.8310283,0.46665695,0.19348438,0.41031408,-0.077616446,0.106097214,-4.214961,0.09314571,-1.5361246,-19.458311,-1.5308641,-0.07547759,-0.411011,0.0071343663,-0.32685468,-0.59143174,-0.040537044,-1.7566628,-1.4992106,-1.4415078,-1.5314093,-0.62543267,-5.973988,-0.3750915,-1.0169288,-4.153525,-0.41446835,-1.24196,-0.39511225,-2.2200665,-5.844948,-1.6296625,-14.1447115
1.2545617,-0.108185776,-1.41362,0.35568514,-1.1315988,2.4605505,-2.1210117,-7.5674853,-2.42427,-0.9166097,-0.41565475,-0.014557188,0.734478,-13.271359,-2.184708,0.01418818,0.19369087,0.1495516,-0.085216105,-0.24747488,-3.7189085,0.35930312,-1.6577946,-17.606802,-1.9579636,-0.017784508,-0.32676628,-0.110697165,-0.3167601,-0.48853174,-0.13141517,-1.6428423,-1.9453442,-2.717269,-1.0033196,-0.53830945,-5.7016926,-0.6504707,-0.9257986,-3.9362512,-0.5469471,-0.9907689,-0.4168017,-1.9890466,-3.977513,-1.5868347,-13.748596
1.4087057,-0.18506481,-0.6051316,0.2069926,-1.2656585,3.1311288,0.1147003,-8.39596,-3.3716521,-0.5733108,-0.549737,-0.049765356,2.3229434,-14.559756,-1.7555771,0.46377012,0.17302231,0.40926296,-0.1095381,0.14496447,-4.2520914,0.11728272,-1.2758665,-19.496819,-1.8803481,-0.067401275,-0.6816257,-0.028359795,0.3264002,-0.51402205,0.010512752,-1.4767262,-0.9475115,-1.8930813,-1.427537,-0.6274354,-6.983921,-0.41718906,-0.6923735,-4.080698,-0.43810058,-1.2482249,-0.29194498,-2.2678368,-5.696535,-1.6113404,-14.062477
1.1943507,-0.19047047,-0.44539595,0.16807462,-1.2911872,3.1511397,0.3183369,-8.314914,-2.1264455,-0.9472589,-0.68571275,-0.055351477,2.3333278,-14.683172,-1.7546965,0.47572783,0.16734172,0.38524932,-0.0971329,0.20783815,-4.3253264,0.14422803,-1.1196939,-19.485352,-1.9568326,-0.055502344,-0.30385897,-0.026158525,0.32781905,-0.5151615,-0.01744191,-1.44762,-1.4547702,-1.9703012,-1.6815069,-0.6986605,-7.217778,-0.3940755,-0.7145813,-4.152582,-0.38684833,-1.2501436,-0.29496396,-2.281563,-5.9509654,-1.6561815,-14.313585
1.397949,-0.1833559,-0.40913567,0.19258957,-1.2873206,4.0080423,-0.004445022,-8.1038,-6.4878445,-0.4876938,-0.48087722,0.032611188,2.5062935,-14.449777,-1.7788305,0.44099015,0.041275278,0.38633448,-0.0797981,0.11170237,-3.5424502,0.10599387,-1.2623545,-19.468277,-1.4479135,-0.2675348,-0.3303908,-0.03232879,0.28959906,-0.51521313,-0.21961835,-1.5211847,-1.0089275,-2.0233212,-0.8118414,-0.23488073,-6.957961,-0.41466022,-0.7340902,-3.8432307,-0.56403947,-1.3282719,-0.46615645,-2.1518445,-5.5875163,-1.4422098,-14.166964
1.5037677,-0.3096343,-0.4841751,0.31744105,-1.4043338,4.116613,0.35761228,-10.873777,-4.7968125,-1.4048467,-0.61379176,0.21915959,2.0202053,-12.461418,-1.6614455,1.045652,0.10028892,0.6461638,-0.26493433,0.59341395,-4.0150685,-0.05257439,-1.2064646,-19.166203,-1.8539788,-0.4077964,-0.43647867,-0.08309339,-0.78081995,-0.89737797,-0.16200775,-1.1696343,-0.41264933,-2.4690144,-1.3021358,0.46068487,-7.175522,-0.40762082,-0.534301,-4.1263404,-0.31736603,0.40837473,-0.53013957,-2.8237734,-5.2070975,-1.0186315,-14.530892
1.7739751,0.00927667,-0.627826,-0.18718773,-1.3219502,3.0997236,-0.024197597,-7.3516545,-2.228133,-0.49590486,-0.5329575,-0.081485525,2.3083408,-14.432314,-1.7126476,0.4304448,0.20395094,0.37510327,-0.10180478,0.10349959,-4.1704144,0.21094088,-1.533937,-19.494678,-2.0189736,-0.07097204,-0.6040999,-0.06001979,0.08569996,-0.5095715,0.0023492756,-1.420518,-1.4744751,-1.9686195,-2.0942893,-0.36736265,-6.597569,-0.392162,-1.0271689,-4.149447,-0.40907553,-1.2516195,-0.31443143,-2.3000789,-5.8549147,-1.6142445,-14.854788
1.2533008,-0.16556048,-0.1278143,0.14207542,-1.0590501,4.0878663,-1.8288825,-5.866262,-10.99857,0.30754265,-0.38489488,-0.37064508,1.3317239,-14.597118,-2.108022,1.4969611,-1.1368688,0.71984875,0.20469947,1.6107713,-2.3427396,-0.7442316,-1.5111145,-19.073334,5.9909005,-0.086128995,0.90785855,-0.0846401,0.18410286,-1.1772923,-0.11385125,-1.5900753,-0.5471231,-0.024431668,0.0046457695,0.21660815,-7.0750947,-0.47131082,-1.5785767,-3.821756,-0.112678126,-0.90829164,-0.44438848,-2.6022782,-6.9660654,-0.96936494,-15.657829
1.1161573,-0.13377458,0.009586807,1.1122992,-1.3470081,4.588353,0.075902596,-5.7180843,-11.171607,0.04127669,-0.40651685,-0.37406978,2.3084648,-17.794727,-2.1819663,1.5429657,-1.1053245,0.19434881,0.55357516,1.3770694,-3.3345149,-0.65058666,-1.8824439,-19.143307,4.9695086,-0.39785108,-0.40109333,-0.105226934,0.2420436,-1.5933471,-0.11347351,-1.9894183,-0.67276824,2.2007535,0.3437437,0.46813795,-7.6275005,-0.21903755,-1.5470783,-3.5066261,0.6041816,-0.6610378,-0.22185074,-3.0887642,-5.1487784,-1.1051465,-16.227428
2.0853286,-0.25862616,-1.1295657,0.25434554,-0.6857111,3.1961982,-2.7382848,-7.37793,-10.652628,0.24355914,-0.7069227,-0.7451729,1.4945706,-17.045448,-1.8494688,1.1135337,-1.9299624,0.72418284,0.48580888,1.6440171,-1.1304903,-0.98078024,-1.5228331,-19.3732,6.388766,-0.058910307,0.7988228,-0.098484285,0.16569446,-1.158321,-0.19313979,-1.1466132,-0.6486879,1.4431233,0.18958427,0.2010135,-6.6192236,-0.277231,-1.7255867,-2.075167,-0.12299837,-1.3754205,-0.026979256,-2.4097607,-7.931465,-0.79508185,-15.718271
1.2433674,0.053459,-1.1070408,0.027838653,-0.72399926,-0.64871174,-5.1281786,-7.236164,-10.869101,0.35779616,-0.6368903,-0.6409898,-0.4040786,-15.64032,-1.3205901,0.50042194,0.32199264,0.89896744,-0.21817476,1.5742496,-0.36481452,-1.019761,-2.1136873,-17.867868,6.094441,-0.3532062,0.8012221,-0.11214107,0.46248356,-0.8783798,-0.3020061,-1.1076735,-1.5326955,-0.8878264,-0.7239739,0.6422554,-5.882489,0.11585161,-1.1745397,0.6561574,-0.6456676,-1.1218797,-0.18107368,-0.67587686,-7.2568865,-1.1503228,-12.001791
1.1839368,-0.20231737,-0.21328749,0.16685194,-0.29176354,3.8865123,-2.3573883,-6.72858,-10.7508955,0.35280636,-0.29225573,-0.75464803,1.5529687,-18.13703,-2.097092,1.22622,-1.1657853,0.63716686,0.35452244,1.6618768,-3.4253504,-0.7111319,-1.494407,-19.124947,6.4505877,-0.06265251,0.9361696,-0.12136558,0.08301171,-1.2219055,-0.11627422,-1.2729049,-0.64969295,2.4294245,0.14950983,0.16595058,-6.6237965,-0.16477892,-1.6434964,-2.3116417,-0.15336809,-1.2304269,-0.1551069,-2.4954028,-7.4429965,-0.82476276,-15.112971
1.3419079,-0.18713608,-1.203169,0.33247367,0.22839238,3.1576924,-2.5445485,-5.821065,-10.27183,0.3120401,-0.9697201,-0.4030736,1.4629464,-17.566107,-2.0215745,1.380962,-1.5353502,0.2832633,0.9147629,1.6146568,-3.855635,-0.7026646,-1.7982793,-19.121817,5.288542,0.006992622,0.49668398,-0.12328802,0.1982925,-1.3379917,-0.10808829,-1.0889144,-2.0508587,6.4439683,0.3606781,0.7987774,-6.880016,-0.43638447,-1.9720933,-6.4357195,3.8346,-0.88015455,-0.15599924,-3.4410865,-6.6756573,-0.83204156,-16.146004
2.0865333,-0.22007869,-0.10038514,1.1416379,-0.06831574,3.219135,-2.9231627,-5.7537303,-10.83887,0.29992235,-0.5825424,-0.46275046,1.5348572,-18.425516,-1.8964423,1.5069563,-1.2493229,0.2651862,0.36762822,1.5876269,-4.0277076,-0.7038293,-1.9261687,-19.102486,6.6115656,-0.076281056,0.76781654,-0.10204667,0.08534463,-1.1878312,-0.006636538,-1.6590607,-0.66535467,2.4319973,-0.21262592,0.7730063,-7.47962,-0.34059897,-1.6326445,-2.3966591,0.9623099,-0.83435184,-0.04912951,-2.809096,-8.521375,-0.76217157,-14.690335
2.1681738,0.23782551,0.33206004,0.33794925,0.090474,2.6670594,-3.8532245,-6.109483,-10.270722,0.29776162,-0.7847982,-0.60219324,2.051071,-17.734056,-1.8739549,1.6310638,-1.1899456,0.5078752,1.0352124,1.6049833,-3.5200307,-0.81988096,-2.249622,-19.202448,5.7296696,0.14561279,0.8432088,-0.2159579,0.2928534,-1.2635546,-0.0988116,-1.6939363,-1.6445879,2.2426476,0.2136187,0.6413787,-6.9247627,-0.42209306,-1.6273284,-3.4435058,0.94529176,-0.7809145,0.013749157,-2.425105,-8.321076,-0.93571275,-14.198606
1.3458153,-0.09680568,-0.8821101,0.40750507,-1.2571379,3.3540788,0.231806,-7.0033607,-7.43642,0.6864098,-0.41598898,0.35104048,2.7132893,-15.836449,-1.6262139,0.9893525,0.39213583,0.64166385,0.07838524,0.21459085,-2.5192966,-0.74900216,-1.618652,-19.039759,-1.4748062,0.036157362,-0.48587084,-0.049669966,-0.0493221,-0.45925936,-0.18018888,-1.8469876,-1.2067395,-4.017195,-0.7048494,-0.23693241,-3.6860185,-0.5957211,-1.1160444,-2.5102983,-0.31731802,-1.085418,-0.07571034,-2.129617,-6.266294,-1.0416576,-14.481881
1.0787984,-0.01655049,-0.780195,-0.48541015,-1.2747706,3.618472,-0.3414172,-6.980624,-7.457334,0.60422105,-0.5903175,0.4264043,2.79697,-15.842528,-1.6429021,1.0664921,0.37003165,0.6107713,0.11533984,0.24757703,-2.8767853,-0.7812071,-1.4414809,-18.90211,-1.4802008,0.060934264,-0.42640027,-0.043582477,0.023212055,-0.46744087,-0.18818991,-1.6333052,-1.219947,-4.071796,-0.55207616,-0.37714046,-3.8428252,-0.65027785,-1.1316707,-1.6031357,-0.32173392,-1.0923767,-0.08341183,-2.1148942,-5.336082,-1.0680354,-14.503241
1.0889026,-0.19413732,-0.060348954,0.21426187,-1.0546649,3.5363686,-0.022934696,-7.3058205,-6.4705625,-0.8209292,-0.6413878,-0.021751951,2.8569677,-13.759288,-1.8247803,-0.032351695,0.048255324,0.4410478,0.052882914,-0.6472982,-2.4918556,0.8818493,-1.5214255,-18.592072,3.5525074,0.0499027,-0.2937495,-0.03929727,0.16320406,-0.8140156,-0.06948934,0.4249767,2.3569791,-0.7635151,-0.5418828,-0.118596174,-7.0314355,-0.39951214,-1.1124719,-3.7216656,-0.3859094,-1.2478936,-0.27106136,-2.9349656,-7.890498,-1.0583968,-15.657766
1.3233374,-0.088808335,-0.9048484,0.071639575,-0.92639244,3.4486175,-2.272454,-6.974692,-5.9615498,-0.805104,-0.52853715,0.16200478,2.6697965,-12.490951,-2.5134444,0.09442871,0.27330533,0.29261237,-0.025282204,-0.22868137,-0.6218977,0.8032295,-1.9163889,-19.186014,-0.5356697,0.0757019,-0.3563579,-0.019891195,0.13721956,-0.060175102,0.1713953,-0.8620038,2.6930013,-2.0096486,-0.53982115,-0.07567149,-6.697534,-0.08939747,-1.219361,-4.4722333,-0.46204156,-1.2771091,-0.46152747,-1.951897,-4.4970317,-1.3549919,-13.917292
2.0911586,-0.21566641,0.26327494,0.69918543,-1.1281375,4.939917,1.085212,-6.8842134,-9.622717,-0.9567393,-0.7140907,0.009855518,3.6819277,-16.8407,-1.4582583,1.1621033,0.04311018,0.5528861,-0.1347593,0.04881244,-3.4456437,0.4238004,-1.4102557,-19.352404,5.8632603,0.20107563,-0.13362634,-0.036475122,0.042105615,-0.68642116,-0.07517339,-0.05802679,1.9317307,1.6384861,-0.28434655,0.0142560005,-7.2201753,-0.3997537,-0.74962914,-4.1093884,-0.18460175,-1.2818804,-0.3657793,-3.1763866,-9.791164,-1.1459656,-16.935183
1.9973099,-0.20663036,0.34235945,0.6751537,-1.1237265,4.9851203,2.0069323,-6.7739935,-9.688594,-1.0201918,-0.72401255,-0.0028851675,3.6864886,-16.793873,-1.4416742,1.159255,0.110928506,0.55434746,-0.13090333,0.046156675,-4.854804,0.418576,-1.4240117,-19.337679,5.7187524,0.1951126,-0.15391845,-0.05721161,-0.07312903,-0.6827365,-0.07540515,-0.24768288,1.9371027,1.6350138,-0.31702265,0.01022355,-7.2099347,-0.34317738,-0.7130548,-4.0651045,-0.18116473,-0.51280624,-0.35388908,-3.5357242,-9.707359,-1.1392407,-16.785578
2.0284317,-0.20278086,0.25870994,3.0408328,-1.1270605,4.7423487,0.85912204,-6.6526604,-9.214982,-0.9996862,-0.7318968,-0.013469541,3.5068798,-17.205992,-1.4614725,1.1360672,0.09780942,0.5105453,-0.13501689,-0.008225405,-3.8409336,0.3975017,-1.3959849,-19.367857,5.64625,0.21161893,-0.13207664,-0.06069168,0.029922284,-0.65452844,-0.062418863,-0.24256632,1.9163243,1.526956,-0.53547275,0.2736623,-7.875587,-0.31073138,-0.81994706,-4.124487,-0.009870987,-0.686007,-0.40765437,-2.9977863,-9.914568,-1.0854927,-17.130886
-7.674146,-0.054514345,1.9387771,-1.1589173,-0.034786712,-8.755248,-6.67224,10.677564,37.055458,-1.4833024,0.49212354,-1.270625,0.74934524,28.953424,-0.8778147,0.6411861,-1.9898841,-0.26909357,-0.81018126,0.8594961,19.474415,-0.5461897,-3.0178063,30.611057,-7.7547817,-0.5738143,-0.28645447,-0.7157356,-0.015517513,2.492128,-0.9104295,-0.6163372,-3.5499394,8.504666,2.0779502,-2.709685,14.341369,-0.78988194,-0.6501983,22.069965,-2.838298,5.3898916,-2.0238242,0.7569542,6.816528,0.07250414,16.611532
2.0228431,0.053343214,0.26292646,2.0220947,-1.2222048,7.252341,2.0808837,-6.1603284,-10.648017,-0.22716683,-1.3269811,0.09540782,3.2210462,-17.554392,-1.2190703,0.4342732,0.06431967,0.38791326,0.037418164,1.4122659,-4.924727,0.04045973,-0.9731907,-19.46942,5.6549764,0.22308329,0.61485296,-0.008419116,-0.065509096,-0.917343,-0.15814854,-0.3825006,1.6101779,1.6389406,0.026447836,0.103171,-8.692708,-0.40379825,-1.1133971,-4.461963,0.15938304,-0.36896688,-0.5514408,-3.4385993,-9.330177,-1.042537,-18.804413
2.1179695,-0.09765285,0.27889392,1.6588192,-1.1847825,5.1526523,1.7809033,-7.5365686,-10.422149,-0.3119183,-0.8999785,0.08287518,3.3316185,-17.638788,-1.3643911,1.171361,0.09510722,0.5103138,-0.11611043,0.43297663,-4.9158425,0.19630322,-1.3069196,-19.743904,5.784134,0.19001569,0.40688413,-0.038524322,-0.06622697,-0.68433344,-0.16404569,-0.29273254,2.0643187,2.0521548,-0.108692706,0.09375692,-7.7570286,-0.19935733,-0.8903887,-4.001193,-0.11019083,-0.62999475,-0.43210125,-3.6453345,-9.314748,-1.1664696,-16.641014
8.197841,-0.34587768,-0.36784106,6.88777,-0.0886743,32.72483,30.435057,17.84509,8.532373,0.4029629,2.15489,0.36569822,22.602707,-3.2055006,-1.4541847,0.697122,-0.036668345,1.0129614,2.27893,3.9470496,3.123095,0.48485434,9.486334,39.261414,21.303728,0.705374,0.56784934,-0.13656206,-0.63871515,2.1448355,0.3427214,17.872444,4.0473814,31.336416,4.5168586,4.6743474,31.163967,-0.3593145,2.4079905,31.33946,0.17162442,-1.4068836,1.8420509,8.298349,-0.10591441,0.61139786,28.204601
11.7910185,-0.1735541,1.3047668,10.347097,-0.25207588,26.279594,32.73239,17.010054,5.485361,0.23863097,0.34975624,0.34089798,25.944242,3.5568738,-0.5740972,0.64472604,0.0047995197,1.1710669,-0.3866246,3.406412,1.8820049,0.5071528,10.13205,37.283447,26.534971,1.3317276,-0.2534527,-0.10969797,-0.56167513,2.455527,0.27175316,19.305954,3.0679939,31.688848,4.2453203,1.6251655,29.891945,-1.3088177,6.862323,24.36167,-1.9693097,-2.2737322,1.1696734,3.8837173,10.904003,0.6524316,26.53161
11.948341,-0.78590393,0.9149159,12.98428,-1.6871595,25.252914,32.516293,16.42743,8.328884,1.4730835,0.556214,0.24642763,26.291998,4.9762387,-0.8755254,0.36177114,-1.327376,0.7959879,-0.07172219,5.0839524,-0.51869977,1.3321359,9.153194,35.940693,30.855299,1.2787955,0.13753693,-0.23000704,-0.5342535,2.38834,0.12840414,18.887304,2.5509214,30.18977,3.72735,0.4055681,27.710869,-1.0798603,5.1965866,24.561993,0.3076251,-2.4890783,0.9870034,3.8555968,10.967988,0.43128386,25.899548
10.214156,-0.24913159,0.60457253,10.58087,-0.074097075,29.2324,28.8479,14.621773,3.6113,3.4691477,1.1376381,0.36047766,24.95073,28.967764,-0.70235693,0.9356687,-0.52187467,0.7078913,2.0464842,3.5042431,2.1275625,0.5936646,-2.7943473,38.845608,26.085533,-0.13097958,0.17856961,-0.100562125,-0.6738719,2.681389,0.1476773,16.693035,6.184136,23.410746,4.3512816,10.054352,24.590748,-1.0169096,6.27189,11.369724,0.3888853,3.1172981,0.93444604,3.821742,11.149545,0.44844383,22.818039
16.215866,-0.3536449,-0.6292975,10.696395,-1.1614385,32.878227,53.605167,8.751539,6.780758,3.3014355,0.45598742,0.37858605,22.716969,7.8880234,-1.6266781,0.4900635,-0.4541168,0.42705014,3.0712287,4.7887516,2.2843506,4.2302794,-1.794513,31.905823,30.332325,0.478155,-0.033105057,-0.6366966,-0.3621354,2.6963072,-0.56643677,16.490505,1.7663949,29.43583,4.344739,10.231525,18.181253,-0.8717094,6.4546585,23.55423,-0.030246342,-0.74014646,-0.4602127,2.7114906,7.3719807,0.22601464,18.429842
8.993864,-0.45358312,-0.3858121,8.308444,0.2767167,27.92932,31.48516,16.902521,3.677711,0.8026221,-0.06544428,-0.073861524,32.824665,28.115667,-0.20757923,1.0426837,-0.67060065,1.2312269,2.0530624,3.4644349,1.8505977,1.0479327,8.590528,37.082996,21.60696,-0.033485703,0.6377485,-0.17466421,0.26736128,4.120433,-0.891784,13.148684,5.754373,22.03973,4.0249786,2.4297378,28.02937,-0.9991495,0.8550899,11.897479,-0.6746882,6.209038,1.6162581,2.8468022,11.591341,0.13062027,25.592567
4.8704233,-0.30024567,-0.110801525,5.4693737,0.7540298,28.262321,21.840487,17.988043,10.726409,-0.72481954,0.1349554,0.48023027,26.153946,27.764622,-3.6608489,0.9079414,-0.9595513,0.75808495,0.92792547,1.7332023,17.073492,1.4576927,-2.0582032,40.929977,21.194683,-0.13279934,1.9707248,0.24729936,0.59165853,1.6169744,-0.035105754,13.234253,4.429171,22.240585,5.081013,2.6137128,25.37087,-0.97709996,1.9880474,9.654609,-1.5100633,8.09403,0.99218905,4.8744483,9.919244,0.9693176,18.56156
3.042894,0.11023639,-0.7297448,8.431338,0.37452382,22.989452,19.929333,22.272957,9.685551,3.7290292,0.735321,-1.0259732,16.644573,29.766453,1.3836805,1.3995806,1.2264516,-0.29522815,-0.7418071,-1.3238938,21.908144,0.5194076,9.012799,39.108685,16.273602,-0.4240709,2.0821695,-0.029714378,0.5770242,4.691432,-0.7813291,10.272331,6.5245275,16.942564,4.168662,3.09822,25.817263,0.26814434,-1.5268084,9.536386,-0.8345952,7.6821885,-4.316597,1.9494287,10.46627,1.4180627,20.995747
7.9015427,-0.30550203,-0.043797232,2.1537893,-0.17098697,-21.081287,-9.136479,17.60839,3.398601,-0.080584444,0.6413318,0.80924714,14.821243,23.180666,-1.4732856,-0.9774048,1.2689598,0.059918243,-0.39322144,0.18579619,20.832666,0.78560877,11.757415,36.547062,-0.73166436,-0.10128037,0.3300844,0.45310727,-0.47542578,4.3305216,-1.2892153,9.397827,-0.27927083,11.956161,0.1759915,0.9393892,13.918212,1.02148,-0.20289248,7.0001383,-1.2854366,4.80394,-2.3628666,1.464715,7.0954857,0.12947673,16.704119
4.799024,1.9774616,0.14033693,7.5890985,0.5492033,29.090176,30.247652,18.377296,3.9757366,3.0776484,0.32158384,0.67436373,33.75679,25.9482,-0.3376584,0.3529776,-0.5558225,0.48477367,0.21182883,0.26738116,2.9782834,0.860851,13.526658,2.7002106,41.724884,2.8012333,0.88785094,0.48139948,4.1698804,1.4245163,0.38878205,-0.48314714,0.6194123,22.82906,3.44141,3.1557348,24.987457,-0.9992202,5.8283415,14.365199,-1.545218,8.631643,2.3096907,7.8008313,14.591364,1.2276074,38.713566
1.6383755,0.48137584,-1.5363657,-3.5868359,1.3912808,22.806957,16.320799,14.918263,14.308117,-0.7725612,1.5562637,1.0601006,-0.165869,12.608787,-4.5299726,0.49818143,-0.5632339,0.09635102,0.6442928,2.0551236,4.1448803,-0.02013518,4.0796933,34.08292,23.611263,-0.5895615,1.8846895,0.28520772,0.50829965,11.283452,0.20908804,-0.4189934,-1.0649804,-12.162686,3.5328152,-2.4797013,18.717478,0.942013,4.3346004,6.84264,-1.6431127,10.01431,3.1848602,4.0391307,15.239721,1.8197736,19.828278
0.47313696,0.112300135,-2.20772,-1.7370944,0.7211559,19.63341,14.3113575,7.632736,13.273578,-1.3052007,2.214103,0.57710797,1.855035,-6.2292366,-3.95553,0.69860727,-0.21200617,-0.08545045,0.35558718,0.49102497,3.0064244,-0.8160215,-3.8196962,29.021437,26.352451,-0.47569746,1.7314492,-0.22551674,-0.5954786,12.548796,-0.09454201,-0.14089707,-1.7420157,-5.314197,3.2327673,-4.879141,19.201553,0.29623955,8.764121,13.405501,-2.1381528,4.6571813,2.6427057,4.9731646,13.164061,0.92575777,24.409046
-7.2195306,-0.35497376,-1.479343,2.6603315,-0.3514368,24.054716,20.469782,10.859778,19.602186,1.674079,2.7475183,0.30928797,4.127658,-3.0308332,-3.3213563,2.4856734,-0.0008099591,0.041588876,-0.99365735,0.43372363,3.0769281,-0.46151748,-3.8414161,25.599836,26.483953,-0.74348027,1.9525293,-0.23140371,-0.6444007,16.307482,0.028071316,8.929618,-0.29826662,-5.521985,3.392077,-2.449947,23.30467,0.20084636,4.6496143,17.468002,-1.6413451,1.6176782,1.8026165,6.779197,11.660672,0.0601733,28.11949
-2.6617393,-0.3284322,-1.6919255,4.7442455,-0.30772233,19.586456,16.049253,9.173304,4.740999,1.867752,2.0825775,0.31263524,-3.2136705,-1.2113135,-3.6077132,1.6530343,-0.046346344,0.061253883,-1.055463,0.9555149,3.3435009,-0.50805026,-3.4951806,19.290836,26.231668,-0.5752263,1.7192225,0.43451315,-0.58128595,15.218377,-0.070027515,-0.7618726,-1.5034379,-4.9247613,2.4206822,-3.0302496,22.695667,0.04681664,7.3045287,16.303162,-0.72588235,5.208294,1.777024,4.7049723,14.342701,0.8697321,23.676874
-2.242608,-0.7105095,-1.8676708,5.7067294,-1.8898174,28.134287,20.391432,7.348227,4.4526095,5.700677,2.775472,0.11245201,11.127811,6.1630282,-2.130326,0.11711819,-0.049373724,0.09627607,0.67699087,3.914162,2.7315564,-0.61994666,-3.9290974,-2.384923,34.713707,-0.6609208,2.831717,-0.014033134,-3.242729,11.789485,0.034728426,0.541074,-1.7144248,-3.9083626,1.7515488,-2.0685315,18.661379,-0.28332692,10.434019,17.612875,-0.6987932,3.5145695,1.1501908,7.634107,11.413616,0.63930357,35.926144
-6.2862735,-0.25347352,-1.2466795,4.402864,0.4946102,26.428232,17.119627,11.198293,0.28489822,5.5034957,2.2001314,0.29205164,10.037413,-4.8053308,-2.8022394,1.4997092,-0.10314826,0.09104623,0.3628975,2.6640284,3.0390546,0.38304922,-2.729708,23.559345,25.734428,-0.71844316,1.7621051,-0.2405701,-0.5689202,9.6949835,0.09398936,8.611903,-0.47277674,-4.693314,2.9673655,-2.5426,24.013073,-0.14757226,9.975055,14.100916,-0.07441509,1.3674394,0.7142899,6.5046983,13.217051,0.6547671,28.394117
-7.630507,-0.014767204,-0.56924313,3.5504704,0.36932212,25.170664,14.258016,9.331971,12.601249,-1.3836398,2.4007132,0.51456887,-0.79464895,3.553711,-5.702924,0.13479576,-0.25712252,-0.085601315,1.1868693,-1.0551391,3.3294594,-0.5968945,-4.043158,27.203337,28.35602,-0.9103088,1.6467625,-0.11016164,-0.6580638,14.984009,-0.079651035,10.758552,0.670076,-6.3682714,4.21627,-3.6145067,23.32888,-0.17484497,5.880443,14.319891,-0.47444737,1.0544496,2.974307,6.0946426,15.693132,0.9268227,29.850466
-3.4641352,-0.11699688,-2.0489902,0.7090268,-0.81569797,20.662928,-12.27023,4.034025,-2.1403782,5.801952,1.8924085,-1.1006252,11.957296,-5.044899,-4.6856894,0.2886985,-0.75933784,-0.1556166,0.7385809,-0.7881631,2.7990968,1.0147634,-0.026758844,24.607735,26.128408,-0.82604253,2.8189127,-0.18777171,-0.5336979,11.088943,0.07359502,-0.5784242,-1.421913,-4.245513,3.8794014,-3.195599,18.526146,1.4051021,8.672728,12.659823,0.3256849,-3.056925,2.1826503,7.294312,14.77489,0.10288995,20.358335
-3.3011107,0.71626174,-1.6249862,3.6446218,0.06628628,24.474257,-7.687462,9.497227,10.559854,5.889136,2.9155176,0.9477237,6.5004272,2.8159852,-1.4920402,1.3323463,-0.4270369,-0.14814539,0.6486378,1.3183914,3.2461138,0.9469564,-0.71909016,0.060522635,35.16407,-0.39390352,3.0528295,0.40401086,-0.30447078,14.653513,0.71829957,1.0626029,-0.6989517,-5.271147,4.2810116,-0.35723263,19.272158,0.71445763,15.386047,18.744875,0.021152524,-0.6037571,2.6367247,8.503373,14.97996,0.65061986,35.583965
-3.2386177,-2.9446077,0.03151522,-0.8328744,0.69395834,9.168119,-7.5589957,37.066586,38.68042,0.26337594,1.5535306,-0.42937958,-1.8679012,26.965805,0.37541613,-5.3926344,-0.49754897,-0.41035017,-0.7008418,0.71963096,21.669306,-1.3347163,-0.50109845,-15.367298,-1.5693228,-0.9831252,0.49403286,-2.7713063,-2.4954944,9.240927,0.11584283,3.1969354,-2.5345547,-6.945472,5.9190626,-1.1767857,22.126925,-0.00089574174,10.977529,13.7614155,-6.492227,3.965603,1.9513906,-1.5162762,7.2704196,-0.24576381,26.6115
-1.6112452,-0.26332372,-5.995328,-0.26090443,-1.1535801,1.9889865,-3.0786898,-8.307224,-7.751898,0.4455936,-0.067161284,0.37488627,0.83008677,-13.220255,-2.2840579,-0.3897251,0.6074845,0.5150419,0.26170826,-0.65112627,0.54372185,0.043648925,-2.0615985,-13.347644,-1.4197187,-0.27650574,-0.52513254,-0.04740923,0.21709119,-0.6186678,-0.36621782,-0.52037823,-0.8392178,-5.1629386,-0.2477618,-0.45422524,-2.4888458,-0.59768546,-0.72841156,-3.4683263,-0.44204673,-2.7606301,-0.6194437,-2.1239264,-3.4114413,-0.8400328,-8.126784
-1.1242009,-0.044028327,-3.9155107,-0.1024952,-0.84058315,1.9147736,-3.6073823,-8.348799,-4.238247,-0.19651729,-0.3748652,0.2790495,1.1512904,-13.86562,-2.2517514,-0.035357706,0.46499372,0.7825506,0.21794742,-0.15035382,0.1577238,0.094153725,-1.2137938,-15.283556,-2.2285578,-0.15460926,-0.3777946,-0.058179744,0.26431838,-0.77387893,-0.3731844,-1.2460936,-1.2300308,-4.481525,0.25600752,-0.89888614,-2.9737213,-0.39816254,-0.94002986,-3.8287027,-0.22660066,-1.3223872,-0.65855294,-1.9944186,-3.6521952,-1.0653634,-12.081485
-2.6337445,-0.42844343,-5.9038196,-0.7668414,-1.1679054,3.1413543,-4.2932763,-9.197628,-9.440656,-0.48953617,0.65967464,0.19632222,-1.8731184,-10.698461,-3.132914,-0.5131996,0.46252087,0.13214941,-1.0011897,-0.4307679,-1.0373932,-0.0073403073,-2.9239516,-16.203106,-2.462392,-0.16749081,0.17185968,-0.092722625,-0.11373498,-0.6139171,0.021612326,0.76864266,-1.749494,-5.906596,1.3900052,-2.3403058,10.125778,-0.05012229,-0.9118982,-3.1310024,-0.89056176,-3.4781456,0.24224305,-1.2538724,-3.3049974,-3.5605733,-6.033627
1.1654859,-0.34248868,-4.792288,-0.30955058,-0.87510735,4.610799,-0.83320576,-9.306603,-9.567429,0.05897616,-0.5916893,0.16278447,6.5989604,-15.045765,-2.2745469,-0.4274324,0.36823785,0.065024175,-0.6539154,-0.06387223,-0.7424669,0.90471137,-0.96906626,-18.776382,-1.9597019,-0.20442556,-0.58693016,-0.18337859,-0.6457328,-1.509168,-0.78618807,-1.0144378,-2.1903958,-4.559606,0.053826347,0.07575446,12.492988,-0.91299844,-1.8424624,-3.7567797,3.7300193,-1.4629298,-0.62459964,-7.6690407,-3.458421,-8.86838,-13.054661
-1.6919241,-0.42865375,-3.544605,-0.51327914,-0.77330536,2.5053394,-2.9628596,-8.438148,-4.5257573,-0.36629096,0.77757066,0.12481297,-1.4448966,-13.03344,-2.5794697,-0.4353164,0.67700344,0.55472517,0.20706564,-0.49248147,-0.67137897,0.12464194,-2.8032374,-13.112216,-2.6943808,-0.19207591,0.10799996,-0.07776085,-0.22751148,-0.7937968,-0.19377396,0.60196024,-2.162065,-5.760427,0.8559281,-0.8831259,11.334366,-0.021667544,-0.45790792,-2.1971583,-0.7146967,-2.6900074,-0.71692395,-5.6277328,-3.6824152,-6.0479426,-8.554382
1.4820981,-0.13999473,-2.0969799,-0.112932555,-1.0083202,3.9303503,-1.9632943,-8.212464,-4.8053794,0.02145307,-0.3835063,0.35034803,2.7604074,-13.765006,-1.687746,-0.08122127,0.52524614,1.0205463,-0.13269036,0.39019522,-3.3369663,-1.1238228,-1.5366937,-18.715956,-1.4414183,-0.21262999,-0.38960013,-0.036711108,0.3328829,-0.6614561,-0.44947925,-1.7435628,-1.5724759,-4.6703467,-0.06969505,0.46228305,-4.2281084,-0.68011457,-1.4989723,-3.3494866,0.7871418,-1.3286743,-0.15438214,-0.83296156,-3.8840318,-0.9673943,-15.647413
-0.54734063,-0.08661991,-3.976221,-0.15127002,-0.8352809,7.961793,-4.313133,-8.581777,-4.307494,-0.15522105,0.15880375,0.43263492,-0.72070044,-13.497157,-1.8750303,-1.2692467,0.55675405,0.74990153,0.034259733,-0.5277078,-1.0249614,0.19321498,-0.46150857,-16.913834,-2.2750797,0.25583243,-0.1879468,-0.1636013,0.21020924,-0.7838887,-0.48179665,-1.4310882,-2.4516568,-5.462189,1.7955374,-2.2230997,8.069043,-0.708954,-0.8830034,-1.7574618,0.59105307,-1.6150628,0.39645857,3.6367238,-4.0059757,-4.8040338,-9.520746
1.0146213,-0.17347546,-0.07377749,0.110997684,-1.4467208,2.8783352,0.035156116,-7.352951,-6.826568,0.6678344,-1.2241374,0.09819318,1.705807,-7.755646,-1.6385473,2.277628,0.34460133,0.5299802,-0.26793402,-0.27528626,-2.56734,-0.6660714,0.45502326,-17.036945,-1.1956735,0.10136552,-0.6175532,-0.012421567,0.49813703,-0.87873864,-0.29376137,0.65548325,2.1261764,-1.8022581,-0.9320559,-0.28895244,-6.37612,-0.65797704,-1.7965363,-2.9460406,-0.57533485,-0.585978,0.21922562,-2.7605665,-5.023217,-0.7972659,-13.583795
-9.209273,0.5447172,2.0686834,-1.817011,-0.7323627,-17.745708,-13.766552,2.8067427,-3.1804564,-0.8816855,0.8195649,-1.054657,-2.5914094,9.125292,-6.357122,-0.5088659,-2.3745897,0.11921463,-0.6192083,-0.68888193,19.723236,-0.9138984,-1.5757091,18.415918,-3.1465905,-0.48265344,0.7204864,-0.2574142,-0.010444993,0.06962648,0.027531968,2.7186978,-1.563921,-8.8809805,1.9418924,-2.5287077,9.646411,0.9261742,0.31581417,4.029551,-1.9483582,2.0819967,-0.587107,1.8546484,5.039174,0.20051485,12.079533
-9.493481,0.28790504,-0.74751663,-2.3215563,-0.37622312,-18.147207,-16.886005,0.6495141,0.11266648,-0.73147994,0.8749222,-0.946183,-3.1715646,12.398193,-7.6012154,-0.6682348,-1.6806092,0.0124609005,-0.4912479,-0.6422508,19.755033,-0.57827103,0.6518748,20.66975,-3.6571493,-0.6504952,0.5553897,-0.31582275,0.10680866,0.25771055,0.0048162844,2.8029804,-1.4306946,-7.9158387,0.92304385,-0.29746082,8.9989195,0.8657737,0.32158056,3.9833882,-1.8320154,1.4760488,-1.9153899,1.7403256,5.8815556,0.1355515,11.325406
-9.457856,0.25870284,-0.4149281,-1.8849331,-0.31508586,-17.842813,-12.170188,0.66968346,-0.15559717,-1.060212,1.0497591,-1.0156257,-1.5867816,7.010401,-7.567504,-0.4763459,-1.298491,0.0087772,-0.4794605,-0.7758844,20.319141,-0.65990186,-1.0073909,20.334026,-4.134096,-0.5150744,0.44088566,-0.27354497,0.10479621,-0.2028988,-0.05410567,2.8910806,-1.5178211,-8.788911,1.1428353,-1.0757902,9.182734,0.8920403,0.09105599,3.810607,-2.1686943,2.551488,-1.9788352,1.9776876,5.840791,0.13022865,12.1793585
-9.8231,0.19006597,-0.18516655,-1.6166753,-0.35200325,-17.97296,-11.296583,0.61637175,0.06529134,-1.1078204,0.81495893,-1.0552382,-2.134849,6.373076,-7.9921083,-0.3748815,-1.4323949,0.0083920285,-0.69503903,-0.79790276,20.420786,-0.43591762,-1.6752124,19.945023,-2.618984,-0.46886986,0.66236544,-0.32692757,0.024315052,0.15957768,-0.12167658,2.8241901,-1.4411412,-8.903271,1.3029963,-1.1319408,9.452777,0.9942936,-1.169818,3.7188468,-2.2568674,2.419983,-1.6640469,1.9119041,5.9785223,0.1762938,11.763685
-9.797936,0.10313099,-0.13954252,-1.6363698,-0.39664817,-18.05349,-11.410537,0.32716516,0.46823856,-1.0447352,1.008529,-0.95404756,-2.004934,6.6139894,-7.8143477,-0.49031562,-1.3954517,0.0071591386,-0.5915863,-0.7313565,20.575443,-0.61963433,-0.7888759,19.384481,-2.5868065,-0.61110276,0.47883138,-0.27451685,-0.0069476306,0.39647645,0.008100788,2.8350878,-1.4883972,-8.881711,1.1525706,-1.0256414,9.369063,0.7786483,-1.1860349,4.1158533,-2.4394581,1.9504181,-1.5310589,1.9437836,6.1008472,0.10950903,12.090699
-10.3954735,0.16612138,-0.7955197,-1.6732564,-0.07581248,-17.296583,-11.111766,0.22490348,2.5783823,-1.0916785,0.94895685,-1.0838273,-1.6983726,-4.8448467,-7.246284,-0.47319975,-1.2163415,-0.06252578,-0.52386993,0.1862431,22.226269,-0.53116906,-1.2741827,19.627602,-2.5693314,-0.5343586,-0.77932686,-0.46104875,0.087805755,-0.103627555,-0.026182177,3.17399,-1.1527134,-7.3336725,1.1866167,-1.3934965,10.429132,1.5364913,-1.1251146,9.020984,-2.3788722,-0.85207576,-2.065288,1.9206446,5.6871467,0.2283639,15.144624
-4.0156417,-0.8196272,-0.9295246,-1.1621976,0.17409639,-8.534512,-15.064669,3.8324928,-0.2984436,-0.36225325,1.1027021,-1.0417676,-1.7755879,-1.1565164,-6.602741,-0.34494573,0.17776889,-0.07768122,-0.4166103,0.26599488,24.9591,-1.9076073,-0.5112355,-6.9540343,-3.9284585,-1.0054213,-0.8904241,-0.41025943,-0.34139037,-0.030348454,-0.111903116,0.669243,-1.1797463,-7.665909,1.1731288,-1.0988766,10.234836,2.9142432,-1.0874252,9.662692,-1.8738503,-0.58811855,-1.1077056,0.90661335,5.813565,0.1035143,15.864004
-8.689464,-0.20434847,0.16528131,-1.8650707,-0.058651138,-14.845549,-11.769285,1.8994687,-2.6498969,-0.7814257,0.88614935,-1.1649547,-1.5191703,-4.6827416,-7.742019,-0.49363413,-0.9068826,-0.01702355,-0.7519563,-0.7393244,22.098623,-0.77226806,-0.7998471,17.376413,-1.6464595,-0.80411273,-0.39892864,-0.3555382,-0.011494231,0.18041822,-0.08825183,3.4604366,-0.98727196,-7.3615036,2.441385,-3.0903249,9.554231,2.1007693,-0.91036105,8.894427,-1.23219,-1.475365,-1.3414037,2.018643,5.5871143,-0.4654428,15.741863
-4.5009246,0.22015485,-0.27017742,-2.332898,-0.06262252,-8.853249,-12.85175,3.1770127,0.6521704,-0.46705735,1.3325515,-1.2598264,-2.340474,14.714815,-6.2865176,-0.5518257,-1.5229049,-0.023009539,-0.23347819,-0.8792731,23.111412,-0.06002761,-1.0083325,-7.5928216,-3.1787798,-0.8133221,-0.41264233,-0.12422759,-0.46308815,0.4556403,0.38954598,2.343045,-1.4234464,-10.543174,1.1218711,-3.0036943,11.289845,2.6971455,-1.2673665,5.1104507,-1.4720241,-0.7298981,-1.989388,0.97526884,5.1231947,-0.12155595,15.946613
-11.165194,0.13719064,-0.75324595,-2.1268404,-0.3236651,-22.462898,-15.928699,1.3797373,0.12090919,-0.8906458,1.070752,-0.51642287,-2.0007923,9.097521,-11.7071,-0.87074274,-2.3076758,0.07440177,-0.68204933,0.28406894,18.605907,0.46051577,4.482519,23.219814,-1.8896158,-1.1138945,0.3500508,-0.34033492,-0.21880339,4.549672,-0.075086914,3.8929348,-0.6328843,-13.990385,-0.29703656,-0.9123127,11.0967865,0.7085566,-3.036286,9.299571,-1.7213911,1.8213141,-1.1029732,0.99089617,6.8268676,0.36733365,11.0428095
1.7506824,-0.16726072,-2.1727679,2.1965675,-0.34163472,7.530551,3.2066476,-6.442296,-13.592083,-0.16387013,-2.1623425,0.019484296,3.18044,-18.354465,-1.6812396,1.1811464,-1.5660172,-0.084380604,0.296483,1.633916,-5.291524,-0.71919495,-0.45428964,-19.612675,3.3103411,0.12724547,1.0983623,-0.017247507,0.3560863,-0.9277939,0.04718344,-0.4913919,1.2167449,6.5303974,1.0671403,0.23390299,-8.437387,-0.22659281,-1.6851684,-9.420291,1.9167799,5.9339924,-1.2596055,-4.184026,-9.361403,-1.1399238,-16.940472
1.8812999,-0.041905813,-0.5744436,2.6002154,-0.43831718,8.6901455,2.9019253,-5.6165395,-13.761841,-0.099641964,-2.1103797,-0.01930183,3.26789,-18.251186,-1.6466694,1.1158426,-1.5949368,-0.031842463,0.22524202,1.6019689,-4.6067257,-0.75600255,-0.4861169,-19.59307,7.3475323,0.12644024,1.3613553,-0.046157423,0.2180753,-1.0117416,0.074729964,-0.4655577,1.1814471,6.336718,-0.18251224,0.27345765,-8.728961,-0.20522754,-1.5735334,-9.30067,2.1995924,-0.24831541,-1.240831,-4.3735886,-9.353633,-1.1394747,-17.986221
2.0871134,-0.20814623,0.14233792,0.70213556,-1.1643391,4.805533,1.3320512,-6.8941345,-9.206906,-0.9521962,-0.50643975,-0.0006426211,2.5445323,-13.252104,-1.4312783,1.193795,0.095057875,0.5499508,-0.12497713,0.029995043,-3.6424255,0.42230582,-1.4720639,-19.421957,5.6397758,0.20973203,-0.13310076,-0.2877585,-0.36409572,-0.6786181,-0.07351767,-0.26823565,1.806745,-1.0466763,-0.3777406,0.022319179,-6.936955,-0.33787307,-0.67335296,-3.8523672,-0.20521271,-0.70440584,-0.3945676,-3.1383364,-9.753186,-1.1227809,-17.402998
2.106848,-0.2569467,0.25018063,0.6855951,-1.1127503,4.9847217,1.0404829,-6.8849664,-9.363024,-0.9653987,-0.39215493,0.00010478598,3.966082,-16.344685,-1.3951253,1.2032456,0.042554613,0.5625658,-0.14053868,-0.053451043,-3.5505836,0.40204436,-1.543103,-19.79631,5.658639,0.2025815,-0.33128476,0.010032724,-0.15520552,-0.6075508,0.1985878,-0.06600805,1.7180921,6.448529,-0.3593761,0.06936208,-6.977463,-0.3456388,-0.66046554,-8.467187,-0.1872121,-1.0603644,-0.81923187,-3.6009433,-9.8200035,-1.146013,-16.97656
1.1902274,-0.331374,0.21413618,0.48308477,-1.0827512,4.4848156,0.5136382,-7.1282716,-7.858835,-0.6989674,-0.6784377,-0.021790585,2.8828044,-12.954487,-1.5842837,0.1181402,0.016626652,0.59417856,0.058667798,-0.14318094,-3.3228583,0.47163996,-1.4558496,-18.818518,4.8876247,0.23684262,-0.38327312,-0.03172527,0.069969624,-0.69213897,-0.18654317,-0.5655358,2.1390717,-0.57073486,-0.43298957,-0.17145723,-7.0852075,-0.068645306,-1.006122,-4.2363806,-0.2516223,-1.3413352,-0.3641547,-3.03927,-8.0749855,-1.1749679,-16.6623
2.117332,-0.23308414,0.29643413,0.42856196,-1.104923,4.923093,1.0456342,-7.026075,-9.647893,-0.9922907,-0.60900897,-0.00017989786,3.973303,-16.325476,-1.4246534,1.1831993,0.046177257,0.61380446,-0.1475332,-0.025485272,-3.2150953,0.4275832,-1.4115775,-19.323414,5.608649,0.18306613,-0.36387128,0.016842486,0.29857698,-0.8515742,-0.041945152,-0.08950307,1.6757553,6.6334968,-0.32263994,0.0436001,-6.991109,-0.3323228,-0.6641851,-8.353065,-0.18115781,-1.2550538,-0.8672822,-3.6266599,-9.822745,-1.1441573,-16.881096
2.0856733,-0.23804754,0.25667605,0.6709936,-1.0891215,4.97214,0.9689766,-7.0720468,-9.678291,-0.86697423,-0.71302855,0.0068252063,3.6914732,-16.741163,-1.438476,1.1519216,0.042526525,0.60945815,-0.1281926,0.009650668,-3.4496021,0.5324411,-1.2879841,-19.373344,5.654789,0.1972527,-0.13268094,0.039822765,-0.0063973498,-0.7920596,-0.07886793,-0.07413817,1.947605,1.6745809,-0.37328503,-0.003937081,-7.1072965,-0.3341511,-0.9714754,-4.041495,-0.15952508,-1.2439079,-0.373801,-3.2259507,-9.784137,-1.1463543,-16.898905
2.0720704,-0.20500232,0.26479277,0.675342,-1.1471378,4.917751,0.47737336,-6.6521044,-9.64793,-0.99030775,-0.71849644,-0.008325148,3.6552877,-16.815351,-1.4653997,1.1806521,0.04204622,0.5581084,-0.12380915,0.034973398,-3.47198,0.45036146,-1.4361906,-19.123064,5.9001946,0.21016106,-0.14101371,-0.0656264,0.02056546,-0.86045,-0.21352084,-0.07800878,1.9501226,1.6585822,-0.28520545,0.18322098,-7.0422974,-0.33377466,-0.7163331,-4.003385,-0.18395813,-1.3101424,-0.38383892,-3.0021253,-9.952653,-1.1363231,-16.969915
-6.326592,-0.09544532,2.6715226,-1.2548561,0.12756439,-14.052945,-18.373594,1.769339,0.3961269,-1.2429714,0.8314788,-0.9048265,1.4883434,30.057575,4.796136,-0.22778727,1.419486,-0.683896,-0.3361764,-1.0735476,19.910376,-0.67205906,0.828935,29.020247,-2.4351683,0.3087192,-1.0480411,-0.26715896,-0.19871652,0.5631217,0.59139204,3.2426705,-1.2856565,-9.314856,1.092532,-1.2990136,14.302815,0.38231307,0.5907667,3.5596159,-3.3203003,3.604314,-1.4962795,0.86838764,6.821304,-0.06538241,12.498881
-6.0092964,0.09907254,1.4463876,-1.5285888,0.9357181,-12.265518,-15.166061,1.7466582,-4.319963,-1.2877647,0.8713867,-0.31413436,-1.9494358,30.565205,3.004003,-0.1057168,1.4989312,-0.16773036,-0.42885888,-1.1875229,20.373869,-0.8559955,-0.92798567,28.518482,-2.5957751,0.14269811,-0.06863436,-0.27763942,-0.24341834,0.45197555,0.06924971,-0.13552608,-1.149718,-10.035396,0.5829522,-0.11331339,14.027212,1.2671417,0.64708686,3.2578907,-1.5619303,3.5742264,0.67725563,1.2340244,6.02946,0.2780766,12.768856
-4.7052426,-0.7034049,2.7679014,-1.0589306,0.35361367,-12.537646,-17.445503,1.5011641,-0.0068036052,-0.6716289,0.8520204,-0.87308514,1.4540987,30.828873,4.3890843,-0.6460382,1.5960963,-0.47484922,-0.43997136,0.09504454,19.78184,-3.3616614,0.646529,32.258236,-2.3015642,-0.18008909,-1.012313,-0.22256832,-0.19440445,0.1652944,0.4795723,0.22545497,-1.4458191,-13.922083,-0.535337,-3.7153525,14.16913,0.327017,6.208506,2.8840814,-5.137171,4.07294,0.13612974,0.8852706,6.6231194,0.0326902,12.666618
-4.226924,-0.34039456,1.090621,-1.1922184,-0.17421031,-11.733153,-10.205185,0.267031,-4.1713257,-1.3736713,0.7984102,-1.0688305,1.0648885,27.34399,5.710104,-0.43705937,1.0507156,-0.32590804,-0.55251956,-0.85964733,20.423111,-0.97256386,-2.895107,30.662783,-2.5657449,0.053581852,0.18188722,-0.2678882,-0.21859436,-0.0056405724,0.55302894,-0.06644913,-1.2575761,-8.998269,0.74022615,-0.47458467,13.170751,0.41020077,1.7402402,3.0911467,-3.8419971,3.8213568,-0.39968523,1.2270567,6.8081408,0.075537816,14.187306
-3.9790852,-0.32341498,0.6878459,-1.1342427,-0.373924,-11.981682,-6.594531,-0.28804237,-4.9539194,-1.0373303,0.5381549,-1.5909401,-2.5943081,24.639454,1.6060768,-0.5076009,2.1051474,-0.22416061,0.2544016,-0.09215569,20.853737,-0.31280765,-2.668632,31.04744,-2.1251006,0.20899317,0.21732178,-0.20649913,-0.3209765,-0.50886697,0.08019699,0.0076978556,-1.1651862,-6.6224346,1.3336167,-0.038648557,13.703438,1.1793674,-3.0506058,3.4068363,-1.6689146,3.5995514,0.40336803,1.4970793,7.108026,0.17996272,13.516144
0.64745915,-0.38869464,-0.8033365,-1.4361565,0.04899229,-10.937369,-7.37099,1.4060935,-6.112505,-1.3648612,0.86488014,-0.8252078,-1.2388395,32.28922,-4.972787,1.1346718,1.5550476,-1.0162251,-0.5109912,-0.15525548,0.13429824,-0.01948525,-1.833994,29.90229,-2.1808097,0.47176525,-0.7092206,-0.08114165,0.05220407,-0.3454544,0.15956733,0.2118439,-1.148442,-3.825907,1.3921704,0.17128348,16.037388,-0.3002315,-3.7315285,6.3195267,-2.1584187,4.6038313,-1.3775558,2.3010406,7.6382036,0.20653494,10.74535
-0.34257725,-0.44430906,1.2289033,-0.091441035,-0.025169758,-14.1384325,-7.892432,-2.4676068,-3.6868541,-1.2294968,0.54256636,-1.5289217,-1.9589827,24.846529,-1.2449688,1.0841367,0.63100713,0.28744882,-0.28886378,-0.51858294,17.700848,-0.8243318,-1.9483086,26.768417,-1.1988944,0.53126824,-0.5939102,-0.15276963,0.07219801,-0.18314184,0.08469489,-0.9141434,-0.74188834,-3.5932093,2.001798,1.1139296,14.889722,-0.26123458,1.1939254,7.4259496,-1.5758221,4.5295134,-1.339871,1.9365859,7.511833,0.2628821,5.1470647
-5.6060915,-0.036623713,1.0596472,-1.2923918,-0.8080481,-12.256163,-14.215658,1.3100737,-3.6988893,-1.4016134,0.57773906,-0.52934957,1.2198256,27.864393,1.7976032,-0.5670127,1.3634723,-0.2780201,0.19703597,-0.019372392,18.931524,-0.60516834,0.4706676,29.86641,-0.7475932,-0.4380012,-0.34102607,-0.21336843,0.0014035897,1.5032293,0.23871928,1.9515221,-1.2065196,-8.294322,0.5739326,-0.32550886,15.649028,-0.98163015,0.25528002,4.0593395,0.36025777,3.7708116,-1.4997158,0.9849503,5.886179,0.03469815,11.307682
-4.975719,-0.16863017,-0.3084461,1.7239388,-1.0328493,-11.092069,-2.2306972,-10.513433,-2.827286,-1.664978,0.92393464,-1.1509389,-2.5127797,24.894846,-7.9533734,-1.1866621,0.21036364,-0.38308102,0.9252468,-0.06986023,1.8736278,-1.3612746,-0.9426257,34.750782,3.900965,-0.2854111,-0.39008096,0.075657636,1.1229604,0.44462523,-0.39847395,-0.75465006,-0.9071435,-6.3374,5.527095,3.9086816,13.12277,2.6248097,12.245356,5.0305667,0.44562656,6.165549,0.4575111,2.520766,16.957685,0.09605947,8.537059
-1.7782451,-1.0903133,-1.9862263,3.2705312,-1.1803037,12.358493,17.177513,-6.8320913,-2.331654,-1.397393,-1.5781305,-1.5114014,0.8611167,16.91287,-2.499784,1.1988481,-0.79149055,0.37522435,-0.5918078,0.044807613,-0.63810974,0.42845666,-0.71574897,-11.918673,23.844841,0.28782248,0.3889196,-0.25602597,1.16841,-0.9047437,-0.15056951,-2.6593783,-2.0175035,-6.9105105,1.1965659,-2.1630156,-5.7552276,-0.43363377,-2.24157,5.740822,0.283261,-2.7408876,-0.3297408,7.3902984,20.11096,-0.005401487,28.869976
1.1527318,-0.29050472,0.175564,0.50025326,-1.107204,4.440632,1.0432796,-6.908241,-8.486221,-0.74316907,-0.45769626,0.012455537,3.9644184,-15.749625,-1.6628134,0.28794336,0.046326324,0.566911,-0.12677039,0.009798888,-3.1941142,0.47039765,-1.4133359,-18.956747,4.6982102,0.25864777,-0.3620794,-0.09264606,-0.21278986,-0.6877327,-0.16380735,-0.17559515,2.1672847,0.7419957,-0.5722631,-0.30830055,-7.301871,-0.37830007,-1.1610214,-3.713705,-0.3265913,-1.3582745,-0.16429153,-3.1131098,-7.3081837,-1.0863026,-16.90519
1.1498094,-0.32242584,0.17285031,0.45079076,-1.1097615,4.551188,1.0222751,-6.9539695,-8.495281,-0.7568861,-0.4526827,0.012436332,3.9264457,-15.848443,-1.657621,0.3320348,0.009863319,0.5527554,-0.042772934,0.021502364,-3.018944,0.47657028,-1.394238,-18.965666,4.6797733,0.21169911,-0.36213374,-0.08207527,-0.1708405,-0.690058,-0.15561214,-0.34001875,2.1562147,0.751793,-0.4607764,-0.32187304,-7.2913046,-0.3118147,-1.0860139,-4.0264025,-0.28792948,-1.2383019,-0.3759266,-3.1764,-7.219309,-1.0858725,-17.013514
2.0832632,-0.34644336,0.2599837,0.6720281,-1.1294291,4.953092,1.1106882,-6.9019227,-9.691168,-0.9604268,-0.71750456,0.008694662,3.681345,-16.82908,-1.4487584,1.1633112,0.048526358,0.5539725,-0.1334799,0.04678912,-3.4664233,0.4285375,-1.4115876,-19.39928,5.719624,0.20073482,-0.14555442,0.004832173,0.0353969,-0.68666816,-0.07680189,-0.088755734,1.9315616,1.6304247,-0.33645415,0.013616976,-7.223057,-0.34482563,-0.72333807,-4.081564,-0.18282914,-1.2884647,-0.36455166,-3.178246,-9.433279,-1.1449239,-16.969282
2.0105786,-0.12841244,0.2703553,0.3998092,-1.1372278,4.9424043,1.1986731,-7.0648527,-9.86767,-0.97370404,-0.7262846,0.013839983,3.6818342,-16.751493,-1.4445127,1.1731707,0.045895748,0.60337704,-0.13727282,0.051770262,-3.3015995,0.4268051,-1.2464367,-19.342657,5.698737,0.19572076,-0.1251297,-0.0076688877,0.2833857,-0.7907763,-0.14662339,-0.17853919,2.0223155,1.6422765,-0.31269205,0.013106598,-7.251171,-0.33245954,-0.70738256,-3.9557936,-0.17955898,-0.65567905,-0.37969446,-3.1827013,-9.960307,-1.1412567,-17.278439
-1.6367573,-0.40714768,-1.5722905,-0.385902,-0.65404123,-0.5857214,-4.9348097,-6.893459,-0.6680942,-0.75319946,1.8575996,0.7030349,1.7917175,-11.208685,-0.90925837,0.26416522,0.15387496,0.108207576,0.38325608,-0.53686476,2.6502023,0.28724244,0.95910144,-15.520213,-1.8283987,-0.06669288,0.11682044,-0.069642425,0.0017932709,-0.2080406,-0.11500667,0.03853935,-1.1896545,-2.7375348,1.5536171,-0.21734361,-4.872965,-1.122151,-0.30487108,7.255885,-0.55877817,-1.4165192,0.06797563,-0.099856466,0.18375756,-0.03710083,-1.3040103
-1.643224,-0.40961882,-1.5191773,-0.38524374,-0.4724763,-2.1303632,-4.4225087,-7.447899,1.0422375,-0.79752153,1.513395,0.63856786,1.5484278,-11.427235,-0.7653606,0.30666345,0.09889236,0.10265044,0.4305886,-0.5333885,2.5291886,0.29473805,0.91208774,-15.318483,-1.4869028,-0.10465655,0.039615255,-0.072667636,-0.43550918,-0.3303073,0.20172738,-0.03428108,-1.3413873,-2.5742636,1.6674612,-0.2583154,-5.180648,-1.1909728,-0.37540224,8.086273,-0.45286524,-1.7184504,0.08372104,-0.21644261,0.32927397,-0.01402369,-1.3208504
-1.5771662,-0.18168892,-1.4954543,-0.4670885,-0.44284612,-3.477084,-3.7366455,-6.3571115,0.5759463,-0.7718574,1.1098288,0.5908632,0.96835566,-11.78517,-3.9456801,0.31391585,0.08183515,0.14547487,0.45398974,-0.59603274,2.6186035,0.21452542,0.888172,-12.796079,-2.2463434,-0.45308334,0.035345607,0.004322745,-0.4855406,-0.3587743,0.22785553,-0.18661147,-1.6365159,-2.8565755,1.5480155,-0.43493688,-5.1710496,-1.9870381,-0.3985858,7.023916,-0.4484543,-1.2452916,0.033544533,-0.120106556,6.5714936,-0.02600523,-1.5096793
-1.8351752,-0.50368536,-1.6403967,-0.3403259,-0.64977604,-1.7896204,-4.49883,-9.203461,1.3717812,-0.8905485,1.4261421,0.4600145,1.435239,-10.972599,-0.9707956,0.28233373,0.19093436,0.11928195,0.3654941,-0.45935854,2.6201608,0.101938255,1.4289159,-15.792773,-1.2312101,-0.105589524,-0.04160812,-0.07802509,-0.44026846,-0.46679452,0.18824711,-0.66824275,-1.1826562,-2.9887576,1.7112552,0.7451632,-4.907662,-1.232138,-0.8638026,8.748195,-0.8949574,-0.6968764,0.068404734,-0.06513645,0.8922623,-0.038701493,-0.8201313
-1.6963907,-0.24626803,-1.3416469,-0.1814997,-0.8488955,-2.1228695,-2.0719287,-8.6002865,-0.10923558,-0.7238229,0.62735355,0.647899,0.8013289,-14.06205,-4.2763877,1.1885941,0.09106836,0.093712166,0.5621585,-0.8742209,1.728488,0.4449428,1.130967,-15.465966,-1.9543988,-0.24749395,0.20426574,-0.094006136,-0.066849254,-0.67032415,0.80690104,-0.9853341,-1.8708736,-3.478534,1.2139602,1.6709905,-6.0836525,-1.5653342,-0.02016186,6.903519,-0.7428275,-0.80207103,0.3233566,3.0127578,7.053986,0.08660229,-1.776894
1.2630688,-0.051147938,-1.7197636,-0.7302591,-0.79943615,0.8713293,-7.11623,-8.981153,-4.896652,-1.3021609,-0.38609755,-0.00985677,1.1362398,-12.470293,-2.0097575,1.0347708,0.54134464,0.10431534,-0.5097458,0.2954155,-0.558055,-1.0365855,-1.4568541,-17.357069,-1.3143896,0.01707175,-0.012150345,-0.01184253,0.25156072,-0.6238335,-0.23816536,-1.5331354,-1.8707831,-5.036162,-1.403924,0.061207317,-6.040866,-0.5596607,-0.81057554,-4.210645,-1.0137388,-1.3126183,-0.0045381393,-2.0608342,-3.0159695,-1.2171248,-11.817318
0.7103938,-0.08388012,-2.7817168,-0.833702,-0.62945205,0.11804694,-5.071676,-9.138969,-5.0398474,-1.2125125,-0.39037323,-0.32266006,0.14529355,-12.378594,-1.8190597,1.1679,0.5472341,0.1275264,-0.5400508,0.38330662,-0.49255848,-0.97320455,-1.6342021,-18.410515,-1.3285832,0.03269034,0.08679297,-0.118082605,0.2727295,-0.5247755,-0.10092847,-0.77306646,-1.2616042,-4.8097763,-0.8707862,-0.5929684,-6.845527,-0.6028584,-0.9672681,-4.092504,-1.1830752,-1.3409977,-0.15019548,-1.5249472,-3.662115,-1.1679413,-9.3936205
1.1406859,-0.22119446,-3.2769043,-1.1606202,0.729733,0.167839,-6.979887,-8.003553,-2.1346061,-0.6511876,0.7531345,-1.0470353,1.0102834,-6.6726484,-2.197331,-0.08324027,0.64677864,0.007963038,0.09829641,-1.1051724,1.7205001,0.2571886,-1.5182618,-16.426825,-2.519264,-0.19609554,0.14347404,-0.12968557,0.2849856,-0.56629384,-0.31697553,-1.5058088,-2.4259076,-6.1340246,-0.04616572,-0.23663388,-4.611029,0.00042918182,-1.4129771,-1.7602,-1.857048,-0.90926224,-0.15167521,-1.8513228,-3.9935672,-0.7533381,-10.008154
1.4244524,0.0773272,-1.9647853,-1.1224072,-0.4302873,-0.27499425,-6.101336,-7.55407,-6.079881,-0.7843855,-1.4341481,0.44846737,1.5766778,-10.646658,-1.9679323,0.77349985,0.4839604,0.053035107,-0.16199134,0.8872425,-0.6477912,-0.049700085,-1.6284637,-17.271986,-1.7442638,-0.14448051,0.20120263,-0.02968046,0.031721782,-0.49058107,-0.18963207,-0.8043431,-0.93155295,-6.044035,-0.7276778,0.018613856,-6.422698,-0.23970988,-1.1287035,-1.5602374,-1.310607,-1.3697596,-0.1237928,-1.2588493,-3.7369747,-0.7719305,-10.160897
1.3635978,0.01181903,-1.8845733,-0.7418406,-0.5054108,0.29395726,-6.8743405,-8.655955,-6.0234175,-0.9406078,-0.7028883,-0.1013211,1.2533522,-13.479924,-1.8642575,1.1288809,0.45796865,0.1300141,-0.42552072,0.28449124,-0.5223204,-0.3249638,-1.3281926,-18.144922,-1.0580409,-0.009786956,-0.010108434,-0.110369086,0.33819562,-0.5002676,-0.23206922,-0.8254561,-1.159614,-4.9554205,-1.2968558,0.1864975,-6.545877,-0.45218593,-1.3577887,-1.6077675,-1.204755,-1.3437903,-0.3602219,-0.94467753,-3.8642309,-0.6016591,-10.779067
1.3299108,-0.25022876,-1.1702454,-0.85932213,-0.5488359,-0.35541058,-5.9717684,-7.7925134,-3.4404206,-1.3439507,-1.3244596,-0.11875297,0.08152885,-9.291678,-1.8463545,1.622438,0.44359684,0.1753344,4.9969094e-05,0.84191114,-3.151029,-0.7646564,-1.6667559,-17.540155,-1.284507,-0.014616153,0.037185457,-0.1341135,-0.080129534,-0.5106793,0.27761617,-1.4060376,-1.7879038,-4.1684446,-0.69665337,0.060559157,-5.766309,-0.71739334,-1.6477339,-2.2142222,-0.973699,-1.335869,-0.18565276,-1.6412321,-3.1690938,-1.1658671,-9.861699
1.5727252,-0.34659836,-0.7738562,-0.5308717,-0.57097524,-0.14370218,-6.047101,-9.095925,-6.5878205,-1.69355,-0.6919413,0.29561728,1.0774431,-13.536323,-2.0229967,0.98361975,0.62140626,0.65783185,-0.12673907,0.6022954,-3.3962765,-0.8866988,-1.1589602,-18.288715,-0.9844833,-0.05546884,-0.3542889,-0.0632435,0.30044314,-0.6912289,-0.32976463,-0.9196323,-1.1378896,-3.7031093,-0.86404157,0.3305592,-2.711142,-0.9152638,-1.7780074,-2.011775,-0.94502157,-1.4165599,-0.18926652,-1.2492056,-2.2665393,-0.8973209,-10.967423
1.6792626,-0.073574595,-1.6347355,-0.81152225,-0.9218247,2.580934,-5.1441236,-8.503634,-5.0777354,-0.4584738,-1.0825082,0.17236248,0.20333272,-8.16911,-1.9701536,1.3201104,-2.9296336,0.3070131,-0.6607684,1.1780598,-2.344991,-0.8107784,-1.547293,-17.553982,-1.7042292,0.042759333,-0.31152198,-0.06913013,0.2829126,-0.6815523,-0.11096687,-1.5313423,-1.5846006,-3.5181468,-1.3064775,0.04845464,-6.825882,-0.628755,-1.5923349,-4.661515,-1.0844158,-1.4227769,-0.085346736,-3.110842,-3.468212,-0.71461606,-13.185553
2.010122,0.08840753,0.31464702,2.687544,-0.35925448,7.360324,3.4494789,-6.412324,-11.424988,0.15025647,-1.8915548,0.08842848,1.4866704,-18.358076,-1.266492,0.40709463,-1.3750724,0.13940132,-0.005343875,1.482383,-5.060562,-0.6460366,-0.8598021,-19.60006,5.2309,0.18149422,1.0464303,-0.04427069,-0.3897807,-0.8080815,-0.09010299,-0.1986023,1.619672,6.3440704,0.17491594,0.08571517,-8.764398,-0.32792306,-1.3183295,-7.2223353,2.9286325,-0.17184083,-1.2824498,-3.9803379,-9.510688,-1.1557893,-18.6945
2.171334,0.1954846,0.46131182,0.45033622,-0.10380603,8.297886,2.842683,-8.684574,-10.886496,0.38157028,-1.9605951,0.13256803,1.4901822,-17.804575,-1.0747694,0.54037815,-1.2388108,0.19568536,-0.016334424,1.6465535,-6.442917,-0.5774668,-0.99813926,-19.211262,5.433076,0.27358142,1.3799062,-0.019751435,-0.3861874,-0.6202277,0.0971709,-1.0835819,-0.719199,5.6402407,0.5617337,0.06757857,-4.0166125,-0.16691929,-0.5126317,-7.6040974,3.5709636,-0.20824428,-0.9799962,-4.9220653,-9.340537,-1.1138217,-18.231628
1.1520016,-0.16328897,0.13813142,0.6298803,-1.1586118,4.823179,1.2710593,-6.839118,-9.188925,-0.9289366,-0.5068732,0.0073183333,2.533785,-13.289753,-1.6263493,1.1798503,0.08289022,0.5577499,-0.12106323,0.038868394,-3.4596946,0.42707354,-1.4272407,-19.453516,5.0022564,0.21112625,-0.18996659,-0.31629226,-0.49188823,-0.69320285,-0.07104746,-0.07503451,1.7865511,-0.6592909,-0.28864038,0.01930736,-6.9373217,-0.32800752,-0.69007117,-3.91048,-0.18421933,-1.396036,-0.39676744,-3.1184425,-7.7647104,-1.142798,-17.057184
2.0918696,-0.1302836,0.11604326,1.343196,-1.1002423,3.9961479,1.2775339,-6.808992,-9.138073,-0.93590516,-0.6839663,0.011558023,3.4476898,-17.163643,-1.3756696,1.1274896,0.0715421,0.52530473,-0.21469466,0.056708846,-3.8396344,0.39355168,-1.4703246,-19.367216,5.588438,0.23501028,-0.33532372,-0.30336958,-0.3549171,-0.65427184,-0.071833216,-0.01507777,1.8906813,1.6619804,-0.46273586,0.0679232,-7.4678063,-0.24938408,-0.8445245,-2.4759333,-0.20696114,-1.3490047,-0.27106634,-3.1789844,-9.4171095,-1.0663766,-17.111383
2.043984,-0.19488917,0.15576,0.3591267,-1.1771239,4.7564487,1.3271432,-7.362814,-9.316629,-0.95543927,-0.47828895,0.098393634,3.7588952,-16.769146,-1.44077,1.1041654,0.07495481,0.5606954,-0.1239659,0.035224363,-3.1248662,0.409458,-1.3767223,-19.635756,5.773112,0.20768714,-0.14125217,-0.08781458,-0.4442757,-0.078587994,-0.060365982,-0.09841122,1.8095776,1.6649132,-0.34765735,0.034065127,-7.246205,-0.3266214,-0.67380476,-4.0595837,-0.18999964,-1.2858526,-0.3887838,-3.130881,-9.539845,-1.1732144,-17.075792
2.181882,-0.37636706,-1.4588845,0.16519171,-0.6101471,1.7490481,-4.942836,-8.084406,-8.782881,0.15262198,-0.73496306,-0.6438151,1.2038081,-16.496162,-1.0951773,1.0272832,0.40022272,0.80945456,-0.2393808,1.5050464,-2.2448869,-1.0615668,-1.8830941,-17.720675,2.446558,0.07378477,-0.4873169,-0.05893813,0.2866938,-1.1586958,-0.3251926,-1.2333443,-1.1035839,-4.6607323,-1.0288968,-0.20966147,-7.204669,-0.75646216,-1.5058744,-3.6418076,-0.8261197,-1.3682613,-0.23733284,-1.4106766,-7.9625216,-0.59071696,-13.412351
1.7822888,-0.33373863,-3.4017627,-0.07531357,-0.8003043,-0.19885725,-5.392588,-7.713326,-7.909987,0.065684974,-0.7825237,-0.6390857,1.1108049,-16.462246,-1.852106,0.93559647,0.47833723,0.6883069,-0.23237427,0.24920931,0.09727784,0.13144046,-2.1535609,-17.932238,-0.3449176,-0.074113265,-0.33637857,-0.09653028,0.014239148,-0.87312204,-0.2198011,-1.246049,-1.0830457,-6.2000756,-0.1293744,-0.49461332,-6.9137697,-0.97456044,-0.856562,-3.7454953,-0.58628553,-1.0893574,-0.1818361,-1.0186254,-3.970741,-0.57082194,-11.183204
2.122519,-0.32480812,-3.7555747,0.20141351,-0.649757,3.4351473,-3.2109444,-7.0524073,-8.466913,0.063801005,-0.8603477,-0.9196797,2.2122536,-16.78231,-1.1678522,1.0058588,0.47650248,0.42229146,-0.19807747,0.11986924,0.11389755,-0.8197134,-2.0798907,-20.136345,2.8147995,-0.022443546,-1.5257188,-0.046348516,0.04785557,-1.1198186,-0.2901396,-1.3632836,-1.1114922,-6.3175716,-0.46931833,-0.67105496,-7.0972786,-0.90099865,-1.7424066,-3.9161267,-0.6248494,-1.2363954,-0.1547755,-1.6963855,-7.6788893,-0.7160797,-14.803888
2.2208529,-0.28169483,-3.6138096,0.1602063,-0.6475505,3.3127573,-4.051968,-7.363174,-8.193242,0.39567873,-0.8307114,-0.77907425,2.0603926,-16.91064,-1.1760838,0.8451014,0.55591214,0.42439887,-0.17761898,0.33430126,0.5722941,-1.0518614,-1.6558621,-20.276775,2.017064,0.094378665,-0.6032522,-0.07714724,0.23340632,-0.9719122,-0.21391773,-1.6993386,-1.1286138,-6.7707376,-0.517966,-0.83479255,-6.866311,-1.1017126,-1.8973769,-3.959465,-0.6523323,-1.157592,-0.23977141,-1.7273046,-7.7150097,-0.45441392,-14.771333
1.5398245,-0.3442547,-5.2270947,0.12312129,-0.6991646,1.2852998,-5.274787,-7.503037,-9.215005,-0.48819578,-0.8668495,-0.9223402,1.4141424,-16.101954,-1.3944998,1.0748696,0.6850701,0.41627482,-0.7040798,0.3677672,0.4447228,-0.6202199,-2.4693344,-17.524527,1.957016,-0.307846,-0.48860273,-0.05482667,-0.008029158,-1.0185829,-0.41242206,-1.4525698,-1.5756179,-9.159703,0.48842013,-0.90229726,-6.521646,-0.99882996,-1.9379787,-3.6865606,-1.0059692,-2.0797412,-0.13458504,-1.0836873,-5.514734,-0.6677598,-8.633108
1.9088814,-0.39192277,-3.1671777,0.1000924,-0.75454587,-0.4324346,-6.6029944,-7.1149497,-7.553219,-0.5234319,-0.7971524,-0.9968497,1.270237,-16.409742,-1.4286983,0.08269633,0.36837056,0.35972494,-0.7415481,0.16014098,-0.42315727,-1.2884046,-2.2554488,-17.544788,2.882812,-0.15853316,-0.6864836,-0.15888162,0.16239713,-0.99110055,-0.28048503,-1.529808,-0.61978316,-7.1121473,0.37290767,-0.7948003,-6.9270616,-0.55812156,-1.4185383,-3.5731187,-0.68063533,-1.1821098,0.2324044,-0.89454156,-6.6820726,-0.9990517,-11.509534
1.951999,-0.19963293,-3.4003515,0.2833965,-0.772467,-0.063850276,-5.748469,-7.6909633,-7.72656,-0.49885392,-0.5529107,0.15165472,1.4880791,-16.335169,-1.3716638,0.036934517,0.52219,0.044953696,-0.38774985,-0.10901743,0.097251385,-1.3465149,-2.0844002,-17.279263,4.3693285,-0.057580903,-0.69541776,-0.109701484,-0.37052095,-0.960031,-0.08770721,-1.2502192,-0.585593,-6.505092,0.19006813,-0.799606,-6.9948306,-0.65689063,-1.8724662,-4.0389667,-0.5373169,-1.0524743,-0.21548954,-1.1607443,-8.251362,-0.791921,-13.804604
1.9405252,-0.20803927,-3.6195977,0.06348397,-0.5610398,1.8376685,-5.2029824,-7.86579,-8.942217,0.48652574,-0.30380866,-0.8190483,0.98924655,-16.15206,-0.9226851,0.9574654,-3.5788064,0.5149445,-0.28112137,0.48176202,0.24646012,-0.79148865,-1.9568223,-17.938063,3.8257616,-0.12179304,-0.584137,-0.057197295,0.2128353,-1.0818619,-0.21773395,-0.3971221,2.2268791,-6.4139934,0.026308572,-0.74013966,-8.642579,0.01734787,-1.9449017,-4.399306,-0.6098469,-1.0900283,0.14008969,-1.70474,-7.548593,-0.5400942,-16.114357
2.1725762,-0.27019036,-1.8596328,0.11809878,-0.6283376,-1.4054908,-6.8460464,-7.564545,-9.345289,-0.15016554,-0.25801766,0.0754771,0.98022276,-16.704048,-1.33748,-0.02545127,-2.598509,0.5860109,-0.16664033,0.68788075,-2.5131,-1.0707151,-1.298738,-17.5712,5.4489684,0.08717703,-0.7394609,-0.34606737,-0.30093518,-1.0027602,-0.17357078,-1.3398719,1.9466443,-5.6699667,-0.8822323,-0.6043011,-8.182321,-0.5715732,-1.8845692,-4.3985977,-0.5940337,-0.9923078,-0.19350196,-1.0870554,-5.661232,-0.4216674,-12.883102
2.0002067,-0.024374306,-3.2299662,3.5505223,-0.75409275,4.6720247,-4.454861,-7.7675843,-9.8015785,-0.67284095,-1.146195,-0.6433998,1.9137319,-16.311554,-1.1733406,1.0545131,-3.9472046,0.03159043,-0.120734975,0.2735142,0.760491,-1.337876,-3.1102815,-19.781342,5.500219,0.103767395,-0.42486274,-0.6221661,-0.48330086,-1.0674988,-0.52614665,-1.636899,-2.7852724,-3.1719785,-1.1834165,-0.36731878,-7.070641,-0.15335436,-2.2188354,-3.843388,3.0713127,-1.4300525,-0.08374498,-2.0680065,-9.503358,-1.3532374,-15.774285
2.1076064,-0.18194847,0.8035712,1.7786844,-0.1896105,4.1770296,-2.0207255,-5.3680964,-10.369672,0.29794195,-0.38938987,-0.42634645,1.7783508,-16.74546,-1.9458951,1.2681042,-1.2045267,0.62724924,0.40338942,1.5350485,-3.4376993,-0.7134638,-2.0252602,-19.67798,6.002937,-0.17157795,0.7975012,-0.29878786,-0.08761418,-1.2596965,-0.049638122,-1.7313474,-0.72399455,1.4192803,0.2547465,0.30665982,-7.4197774,-0.21364789,-1.5960151,-3.47858,0.32114145,-0.90813375,-0.35924414,-2.6626294,-8.238892,-0.77718496,-15.504018
1.4254085,-0.2772684,0.16930914,0.8663355,0.39035368,3.3273401,-3.0664113,-6.03999,-10.992241,0.28582475,-0.31272167,-0.33317322,2.0217223,-18.284098,-1.9727603,1.1549538,-1.1524315,0.6185761,0.4105157,1.5391059,-3.266605,-0.7617529,-1.5057613,-19.271544,5.845682,-0.055998612,0.9826585,-0.10469864,0.207026,-1.2404656,-0.16385643,-1.2044401,-0.6886812,2.6162546,0.14374591,0.24799278,-7.1982746,-0.27635968,-1.7113049,-3.612485,-0.1515635,-1.4508263,-0.28970668,-2.7548604,-6.9922843,-0.7722207,-14.570285
2.0381534,-0.14943688,-0.13446681,1.6029619,-0.22858234,4.0118647,-1.6438032,-5.3155255,-10.820557,0.1573944,-0.5235031,-0.40732673,0.62032694,-14.943602,-1.8313693,1.3224413,-1.4083749,0.6526593,0.4365031,1.6023588,-3.927701,-0.64220434,-2.1041741,-19.529242,6.786894,-0.10110908,0.77217424,-0.34959584,0.10755629,-1.048007,-0.06862388,-1.8265967,-0.73246926,-1.0339315,0.18316124,0.33618188,-7.6109095,-0.240142,-1.749111,-2.5507865,0.31914288,-0.76324546,-0.103770286,-2.6066191,-8.285792,-1.0717708,-15.536367
1.2180345,0.055271868,-0.7494087,0.11259515,3.144985,0.7640607,-3.162918,-6.755699,-11.048896,0.36697167,-0.41659862,0.16878845,1.2691612,-14.438292,-1.1426817,0.35048506,0.16127005,0.7353311,-0.16827255,1.5829085,0.8125227,-0.9975116,-1.8887115,-17.504015,5.9890556,-0.0827122,0.55857706,0.0036755828,0.04089835,-1.0748633,-0.19652635,-1.399307,-2.1560764,-5.9805875,-0.58983576,0.77071285,-5.5538526,-0.5340874,-1.2761472,9.196237,-0.5524811,-1.124477,-0.107891776,-0.28987166,-6.2617598,-1.140393,-15.976559
2.6045043,-0.20090808,0.34250683,1.2044783,-0.5754576,3.9399242,-0.46338794,-5.41052,-11.118352,0.050803963,-0.6055451,-0.3854298,0.6441069,-14.242694,-1.8017344,1.3987944,-1.1657428,0.19654164,0.54173243,1.6077754,-3.9504905,-0.6876057,-1.9669592,-19.134764,5.727062,-0.10597618,-0.061701506,-0.13927364,0.15275364,-1.1041796,-0.12587984,-1.9344082,-0.7264092,-0.1328358,0.18946068,0.31231606,-7.723891,-0.120850526,-2.1164067,-2.094044,0.49597362,-0.8568048,-0.10866854,-2.5791554,-8.126146,-1.0822562,-16.595037
1.3703479,-0.16786931,-0.16730855,0.436491,-0.22927913,1.5126163,-1.2386283,-6.4838467,-10.799793,0.2661699,-0.5535482,-0.46739054,-0.27678773,-14.586439,-1.979075,1.3016825,-1.3701786,0.62212497,0.45002526,1.6398742,-3.7412245,-0.6795905,-2.1796327,-16.819698,6.2572117,-0.14415123,0.9408973,-0.07259594,0.10141725,-1.0452676,-0.06708512,-1.5829495,-0.7630075,-1.0365174,0.18348828,0.617814,-6.6446247,-0.22831501,-1.7920973,-2.8300006,0.3426781,-0.8640699,-0.30259266,-2.3948421,-7.200627,-1.0270034,-14.610574
1.913063,0.16193649,0.64013714,2.7843246,-0.4053303,4.45054,0.4815023,-5.9447536,-13.296609,-0.177319,-0.6124713,-0.668606,2.182052,-17.15751,-1.7794485,1.3285052,-1.3440992,0.17469484,1.3104597,1.493821,-5.041982,-0.89210874,-1.754952,-19.398598,7.6422176,-0.30075386,0.52111185,-0.50187296,0.1525723,-1.2765546,0.13044463,-1.4765714,-1.7359202,8.121982,-0.068579406,0.48349357,-8.136539,-0.29315478,-1.5559396,-8.484425,2.765658,-0.3374224,-0.73771495,-3.6644344,-8.637791,-1.0941194,-15.625824
2.0627987,-0.5429007,0.20404063,4.5922923,-4.041484,4.364922,-1.9557267,-8.631529,-13.991089,0.11722162,-0.39061633,-0.5696169,-1.0385485,-17.781218,-1.8707281,1.427479,-1.1891493,0.107325494,0.91205096,7.720732,-3.6862547,-0.6702754,-1.8827327,-19.531689,7.679172,-0.06499981,0.59348637,-0.4660693,0.31448856,-1.1425484,0.21818715,-1.6549166,-1.6430805,2.341657,0.25890437,1.3560301,-5.5307193,-0.3254079,-1.9067107,-1.9346765,0.23173678,-0.37782422,-0.5135253,-2.5881894,-8.120296,-0.7961756,-14.358232
3.586961,-0.36672762,-0.82736784,-0.9420118,-0.14080368,12.032218,11.512192,5.5294175,-3.2586834,-0.81456083,0.7077501,-0.05674335,-1.3021628,28.152086,5.3577127,-0.3101009,-0.5865156,-0.09750336,-0.5822319,4.5557623,-0.027260475,-0.005025679,-1.787639,31.89398,-2.9496334,-0.40844047,0.04688238,-0.03564359,1.4520929,-1.2816299,-0.2581341,-1.9206442,-2.2230215,6.9066663,1.3830106,4.4110274,17.185186,-1.2998626,2.501712,5.9505434,0.16019705,-2.0500617,0.60748065,3.472169,13.051938,-0.11279958,26.617657
3.2510626,-0.44361642,-1.5969142,-2.3817697,0.4588578,9.608693,12.395434,4.358118,-2.5389152,-0.046039872,0.80094033,-1.044912,1.7653941,30.45385,4.406453,-0.36555657,-0.3022295,-0.2657069,-1.1357996,0.12575422,21.974266,0.7060808,-0.16565812,30.49283,-6.6229525,-0.41598162,0.13752614,0.04488387,1.719704,-1.6582785,-0.84114563,-2.0817087,-1.1145846,-0.38138604,0.6395407,3.3343809,13.872107,0.046349563,3.945911,3.500799,-0.45097485,-0.30915937,0.5047022,2.789715,11.315489,0.27095124,24.651543
3.4581866,-0.36421803,-0.820475,-1.4403026,-0.09499376,12.590332,11.434295,6.4002175,-3.9455087,-0.8019167,0.72239697,-0.032396335,-1.3249223,25.614864,5.02405,-0.2992279,-0.63052803,-0.09796614,-0.57626545,4.5695267,-0.0047998196,-0.010098211,-1.8412517,30.5663,-2.842124,-0.37199715,0.04853396,-0.07576659,1.0404353,-1.2630842,-0.2869681,-1.7872806,-2.227605,8.473996,1.340181,4.359219,18.081718,-1.3373832,2.4377174,5.6259418,0.13947067,-1.2388107,0.62490153,4.8026767,13.030087,0.23492429,26.849981
1.2046754,-0.12229833,-2.002438,-2.4591124,0.3800566,8.490983,11.113436,4.2294083,-1.675123,-0.55343854,0.76332045,-0.75931406,1.3510263,33.085197,4.836171,0.6114456,-0.53121376,-0.11212255,0.13608685,4.8867536,0.7188892,0.010898606,2.6888459,29.654427,-2.4772165,-0.7875887,0.0048732487,-0.072144985,2.0530467,-1.5091708,-0.2959463,-0.93659985,-1.0893903,0.57676315,-0.5827101,-1.3950338,19.184921,-1.2715411,4.596929,5.3079,0.20749135,2.9149692,0.52132267,2.5824742,14.030398,0.4279621,25.248222
-2.1975174,-1.0987138,-1.8903652,-4.6369696,0.14886533,7.7360044,11.553394,7.8251286,7.994611,-0.49434674,0.59946716,-0.51248175,0.6577738,28.024157,4.022579,-0.009033247,-1.2903743,-0.64940137,-0.5843674,-0.7014197,21.015379,-4.254699,4.05449,40.998688,-6.8174357,-0.98906916,0.1803722,-0.04962631,-0.18960099,-0.24907233,-0.7043047,3.4003024,-0.6981907,-1.853709,-1.5100487,-0.7323819,18.536121,-0.7254818,2.3707476,2.0500667,-1.8221762,5.675832,0.83933413,1.8246496,11.700042,0.7807015,16.053831
0.5475787,-1.0769515,-1.7558707,-3.8401134,-0.18067363,7.619124,13.476088,5.015305,5.5257406,-1.364445,0.6929427,-1.0652941,-0.902899,31.639208,5.157235,0.24734701,-0.86476165,-1.3801206,-0.54277384,1.689009,20.825655,0.80580884,-4.4028926,31.507998,-7.3479323,-0.70020455,0.18354568,-1.0272789,0.5167767,-2.136552,-1.2043344,-1.9433165,-0.986268,-1.6531568,-1.1893091,3.6460707,15.0465765,-0.82390887,3.7594898,2.4266233,-0.9866454,4.965759,0.6604365,1.976952,11.37915,0.270069,21.305468
4.150565,-0.5267483,-1.4010589,-1.7603519,0.29818636,9.018092,11.5093975,4.0720415,-3.3653507,-1.2370732,0.59656286,-0.7336359,0.672313,34.32448,5.198893,0.09493613,-0.61099553,-0.43808132,-0.3872935,1.9616976,20.512606,0.5020772,-3.2633922,32.003674,-4.5123672,-0.4645239,0.024777982,-0.056726046,1.1535114,-1.435705,-0.38510594,-0.47756377,-0.86846596,1.9764285,0.5290643,4.120603,14.330619,-0.6135788,-0.9777868,4.434062,-0.030631026,-0.57050705,0.428238,2.3081288,10.202576,0.35102075,22.851116
4.1789246,-0.5839507,-1.8131222,-1.5841691,0.51666516,12.021467,15.416895,3.2796311,-3.4130294,-1.2205359,0.782118,0.31302488,-0.15885364,32.539223,5.16928,-0.105330825,-0.47254345,-0.33225745,0.023272965,2.9552665,20.151571,0.63742137,-2.680219,30.600689,-3.160339,-0.24224553,-0.05528169,-0.06402845,0.9811236,-1.6174554,-0.57593,-2.0851827,-0.59150475,2.0076597,2.0318503,5.698784,14.061868,-1.4298947,-1.4012203,6.1711154,-2.9458396,-2.262854,0.59399474,2.763451,6.965213,0.2667152,22.023708
4.100776,-0.5027742,-0.8534221,-1.0446169,-0.14625795,12.405478,12.089722,5.049928,-3.6292524,-0.8288896,0.76471233,-0.004536767,-1.3218008,23.710297,4.500535,-0.25959182,-0.6111083,-0.09919369,0.17787234,4.5110116,0.2562846,0.0006158348,-1.8458858,29.944761,-2.4784684,-0.4012209,0.10923635,-0.070816204,1.6155368,-1.3019707,-0.5796959,-1.7015071,-1.208916,8.828801,1.4330806,4.3237762,17.73685,-1.3369793,2.4591734,6.2421703,0.17255628,-1.86882,0.58424795,4.846662,12.527076,0.22380932,26.676813
3.8869457,-0.51487494,-1.2260022,-2.0096447,0.23938523,5.6058393,9.676235,4.94809,-3.4344337,-1.6397405,0.6972671,-0.6382229,2.4932506,31.429792,5.584005,0.5928914,-0.3758423,0.22971222,-0.9428248,0.1956784,20.616209,0.6567865,-3.5273805,36.04666,-3.51684,-0.3963992,0.28715166,0.09090874,1.4395217,-1.1571954,-0.041788477,-1.9054654,-0.71169364,0.73681045,0.746344,5.428011,14.791247,-1.2768841,4.145481,1.9826037,-3.1061568,-0.97735864,0.43808398,2.294235,11.82723,0.34262785,23.28298
3.4743168,0.26801753,2.479828,-1.6184708,0.4241767,16.453024,12.11444,2.0135436,-2.6638682,-1.2465568,1.0179443,-0.008312961,0.20464158,25.453857,6.139642,-0.512603,-0.467939,0.5294677,-0.8982076,0.66107327,1.6611602,0.1949478,-2.7333934,29.53495,-2.0336118,-0.10760262,0.27002642,0.065116584,0.88675815,-0.80878246,0.33311066,-1.390443,-0.836514,-1.0282488,0.931428,4.9148636,16.188974,-1.1687723,5.2048373,4.221956,-0.0066637206,0.9506123,0.4510623,4.179921,12.600745,0.19344783,26.603542
2.4410875,-0.9058791,4.325047,-1.4539876,0.18854916,13.246102,10.08619,4.479068,-5.6164308,-0.18776526,0.55569136,-0.77876484,-0.8672767,29.696836,5.278691,-0.54423225,-0.5280546,0.09370644,0.053714473,0.09508491,21.639063,0.5726066,-3.2442818,31.46926,-3.273659,-0.15145591,0.025086826,-0.001118919,0.15364408,-0.94848454,0.039127916,-1.967136,-2.2492146,9.900448,0.676912,4.0929165,13.534334,-1.2395011,2.1857655,6.513851,-0.29182604,2.4618602,0.73174953,4.0574126,10.529257,0.1455314,19.483578
3.0127606,-0.2871976,2.9607205,-2.0654433,0.12426423,1.5258914,6.448814,6.194468,-3.5638058,-0.78034145,0.4274425,-0.50285536,2.623205,34.03791,7.0247173,0.91616046,-0.7430085,-1.3681386,-0.07744485,-0.20212968,21.465725,0.8988519,-4.083162,38.507755,-3.2825265,-0.117948145,0.20322423,0.027735285,0.6128263,-0.7414777,0.51808614,-2.2103949,-1.4917824,3.3489335,1.116727,-1.4036491,15.592437,-1.0576806,3.4292946,2.4954317,-0.2903045,-0.88685244,0.5832813,2.1589835,10.215918,0.4586947,21.106092
-1.9524256,-0.5563242,-1.6795236,0.2566035,-0.44951785,-3.9401906,-8.874802,-7.5760536,-8.291933,-1.7319236,-1.3451047,0.37113753,0.23210497,-12.59462,-2.632245,0.8830573,0.015605675,0.14221679,-2.9561534,0.41021407,1.0683955,0.1431393,-0.2853159,-16.266314,-1.7577802,-0.12582904,0.054188166,-0.31950715,-0.7897821,-0.29798767,0.08114647,-1.4081478,-2.9263952,-3.2961268,1.2114149,-0.86120325,-6.3725185,-1.418579,1.0702685,5.4292626,-1.949276,-1.1235564,-0.0059195687,-0.3461069,-1.9734339,-0.18182822,7.610985
0.33870173,-0.21925417,-1.39615,0.03989209,-0.63796216,-1.8463897,-6.431687,-6.8090973,-7.697248,0.16850156,-0.9607752,0.5139097,1.3000605,-13.689197,-1.136388,-0.01838005,0.0046789367,0.5661406,-0.7800249,1.2890903,0.047074974,-0.054991804,-0.6553411,-17.61476,-1.0686302,-0.14462677,-0.07956283,0.010407138,-0.19716151,-0.62739646,-0.32654765,-1.4020076,-2.8875756,-4.937947,0.38744226,-0.2636016,-6.474724,-1.1065979,-1.7606883,6.503992,-1.166453,-1.3176785,0.07507422,-1.2837492,-2.229426,-0.009643356,-1.8033743
-1.4484634,-0.15879068,-1.6156969,0.07648104,-0.47980317,-4.605269,-8.070154,-6.739267,-6.528233,-0.44025376,-1.4064343,0.39882237,1.8468522,-13.961411,-1.4353752,0.18372548,0.09133943,0.8726117,-0.69824564,0.24518855,0.86811525,0.05007768,0.84122455,-14.999137,-1.7398036,-0.04302705,0.03913334,-0.07976646,-0.36705977,-0.635838,0.15150313,-1.2071984,-3.2385674,-4.6698313,0.84523195,-0.47330227,-6.026668,-1.7108407,-1.6824427,6.785318,-1.1401025,-0.9606656,-0.12713104,0.120490305,-2.0783942,-0.23062086,-1.8867905
-1.9528543,-0.071397886,-1.5893533,0.13070536,-0.513359,-5.432078,-6.691461,-5.186524,-6.1804714,0.16856733,-1.446603,0.2993958,1.0849835,-14.589693,-0.9891461,0.2667997,-0.010112018,0.56768006,-0.8946715,0.28291306,0.84411854,-0.37763542,-0.4760642,-13.438621,-4.137491,-0.10520405,-0.02251218,-0.033000793,-0.40479213,-0.7110804,0.28436056,-1.0858537,-3.3841658,-3.5808086,0.12458359,0.4839643,-6.507189,-1.0792189,-0.42385042,7.0281014,-1.112241,-1.2063767,-0.13890165,-0.19287297,-2.4495897,-0.102626726,-2.177497
-1.7929829,-0.23321803,-3.216728,-0.0430328,-0.6494526,-2.9307072,-4.362015,-5.3599453,-5.266575,-0.4260573,-0.70792496,0.3321325,1.1838132,-14.308966,-1.4634656,-0.034520514,0.22654949,0.33850208,-0.57405746,0.24783732,2.0953388,0.48239267,0.6260946,-14.673522,-4.4662914,-0.057984024,0.049505237,-0.07301626,-0.34392148,-0.61209786,-0.03242208,-1.2733828,-1.5012354,-2.0548162,0.7729929,-1.1033967,-6.2169323,-1.144708,-0.65007067,-0.6658106,-1.0601478,-1.9467571,-0.6388292,-1.2049612,-2.0247636,-0.15868068,-0.15796189
-1.3536496,-0.07300035,-1.6950965,0.09646644,-0.34541994,-2.093767,-7.551532,-7.0070157,-6.387747,-0.48664325,-1.4138918,0.36697236,1.495736,-13.822046,-1.4321796,-0.014677598,0.13165005,0.3619497,-0.68264174,0.114053,0.88517284,0.04793654,0.57877845,-16.743252,-1.748535,-0.065192945,0.0022654308,-0.056066137,-0.3224401,-0.5273568,0.1819634,-1.2143205,-3.2518826,-4.9363623,1.1734886,-0.866438,-6.3841295,-1.4431709,-1.6750653,6.723815,-1.1843368,-1.1358954,-0.019157141,0.22426975,-2.1234612,-0.30006668,-1.4287739
0.5250674,-0.049588386,-3.1872954,0.20367238,-0.56581074,-0.13902158,-3.5484965,-5.329597,-9.0294895,0.35445476,-0.9739334,0.2200429,-0.57066697,-13.420459,-1.4561974,-0.06422494,0.40912077,0.6652888,-0.6314604,-0.04355863,0.8405419,-0.51689374,0.1665159,-17.682375,3.4417105,-0.0360799,-0.32258615,-0.118970916,0.0121413125,-0.8200137,-0.21731113,-1.4269102,-0.809735,-1.314588,0.3680631,1.1163975,-5.448251,-0.08449899,-0.8840857,0.764389,-0.32068697,-1.9117292,0.22892226,-1.187461,-4.566691,-0.4131781,-9.512536
0.4759177,-0.035154052,-0.80637383,-0.22861405,-0.6791053,-1.6542156,-6.848541,-5.9759507,-10.144282,-0.03395869,-0.4420546,-0.5465835,1.5321604,-15.828517,-1.0848466,1.2342476,-3.3525436,0.2554555,0.030527445,1.5011021,-1.4479698,-0.709408,-2.5694754,-16.995417,3.7395613,0.123258926,-0.50821835,-0.12217216,-1.2872164,-0.70275736,-0.13159442,-1.4239328,-0.53966236,-2.1087844,0.34799865,0.71291006,-7.7335906,-0.65963763,-1.6544424,8.550251,4.5269666,-0.819309,0.021838516,-1.9610738,-4.996523,-0.3109293,-11.619193
0.87409645,0.13001455,-0.17917648,-0.16075484,-0.53965205,-0.68462175,-6.528134,-7.46485,-10.13554,0.15997419,-0.96449035,0.3594607,2.0788302,-17.781677,-0.96400434,1.7029442,-1.8379209,0.7255767,0.51131743,1.9637805,-3.5581183,-0.34059432,-1.2351,-16.935102,4.2031584,-0.03270107,-0.4966911,0.07667229,0.30689955,-0.853893,-0.12398976,-1.3103673,-1.884931,-0.80240625,-0.049564023,1.2129704,-5.540564,-0.36581525,-0.022187868,9.054216,-0.101876706,-0.87022793,0.30634773,-0.85509765,-5.2097054,-0.3802109,-12.989819
1.1877091,-0.27752,0.25111258,0.4834296,-1.0786488,4.436961,0.5701569,-7.311998,-7.7287254,-0.83016586,-0.6826927,-0.01709478,2.8687449,-13.1214285,-1.6601312,0.13564688,0.00685897,0.6399658,0.062235974,-0.22962013,-3.3243358,0.47797185,-1.3203009,-18.494444,4.7002788,0.23792605,-0.37282488,-0.07317738,0.28201568,-0.80649006,0.17680688,-0.62582076,2.1623433,-0.5607632,-0.5904775,-0.2161629,-7.2591653,-0.35270816,-0.8433474,-4.223029,-0.26473135,-1.3075563,-0.34405762,-3.2092028,-7.9552913,-1.0446243,-16.587769
1.1383482,-0.33815998,-0.29545432,-0.021595042,-1.0277834,3.568428,-0.24168171,-7.540836,-7.65763,-0.7613363,-0.69581324,-0.34563264,2.842496,-14.114773,-1.8981655,-0.16274479,0.04057005,0.5705789,0.048727438,-0.59322363,-3.9844916,0.5184505,-1.5626873,-18.96437,4.468015,0.37265056,-0.32045528,-0.05467512,-0.12852187,-0.36084175,0.21774243,-0.64160687,2.428638,-0.7031898,-0.84037495,-0.21379961,-6.8791275,-0.046258416,-1.5819364,-0.17589632,-0.35735357,-0.99002963,-0.1979024,-2.8917656,-7.7966166,-1.1331664,-14.991577
1.2598323,-0.13411497,-3.3231084,0.45255297,-1.4252851,3.7370007,-0.43459284,-8.021381,-5.361853,0.5102577,-0.6120388,0.3835504,1.2268237,-15.150127,-1.7837464,0.84652907,0.44208932,0.502196,0.37476635,-0.1922975,-0.0008408154,-0.65672123,-1.8723866,-16.157335,-2.7072556,0.050684933,-0.3846942,-0.041835327,-0.21744917,-0.5879707,-0.119654186,-1.4940879,-1.8054585,-4.9329104,0.61011523,-0.28720567,-3.2620516,-0.77411956,-0.668222,-3.48516,-0.775762,-0.92908144,-0.050325,-2.13379,-5.2981014,-0.7083352,-15.902267
0.45491567,-0.08374234,-2.0353568,-0.08702406,-0.7116593,3.1947856,-2.0860567,-7.839915,-6.6140404,0.5710827,-0.51543653,0.46607825,1.8735142,-15.013175,-1.6724625,0.8346553,0.49370128,0.5168538,-0.17310952,0.30321372,-2.393125,-0.70396656,-1.3486229,-15.653707,-1.5405196,0.20961288,-0.43760756,-0.004020269,-0.106829055,-0.47087768,-0.0862681,-1.3594135,-1.522353,-5.841567,0.20479316,-0.41597795,-4.557591,-0.49316138,-0.551377,-3.3021662,-0.47095838,-0.98837715,-0.07574179,-2.0908308,-4.3768754,-1.2451683,-13.267631
-1.7112355,-0.16499567,-5.925377,0.3635033,-0.9339246,1.9921532,-4.180677,-8.172021,-5.403517,0.17140912,-0.69460654,0.44536394,0.2768343,-13.542384,-2.1438699,-0.19379553,0.58286965,0.6470653,-0.13309443,-0.4544733,0.40298516,0.11178983,-2.4307787,-12.693587,-1.6178576,0.012952396,-0.37678277,-0.022072926,-0.130321,-0.57271755,-0.16673392,-0.08150181,-1.0279349,-5.552073,-0.5083201,-0.6104794,-2.294625,-1.130651,-0.89221895,-3.2193816,-0.7033806,-1.3931528,-0.66114664,-1.8574091,-4.235895,-0.75149107,-9.430532
-1.2546947,-0.08740299,-6.4507594,0.3027415,-0.68975896,3.1904144,-2.6750066,-8.462131,-7.0605373,0.752192,-0.46842957,0.44896004,1.669254,-14.0160675,-1.9395711,0.7174819,0.5523304,0.6221175,-0.22029456,0.08228157,-1.7137166,-0.06993578,-3.2439277,-13.913327,-2.428242,0.14867572,-1.5949178,-0.048985988,-0.058274664,-0.55503505,0.007430772,-1.2249743,-2.2100081,-5.387989,-0.33397037,-1.1673877,7.665236,-0.82588947,-1.1265441,-2.43406,-0.71271265,-1.2602696,-0.67190486,-5.976866,-3.216639,-1.8523777,-11.997897
1.2754302,-0.059694026,-4.0413275,0.6510906,-0.6609061,2.8230062,-2.7543142,-8.528796,-5.0818734,0.38013315,-0.39591643,0.5209207,1.3204331,-14.523966,-1.6241342,0.91817415,0.60846144,0.65786374,-0.22953272,0.646981,0.8240377,-0.588868,-1.4123071,-17.126442,-1.8205721,0.33480152,-0.46621084,-0.045165334,0.31360537,-0.7721706,-0.17895317,-1.4809871,-1.376216,-6.047167,0.38315812,-0.8329753,-3.8822339,-0.9052807,-1.1518029,-3.880636,-0.15022846,-0.95945174,-0.16071321,-2.215593,-4.389571,-0.53290284,-14.368123
1.1951402,-0.24723998,-1.9505553,0.42760292,-1.2884486,3.5067568,-0.47712156,-6.8412204,-6.890553,0.45931265,-0.37935376,0.68302643,3.216913,-14.919244,-1.4876417,1.1787337,0.4035298,0.6404747,-0.010896935,0.2948995,-2.6154993,-0.7207955,-1.6316048,-18.47991,-0.9363533,-0.018785454,-0.44027165,-0.06390188,-0.12076967,-0.6229704,-0.23471761,-1.8875437,-1.0487535,-5.665313,-0.052384976,-0.5735895,-3.5793037,-0.6924992,-1.1892654,-2.5633893,-0.19045892,-0.9976387,-0.2060142,-2.0090218,-5.0715175,-0.6918762,-16.287642
1.7551521,-0.06401477,-0.79820734,0.1386415,-1.5223067,4.6621027,1.1197654,-9.157645,-7.9652567,0.42744723,0.13051708,0.567852,2.8941226,-15.813037,-1.2834027,1.2373915,0.49873567,0.6324078,0.05227564,0.42083514,-4.4946785,-1.3577402,-1.1940988,-19.36925,-1.146524,-0.2034783,-0.73978865,-0.05669982,0.30098903,-0.5761404,-0.08894879,-1.8643885,-1.070747,-4.0773897,-1.0347304,0.057753276,-2.5054736,-0.35799927,-1.6992649,-4.4922285,0.4011135,-1.2491391,-0.15329437,-2.2091916,-4.901306,-1.3109547,-13.426473
1.140771,-0.022429083,-0.8676756,1.1461207,-1.4378655,5.361067,-0.49834126,-6.923065,-9.150311,0.39629203,-0.45219702,0.028740274,2.641516,-16.229227,-1.3926333,1.8945736,-2.4365003,1.0105242,0.6509762,-0.10184608,-3.612445,-1.3858368,-1.5633476,-19.055103,-1.0574946,0.046352264,-0.258956,0.04145956,-0.12516403,-0.57809854,-0.09277697,0.021774057,2.6945376,-3.4070396,-0.5031344,-0.11007464,-8.088053,-0.51861715,-1.6162295,0.706893,0.9122062,-0.9188418,0.045146532,-4.764997,-5.586681,-1.0358465,-15.931188
0.4835148,-0.015151069,-1.2814676,-0.05940363,-0.6124332,0.31936893,-5.312602,-6.621308,0.5435417,-0.54066813,-0.25085482,0.55214274,0.0048825676,-6.9637976,-1.3853327,0.8769914,0.4425319,0.5075204,-0.3465527,0.39255926,-2.3450198,0.13301444,-1.594794,-18.980234,-1.9622182,-0.38179475,0.4480857,0.05983504,-0.2694919,-0.42935506,0.46011463,-0.010460586,13.067535,-4.8617935,0.92588526,-0.7620844,-9.9973345,-0.5775973,-1.5618069,13.336949,-0.4658967,-1.1079149,0.03559172,-2.3645432,-3.268193,-0.9904105,-12.060151
1.0168136,-0.16799337,-0.23934236,-0.2607458,-1.0492654,3.7424872,-0.20629016,-7.3355584,-6.4061985,-0.7878228,-0.85515517,0.05211866,2.8880355,-13.792151,-1.7639568,-0.060119614,0.030400554,0.612709,0.005894392,-0.5907742,-3.5375822,0.9033935,-1.6482099,-18.709684,3.642357,0.30424988,-0.27595404,-0.15298627,-0.017031671,-0.71774274,-0.050911956,0.4291458,2.479064,-0.75737023,-0.63785297,-0.21134052,-6.9713645,-0.34912327,-1.2468715,-2.35904,-0.37374225,-1.223951,-0.42464283,-2.6800125,-8.063051,-1.1243609,-15.297715
1.1262518,-0.23941365,0.21029752,0.3763392,-1.0469167,4.222789,0.24951728,-7.310246,-7.078572,-0.78474194,-0.7235745,0.07863605,2.9026246,-14.104212,-1.7072619,0.09112036,0.0132747,0.61163825,0.036499064,-0.32076374,-3.28985,0.47356167,-1.3649487,-18.51854,3.9927394,0.23162168,-0.385236,-0.03381546,0.3020021,-0.80793846,-0.06928809,-0.65289086,2.1738582,-0.5864557,-0.58996403,0.108667396,-7.241469,-0.3070918,-0.94274426,-4.237023,-0.2648282,-1.3743147,-0.2435241,-2.1718981,-7.7780943,-1.6226842,-15.818961
1.9947044,-0.22108245,0.2957312,0.67152214,-1.1924859,4.904743,1.096537,-7.064088,-10.275759,-0.9901562,-0.72412825,0.014492968,3.6928885,-16.780485,-1.4416715,1.1499114,0.051041804,0.60483664,-0.12615068,0.05111508,-3.67607,0.5236762,-1.3345084,-19.33111,5.571242,0.1987713,-0.14583728,-0.0052947514,0.12138101,-0.8030108,-0.07511304,-0.32085216,1.9058615,1.6708359,-0.33242905,-0.009469417,-7.1820674,-0.33352992,-0.71391237,-3.9919202,-0.1734493,-0.38299373,-0.35022482,-3.2257502,-9.787704,-1.1347233,-16.719728
1.0491234,-0.22661321,0.4283252,2.0024202,-0.9033709,4.494095,-0.14937763,-6.8067226,-8.762919,-0.9312339,-0.65525997,0.08215535,3.822674,-15.0801525,-1.6428329,0.49612734,-0.045149956,0.5918799,-0.12260431,0.07421902,-3.3337872,0.554037,-1.3587534,-19.2133,4.561841,0.35608125,-0.33795404,0.007692046,0.1662821,-0.81292653,-0.21347734,-0.39474392,2.1781194,0.8814045,-0.3911073,-0.042309362,-7.7989936,-0.025023373,-1.1991221,-4.5583625,-0.22875461,-0.84652054,-0.49324736,-2.9386806,-7.614461,-1.0692614,-17.51716
2.0310266,-0.19733988,0.50458103,2.0663602,-1.1745265,5.0506773,1.8657281,-6.7617536,-10.47994,-1.0029056,-0.92203695,0.03335927,3.5116012,-17.269634,-1.4384286,1.1319644,0.07962116,0.5872366,-0.11051345,0.0048718364,-5.0404477,0.66762036,-1.339136,-19.67172,5.560968,0.17463423,-0.20865461,-0.17084934,0.33666894,-0.8553496,-0.17455901,0.08160157,2.1676729,1.6664627,-0.34410432,0.07598748,-7.4221797,-0.30405915,-1.1838752,-4.133549,-0.20092207,-0.19804598,-0.3465105,-3.4197063,-10.036305,-1.1584873,-16.881948
1.291215,-0.1497093,-1.0474612,0.31306845,-1.519962,4.2795568,-0.094720155,-6.832696,-5.99112,-0.6574544,-0.38743743,0.20200165,2.69693,-13.877357,-2.39667,0.15637454,0.33501813,0.26437056,0.014048872,-0.27063906,-0.55724126,0.8393034,-1.9301962,-19.372967,-0.4052167,0.032376736,-0.42877874,0.020443346,0.026405126,0.017517988,0.111232586,-0.88340545,1.880789,-1.748491,-1.1732835,-0.10003504,-6.953488,-0.21109755,-1.149875,-3.988715,-0.4271554,-0.96569556,-0.25723198,-1.8570113,-5.653631,-1.4139894,-14.091331
-1.8244412,-0.20667653,0.09519902,-1.3678547,0.33292913,-14.257724,-6.2878985,50.491684,7.460277,-0.49137792,0.28844061,-1.0144635,0.6652803,30.191786,8.259903,0.3067874,-11.599016,-0.51577437,-0.55004275,-10.715685,15.063029,1.1577661,3.5125084,46.54687,-3.7262723,-0.6780025,0.52368313,0.5625908,-0.84975994,6.590384,-2.2665026,3.898447,-0.8095801,4.689595,0.041832898,3.6218307,12.721131,-0.13760279,1.4025425,27.861286,-1.7652497,5.560843,2.0543277,0.84593487,10.35776,-0.19781987,17.857155
-0.83270353,-0.41460788,0.3567837,-1.0178412,0.27050653,-6.368234,-3.5480297,56.31344,31.939114,-1.3115808,1.1932391,-1.1074969,0.6710942,33.830647,10.93187,2.0226114,-1.0344847,-0.47695926,0.08924416,-2.2230017,18.036312,2.3232164,9.117243,51.48821,-2.7662454,-0.88996387,0.5693953,0.7854427,-0.722578,7.4009237,-0.9519069,2.5017002,-0.13928373,2.1271126,2.6928918,2.3329165,20.799858,0.5098971,0.5281942,28.890656,-0.9209333,4.020737,-1.2834775,0.83637846,9.834432,0.22260045,20.743504
1.7073153,0.071037844,0.4568222,-0.8155054,0.9934452,-4.5344176,-3.134219,58.65104,40.58373,-6.328136,0.73936325,-0.8145137,1.1629981,36.745716,10.123158,0.8648269,-12.211503,-0.22857705,0.07721341,-1.7808447,17.88359,6.6553874,8.678088,58.87606,-3.9487467,0.6949923,0.77726907,0.7483607,-0.593007,5.244769,0.0031309056,2.9251182,-0.26729468,0.18285057,1.1007279,0.6054546,22.596956,0.39324734,21.752459,33.154766,-0.70851773,5.4597654,2.5499895,1.270284,12.30679,0.12680964,20.62042
-1.1460037,0.35886243,0.20527267,-0.97893906,0.925029,-5.3456893,-6.548589,57.672726,38.72119,-6.3385167,1.1100405,-1.3558418,0.521679,40.280384,9.724246,1.3218455,-1.7652757,-0.37187308,-0.051601663,-1.2540228,18.339764,3.3336322,9.235474,57.44468,-4.510814,-0.7377205,0.50429463,0.5122536,-0.7904586,5.8668823,-0.772874,4.9415445,-0.077198185,1.2666898,2.243852,2.0526786,19.497036,0.76252294,20.449556,32.727047,-0.8722957,5.324711,0.68565655,4.758343,12.03688,-0.06247459,21.70455
-1.1460037,0.35886243,0.20527267,-0.97893906,0.925029,-5.3456893,-6.548589,57.672726,38.72119,-6.3385167,1.1100405,-1.3558418,0.521679,40.280384,9.724246,1.3218455,-1.7652757,-0.37187308,-0.051601663,-1.2540228,18.339764,3.3336322,9.235474,57.44468,-4.510814,-0.7377205,0.50429463,0.5122536,-0.7904586,5.8668823,-0.772874,4.9415445,-0.077198185,1.2666898,2.243852,2.0526786,19.497036,0.76252294,20.449556,32.727047,-0.8722957,5.324711,0.68565655,4.758343,12.03688,-0.06247459,21.70455
-1.1460037,0.35886243,0.20527267,-0.97893906,0.925029,-5.3456893,-6.548589,57.672726,38.72119,-6.3385167,1.1100405,-1.3558418,0.521679,40.280384,9.724246,1.3218455,-1.7652757,-0.37187308,-0.051601663,-1.2540228,18.339764,3.3336322,9.235474,57.44468,-4.510814,-0.7377205,0.50429463,0.5122536,-0.7904586,5.8668823,-0.772874,4.9415445,-0.077198185,1.2666898,2.243852,2.0526786,19.497036,0.76252294,20.449556,32.727047,-0.8722957,5.324711,0.68565655,4.758343,12.03688,-0.06247459,21.70455
-1.1460037,0.35886243,0.20527267,-0.97893906,0.925029,-5.3456893,-6.548589,57.672726,38.72119,-6.3385167,1.1100405,-1.3558418,0.521679,40.280384,9.724246,1.3218455,-1.7652757,-0.37187308,-0.051601663,-1.2540228,18.339764,3.3336322,9.235474,57.44468,-4.510814,-0.7377205,0.50429463,0.5122536,-0.7904586,5.8668823,-0.772874,4.9415445,-0.077198185,1.2666898,2.243852,2.0526786,19.497036,0.76252294,20.449556,32.727047,-0.8722957,5.324711,0.68565655,4.758343,12.03688,-0.06247459,21.70455
-0.9304524,-1.3364971,1.2711065,-0.0727286,1.35413,-4.5294275,-13.081884,53.795937,38.85907,-6.6824503,1.656891,-0.8633428,0.77707094,39.974564,9.411677,2.0808256,-2.3839808,-0.25961182,0.27643266,4.3420625,19.025742,3.4490032,7.5072045,57.734783,-5.2682557,-0.5363869,0.5464973,0.5135069,-1.058372,4.92136,-0.7728996,5.3860154,-0.026665991,1.0717759,2.3560698,2.3125591,19.996302,1.2459148,24.672142,31.53292,-0.958761,6.1655965,0.73588705,3.0444093,12.835609,0.03849378,21.213089
2.0839772,-0.20531994,0.34874502,1.2486765,-1.1304328,5.135697,1.255224,-6.9337606,-9.967638,-0.96526164,-0.9109158,0.0112363985,3.6141162,-17.279081,-1.4386343,1.176969,0.024545584,0.50764453,-0.12872785,0.03457435,-3.637755,0.42737427,-1.4092184,-19.31545,5.887076,0.20370035,-0.18617289,-0.03382119,0.08556698,-0.7590099,-0.054946892,-0.28306848,2.0593688,1.7987173,-0.28626275,0.049564898,-7.656919,-0.3439473,-0.7142023,-3.86403,-0.12226353,-0.68059903,-0.37193713,-3.181533,-9.8036785,-1.1327033,-17.279247
2.0799959,-0.20275567,0.34608892,1.2784998,-1.1254259,5.1703706,2.1361718,-6.7850723,-9.964767,-0.9748317,-0.9036695,0.074660406,3.5620735,-17.42148,-1.4101269,1.1834201,0.09052928,0.6019586,-0.15354721,0.03479426,-4.813198,0.4644122,-1.4282831,-19.324722,5.8917427,0.25216976,-0.19900762,-0.012796703,0.087491535,-0.7491264,-0.07670949,-0.28812248,2.0572171,1.7951717,-0.16692975,0.04681557,-7.648199,-0.33850253,-0.72792464,-3.8428566,-0.23447351,-0.6316156,-0.3689203,-3.1745555,-9.826875,-1.1349103,-17.29386
2.0313952,-0.056290545,0.32991523,0.6810867,-1.172599,4.8135347,0.883356,-7.029927,-10.250157,-0.9589736,-0.7227007,0.020847553,3.7319033,-15.720173,-1.4554434,1.1631585,0.059822373,0.6026703,-0.12863362,0.045183763,-3.7026427,0.5235224,-1.3361393,-19.29996,5.5137777,0.18689257,-0.14917323,-0.18805066,0.488869,-1.3690557,-0.07744034,-0.35836342,1.8862568,1.6974269,-0.34084362,-0.016507896,-7.5131326,-0.31269675,-0.74614674,-3.943138,-0.497491,-0.14406309,-0.40208364,-3.2440174,-9.8682,-1.13265,-16.762913
1.5185213,0.006989574,-1.1831481,0.06336388,-1.0421243,2.2834556,-2.6636384,-7.3873467,-6.0972166,-0.77821815,-0.5547453,0.21817029,0.9649916,-12.90053,-2.3532853,0.012043332,0.2617119,0.13148214,0.03491765,-0.11408136,-0.38143912,0.85189897,-2.0544984,-17.83384,-0.3491768,0.0756258,-0.2143064,-0.15301739,-0.18816599,-0.12186806,0.071657814,-0.6889036,1.14176,-2.1958332,-0.55569345,-0.14876318,-6.481831,-0.22304034,-1.1335064,-2.0187833,-0.438875,-1.1437322,-0.3887612,-2.0446646,-4.542979,-1.0161653,-12.478302
0.5509056,-0.035700664,-2.2799692,-0.066589914,-0.610938,1.951649,-3.303894,-7.113619,-6.6908994,-0.9054182,-1.0150872,-0.46554407,1.2586554,-10.255368,-2.3388023,-0.58100367,0.3024255,0.14851055,-0.09672247,-0.08095899,0.2205016,0.8987394,-2.0292146,-16.970774,-0.89108205,-0.014013277,-0.21706653,-0.04300367,-0.2077242,0.04295297,-0.11713366,-0.67701906,-0.7883412,-2.7635193,-0.37009916,-0.33512378,-5.4181013,-0.20560986,-0.7887074,-2.37294,-0.98679614,-0.97640127,-0.1675455,-1.9627815,-4.5030355,-0.35933137,-10.743555
1.0336226,-0.22668616,0.23397684,0.62837535,-1.0771073,4.911192,0.8852143,-6.8440857,-9.5694685,-0.9269987,-0.6308325,0.06396035,3.9416518,-16.178955,-1.6272532,1.1827595,0.044073507,0.6152321,-0.14884442,-0.026537094,-3.56727,0.5123727,-1.5736773,-19.236002,4.912703,0.30133262,-0.36195642,0.02710025,0.0076710586,-0.79606044,-0.05430819,-0.35761487,1.7378597,6.5595627,-0.38287172,0.21535727,-6.8692007,-0.3440043,-0.6606993,-8.2706585,-0.20904304,-0.65030587,-0.82547694,-3.4517596,-8.2268915,-1.1324426,-17.195745
1.724929,-0.1512523,-2.1952562,2.1885128,-0.40818462,7.440941,2.7291722,-5.570848,-13.914274,-0.07851152,-2.1408331,0.00034251675,3.2279785,-18.238186,-1.6991463,1.0920664,-1.5855638,-0.13923687,0.28725028,1.5850496,-5.207452,-0.78813064,-0.592463,-19.49259,3.4844909,0.12665194,1.1517739,-0.011683749,0.076691404,-0.6936242,0.091015294,-0.015318288,1.28876,6.018477,1.5023509,0.26158148,-8.430435,-0.26430273,-1.7049342,-9.314465,1.8964033,5.831221,-1.2526876,-4.5697126,-9.400729,-1.1254483,-16.917166
2.1084323,-0.07120008,0.23549275,1.9041982,-1.2044883,5.554798,2.514646,-7.494475,-10.090459,-0.30822697,-1.6546407,0.08268089,3.2948556,-17.287428,-1.1700213,1.112017,0.07975723,0.50960267,-0.07356333,0.70382774,-5.131,0.08436901,-1.3611445,-19.7803,5.3364305,0.23191299,0.55109894,-0.10262012,-0.5349693,-0.651632,-0.18182638,-0.25903055,1.6512741,5.329187,-0.16025284,0.17973521,-7.6078644,-0.29592204,-0.81727564,-6.886622,-0.10338472,-0.73400366,-0.4734414,-3.7179034,-9.261338,-1.1578699,-17.083906
-5.137655,-0.5055283,0.27262428,-0.78837675,0.3385125,-9.607755,-14.651273,2.7044237,1.087475,-0.3436004,1.035934,-0.94771975,-2.7334316,26.633087,6.310309,-1.163587,2.0399327,-0.76823694,-0.2243047,-0.041459583,16.18678,-3.2090497,-1.3077987,32.602726,-2.8334012,-0.5718064,0.24474695,0.014508626,-0.5264096,1.9893982,0.24021795,2.8240821,-1.3752741,-4.885922,0.77695197,-1.8109949,12.692084,1.9004167,7.335488,2.3076508,-1.4530212,3.5541458,-0.4654142,0.9138981,6.74554,0.28314456,14.412074
-6.5544534,-0.15193978,0.56824374,-2.4851046,0.6501274,-10.60222,-16.870298,1.2092961,0.79101634,-0.16588879,1.0299128,-0.97591394,-3.3107235,31.728416,5.6065445,-0.8286909,1.2853523,-0.731911,-0.7216462,-0.8279601,18.581226,-2.3323185,-1.4383059,31.25216,-3.256097,-0.73759055,-0.3428794,-0.074508965,-0.7590981,2.9149523,-0.26921624,2.6232567,-1.2540365,-6.993815,0.6138601,-2.5297716,13.355719,1.373696,10.991418,7.743513,-0.8737505,2.5716605,-1.5187687,0.9223599,6.785604,0.2794014,13.968114
-3.9275122,-0.10032243,-0.693312,0.10414621,-1.1504332,-11.356808,-14.42633,0.29588556,1.0340043,-1.2797883,0.7617857,-1.350241,-1.9791495,30.551643,4.848533,-0.23386903,0.7085763,-0.42314014,-0.45129383,-0.55662787,19.941956,-0.70125985,-2.836381,32.075287,0.58644724,-0.53503495,-0.14103286,-0.11097011,-0.54659843,0.4092499,0.26996937,-0.016269404,-0.90912473,-7.115925,1.8540701,-0.04199249,14.232765,2.0443754,0.057622645,8.965575,-1.3741736,2.2067306,-1.2766123,1.1730481,6.955976,-0.05850013,14.86364
-2.9753861,0.046072043,0.58631384,0.07699081,-0.89593315,-14.657465,-14.52091,0.8307955,1.752722,-0.9620032,0.90649855,-1.5569257,-2.0655954,30.3752,4.829294,-0.2817247,0.9752084,-0.3937109,-0.58549696,-0.02873285,19.909729,-0.8006484,-2.8111117,32.386414,0.6962429,-0.61369795,0.09701145,-0.0016438775,-0.624075,0.29365692,0.01475293,0.10537628,-1.2484597,-6.58937,1.6109381,0.0950771,13.374942,2.220614,0.61184686,7.4667335,-1.6978558,2.7809377,-1.1473072,1.2741631,6.7712183,-0.032657783,14.608703
-4.188084,0.1465175,0.5868714,-2.9448316,-0.79056615,-12.009474,-11.891743,0.6978799,1.2566056,-0.89200693,1.1234363,-1.2677548,-1.2641737,25.606867,6.2417164,-6.3847446,1.6551918,-0.6738728,-0.2548247,1.3577375,18.415848,-0.7741168,-3.447961,34.67978,-4.228191,-0.9521423,-0.297282,0.26488513,-0.8684546,3.0808365,-0.2983767,0.035035927,-2.147902,-6.856379,0.95241404,-0.85771465,13.5731325,1.3412818,0.16916808,15.85794,-1.2650205,6.310445,-2.4110157,-0.21445464,7.42871,-0.015135091,17.094309
-4.0249004,-0.14814378,0.3193551,0.14951967,-0.5173311,-12.7489805,-15.049202,5.4546103,2.1045823,-1.2376188,1.5353103,-1.8591172,-1.6098815,25.400417,5.888073,-0.31215042,1.4373598,-0.30248925,-0.66671485,-0.13055469,-0.37343705,-1.0190341,-3.1979735,33.430805,0.89050347,-0.20936322,-0.56697816,-0.07184902,-1.3774581,2.111192,-0.6435079,-0.910883,-1.191363,-2.0074382,0.40773124,-1.5932428,15.772394,2.4032161,-1.0937212,7.031504,-2.312546,-0.20118614,-1.2792393,2.2272482,9.829834,0.047603644,23.772638
-4.43689,-0.4037864,0.38270628,-1.8399245,-0.33183768,-13.242231,-11.914765,3.4787114,1.9040741,-1.1182644,0.96605605,-1.7078794,-1.1869445,24.1994,6.353918,0.6921632,1.3779514,-0.3001958,-0.929081,0.22368026,15.129096,-0.6980228,-4.2437243,31.912739,-2.7794843,-0.83057874,-0.46211293,-1.5163311,-1.6528994,3.733926,-0.5487326,-0.8076818,-1.0106024,-2.2914438,-0.099160045,-3.531524,15.439761,0.83476084,0.28263664,17.888931,-1.4909637,1.7788291,-1.6980577,-0.085178494,10.454538,-0.19541804,14.982734
-4.233302,0.13419828,1.0477023,-0.8334792,-0.46682757,-11.941081,-16.107695,2.314818,1.8540963,-0.6040596,0.9165958,-1.3979948,-1.7225085,31.860174,4.5972633,0.74086154,0.5133545,-0.9667478,-0.4083728,-0.16577318,-0.44655132,0.5930825,-2.2451348,37.367672,0.16456057,-0.60373855,-0.11911372,-0.14017431,-0.5257695,-0.088809885,-0.39677864,-0.8194577,-1.3183671,-2.6388128,0.40260392,0.09268808,9.7218275,2.4305825,0.33796012,5.935324,-2.5165918,4.9263844,-1.4344298,1.9357108,9.983275,0.116881356,21.900517
-4.3432684,0.4843892,2.1004884,-0.8854789,1.0487646,-13.403044,-18.920183,-0.48610592,1.2273617,-0.78076476,1.3445872,-1.7364341,-1.2158617,30.004286,6.8287845,2.6136584,-1.7203397,0.15075606,-0.25029933,-0.43101212,16.242636,-0.3642422,-1.153734,30.521742,0.699119,-0.25986284,-0.06286726,-0.1120946,-1.1951414,1.5631028,-0.52217686,-0.68520254,-0.9817301,-3.1492062,0.4078532,-2.8011894,15.893828,2.0278912,0.7256065,7.5968266,-1.188736,4.401071,-1.1565185,0.95619756,7.5944967,-0.011152288,14.532302
-3.1828322,0.14545828,-0.14836727,-1.1040835,-0.22834656,-8.537648,-17.256308,1.4801961,1.6993517,0.025888804,0.5639416,-3.017614,-2.7267,30.534515,9.178239,2.2756662,1.2954419,-0.9785665,-0.91772413,0.9173839,20.778574,-0.71617895,14.190039,24.22279,-0.25635025,-0.38617754,-0.4893593,-0.14743432,-1.375882,0.6055169,0.011241723,-0.6687466,-1.004464,-7.758809,1.0690565,-3.8741634,15.965251,2.3277924,-0.20936811,1.8909893,-1.2448739,3.1116695,-3.7098541,0.3768032,6.7903748,0.22452961,17.95597
0.7951625,-0.31433013,0.09971997,0.505014,-1.0169419,4.3844476,-0.16741796,-6.9689016,-7.012109,-0.6748949,-0.37281018,0.14609338,4.3338065,-16.02697,-1.7420113,0.033441696,0.021236718,0.56731707,0.0009970982,-0.42929855,-2.827337,0.5212536,-1.7308012,-19.053238,4.2237496,0.2873944,-0.5337667,-0.039680105,-0.10625524,-0.65517,-0.048875406,-0.19069329,1.9837018,6.343463,-0.63465315,-0.18258667,-7.154604,-0.4241145,-1.1419836,-8.33946,-0.40016437,-1.3989576,-0.8407131,-2.8956866,-7.81458,-1.066511,-15.889619
1.2913485,-0.28498358,-1.1718409,0.33594164,-0.9878232,3.6636152,-0.080962144,-6.930095,-6.4257307,-0.8043582,-0.561902,0.113138795,2.8686733,-13.74632,-1.8847564,0.08246234,0.30770454,0.30689698,0.10487848,-0.35884145,-0.48117733,0.9242435,-1.7548095,-18.965794,2.171174,0.09566103,-0.3344843,-0.033807945,0.09371558,-0.6199955,0.28749985,-1.2993094,2.2506273,-1.70965,-0.54995435,0.20253107,-7.638999,-0.18306991,-1.2023209,-4.253207,-0.41368422,-1.2369002,-0.24566065,-2.5605152,-7.6864715,-0.6381465,-14.789429
2.217827,-0.25074342,0.26008707,0.54653364,-1.055614,4.462048,0.4040872,-7.3922343,-7.9686327,-0.8376144,-1.7781453,0.06293436,3.7513673,-16.28842,-1.7666117,0.18178165,0.037625138,0.65360016,-0.03435208,-0.32686225,-3.4954252,-0.9741328,-1.4538398,-18.71488,5.7098794,0.23873179,-0.55679965,-0.030833483,0.3517789,-0.9434377,-0.03172716,0.00096153666,1.826336,5.8028026,-0.72020704,-0.4850107,-6.772753,-0.39387122,-0.7282468,-5.6187916,-0.32476255,-0.79657924,-0.76758826,-3.768813,-10.454697,-1.1224122,-16.858963
1.0453382,-0.26431373,-1.7249148,0.29139352,-0.9652191,3.2093716,-2.7410612,-6.910249,-6.690811,-0.70645374,-0.4229962,0.3348972,4.1360936,-15.947757,-2.429386,-0.08054032,0.022836965,0.2614171,-0.09488507,0.068452895,-0.42381492,1.0118047,-1.7933465,-19.157782,-0.46917656,0.23530073,-0.41924155,-0.096949376,-0.07585784,-0.54794455,-0.010693862,0.027411213,2.202931,6.772423,-0.42376998,-0.73305815,-7.174335,-0.16079307,-1.1421331,-7.6798234,-0.69584656,-1.1008006,-0.7563997,-3.470893,-4.578588,-0.5794861,-13.266068
0.30894643,0.05836056,-2.2377846,-0.015590637,-1.3977461,0.95905584,-1.7299567,-8.103575,-6.3486776,-1.1919953,-0.9603383,-0.85056275,1.4084166,-10.119812,-3.0229907,-0.7789556,0.56025,0.17001936,-0.44612446,0.19902025,-0.018796597,0.44797042,-1.7003958,-16.262058,-1.6039202,0.21697696,0.19572702,-0.014952066,-0.03458256,-0.4657433,0.15319484,-1.2699267,-1.3456829,-3.116013,-0.39024153,-0.6180356,-5.076787,-0.08507947,-0.8089623,-2.4329276,-1.384724,-1.942544,-0.32062793,-0.40150627,-5.722913,-0.6137694,-6.227576
1.1504391,-0.19101672,0.007644131,0.24943769,-0.738517,3.8341486,-2.2928977,-7.978128,-6.461326,-0.7792339,-0.2882263,0.13254984,1.9604222,-13.135063,-1.6900749,0.14567098,0.18875907,0.317142,0.06590247,2.0609992,-0.010087825,0.921771,-1.6998007,-19.396948,1.2480102,-0.0008076633,-0.5528355,-0.0021031676,0.26831844,-0.21556832,0.4777612,-0.9105455,2.481042,-1.5541335,-1.5270262,-0.070555635,-6.840971,-0.20309645,-0.9408149,-5.270091,-0.51148236,-1.1011053,-0.6187608,-1.8691363,-6.3443975,-1.4436017,-14.935523
2.1608555,-0.06714275,0.48685417,1.341555,-1.2016745,7.1096554,3.5675175,-7.2146916,-10.791773,-1.0005778,-0.46454075,0.12896836,4.013478,-16.928493,-1.4325652,1.1829139,0.12296197,0.6638952,-0.13010685,-0.0715692,-4.7912235,0.4944617,-1.4817288,-19.019764,5.617221,0.21088232,-0.44531804,-0.19110705,0.43736032,-0.70499253,-0.04261374,-0.49461696,1.6486492,6.8457327,-0.15065794,0.12315044,-8.6098175,-0.5638449,-1.1996505,-9.42387,-0.55334383,0.17945738,-0.84319264,-3.6181195,-9.762257,-0.8847365,-18.839788
-2.0495927,-0.52643013,-1.791985,-0.73561496,-0.6354878,-4.9068375,-5.760066,-7.4729457,-0.5298555,-0.9995272,1.64994,0.43873584,-0.062474035,-9.746344,-0.6382131,0.06875443,0.00041876594,0.11632248,0.69636166,0.03561475,2.859317,0.8429195,0.11318711,-11.724382,-2.2516446,-0.12195616,0.11188303,-0.42122874,-0.5976391,-0.32383016,0.26489374,-0.71462566,-1.7043089,-3.444785,1.3117346,-0.13736886,-7.0803175,-1.2865762,-0.181894,8.328309,-0.18479928,-1.6636244,-0.10761079,-1.7052406,0.40422034,-0.04451151,8.106706
-3.0360858,-0.48920166,-1.8408562,-0.57642865,-0.6643953,-2.4175763,-5.6738853,-7.240207,-0.29368928,-1.1302787,1.0024918,0.66125625,0.101774015,-11.315751,-4.6242332,0.3385773,0.015071825,-0.058325678,0.49550653,-0.8178901,2.1641736,0.051486734,-0.08155553,-13.081027,-2.8018167,-0.56750274,-0.017097585,-0.21469843,-0.5725967,-0.52272165,0.2602668,-0.9989758,-2.0108087,-2.3470664,2.154791,-0.19528164,-4.800266,-1.9793,-0.70216167,7.465486,-0.4865355,-1.2988902,0.10165176,-0.52990884,7.2181973,-0.64710075,7.5758677
-1.7674092,-0.2599199,-1.6655564,-0.5313572,-0.4197111,-1.9683301,-4.1284137,-8.013075,2.7561677,-1.0023246,1.410568,0.7971365,1.0462307,-11.262846,-0.9674568,0.31961715,0.13979124,0.09232698,0.43973115,-0.6287255,2.9288769,0.2963639,1.1174872,-15.39518,-1.5017905,-0.100911245,-0.025081005,-0.10459018,-0.25057286,-0.5749387,-0.11716922,-0.046795316,-2.049713,-3.1599896,1.5437024,1.4099455,-4.3841558,-1.3186821,-0.39256,8.469802,-0.50542974,-1.1503613,-0.06946203,-0.052223105,-0.6424607,-0.19616121,-1.7500621
-1.4191561,-0.093524545,-1.3632714,-0.38568905,-0.5320355,-1.0726323,-3.50414,-8.573093,0.5599907,-0.5006571,1.1674314,0.9450284,0.39540392,-13.834679,-0.82959086,1.3673807,0.32975444,0.862776,0.46175256,-0.05773172,2.2538147,0.77393377,1.3993686,-14.381905,-1.1497266,0.030490335,0.0572604,-0.025881246,-0.20741996,-0.5150942,0.18391989,-1.0216349,-0.9168318,-3.4612932,0.50734615,1.4858084,-2.8453286,-0.8732927,-0.48784164,8.475073,-1.1130335,-0.92245907,-0.6363707,-0.82426494,-2.837653,-0.009430634,-1.4651977
-1.6594511,-0.08562377,-1.4915128,-0.7543178,-0.9090795,-2.0419543,-1.9440838,-7.3693714,1.181691,-1.1138128,1.4622489,0.25562504,1.3603811,-11.466287,-0.08366978,1.08733,0.12077702,0.3230609,0.32109496,-0.09713936,2.7358007,0.28410554,1.6420082,-14.725716,0.86286724,-0.13867517,0.13053833,-0.21558873,-0.045661226,-0.9301041,-0.34981573,-1.7151904,-2.60885,-3.9955895,0.82651824,1.4095469,-5.959577,-0.4767012,-0.0398661,8.729243,-0.8837046,-0.48270848,-0.66632926,0.3525074,-2.6314907,-0.1324555,-2.076899
-0.40142676,0.033174932,-0.36478218,0.48534212,-0.85264987,-0.19472848,1.4275753,-4.30688,-1.4666913,-5.1668496,0.9480321,1.0005962,1.1255707,-11.85035,-0.994969,-0.27131647,0.42152536,0.7243202,0.27621394,0.3487709,1.1558164,0.18186507,2.355638,-16.602226,-0.83966243,0.22151962,-0.038493667,0.008185152,-0.19550833,-0.25781506,0.15824956,-1.7348782,-1.7422035,-3.2376795,2.1301107,1.1809889,-3.5433078,-0.093894154,0.010849364,10.017868,-0.17220883,-0.7244467,0.23365943,-3.1272593,0.626579,-0.2994505,-11.112979
0.37828457,0.14048453,-0.6693983,-0.05027828,-0.5408251,2.8895,-1.0866313,-3.7862587,-2.1901822,-0.31464353,-0.97152305,0.8138436,2.6966827,-13.716055,-0.5405223,2.961372,0.13236375,0.73214275,0.24029812,0.6694635,0.32843888,0.20800963,1.3888992,-18.543852,1.1464506,0.19895239,0.103012495,-0.06823431,0.3918316,-0.29907262,0.32971185,-1.93953,-2.3215415,-3.0230663,2.097993,2.1611037,-5.9395795,-0.20679481,-0.25232926,10.134002,-0.085165195,-0.50099725,0.2827221,-0.3826795,-3.0500178,-0.27880695,-14.02355
-1.2503796,-0.12264807,-1.5291183,-0.55033207,-0.6696928,-2.217451,-2.4284225,-9.927955,2.4796422,-0.8433649,1.8263716,0.63854325,0.6230873,-5.6348157,-3.4925952,0.37798336,0.23086001,0.22822934,-1.5721409,4.4557776,2.3458974,0.27301016,-1.8299959,-14.865387,-2.043339,-0.12611572,-0.009532014,-0.034059025,-0.44779524,-0.6467744,0.30826256,-0.9809443,-2.412334,-4.9797606,2.129713,1.5106202,-4.029722,-1.5988088,0.22904262,6.3878336,-5.131126,-1.1023585,0.013782547,3.818428,6.8732367,-0.121865146,-2.7860408
1.67915,-0.24237904,-1.4734154,-0.09005581,-0.6379823,0.09292773,-7.033912,-7.963177,-9.3141165,0.11540249,-0.8040919,-0.78800285,1.512864,-16.643808,-1.3532871,0.86512536,-2.968617,0.8233036,-0.16442436,0.46796477,-1.8230385,-1.1835027,-1.5230244,-17.565336,4.4581156,0.12205657,2.052597,-0.014919413,0.30235985,-1.02158,-0.25574127,-1.3186057,-1.0668497,-4.9752,-1.2805408,-0.6845965,-7.118889,-0.6436271,-1.4993103,-3.7479758,-0.6828964,-1.0815259,-0.17214209,-1.3241384,-3.6684642,-0.65768373,-13.162955
1.2536529,-0.2616072,-1.7154295,0.17938237,-0.6384304,0.24666652,-4.8432736,-7.945224,-9.236858,0.07170439,-1.1499023,-0.6544548,1.1343288,-16.91493,-1.4031872,0.93120366,-3.087629,0.5873849,0.052924294,0.5865904,-2.2037287,0.32876632,-2.4036605,-17.60861,4.6170416,-0.121267386,-0.38238266,-0.028514938,0.0641174,-1.1005423,-0.15331782,-1.2788252,-1.0153799,-4.622859,-1.171717,-0.26842415,-6.8367825,-0.63562155,-1.4026973,-3.7095735,-0.44557464,-1.0485008,-0.14337876,-1.3514817,-6.3425226,-0.57297426,-14.083239
1.3302985,-0.23349452,-1.9853073,0.042124048,-0.66302466,4.0391593,-4.9851727,-7.702427,-8.22227,0.40442544,-0.573912,-0.5323054,2.205966,-16.566494,-1.2972158,1.0997041,-3.320558,0.7833646,-0.09909181,-0.24591622,-0.40556833,-1.2380363,-1.8659865,-19.838877,2.0468168,0.16539636,-0.37239754,-0.006009398,0.022180557,-0.9529881,-0.2548426,-0.9243391,-0.99305964,-5.202063,-1.487325,-0.6620639,-7.3406725,-0.8199868,-1.7093109,-3.9312875,-0.6074969,-1.235325,-0.09304721,-1.6962976,-6.7427793,-0.660846,-14.1982975
1.2355418,-0.31573737,-3.380994,-0.12035685,-0.6839907,0.11645066,-5.1279244,-8.054886,-9.465297,0.10562383,-0.7791,-0.7443195,1.1670803,-16.522367,-1.4002501,0.93464595,-3.4286346,0.78597784,-0.21883497,0.50242746,-0.3438042,-1.2335502,-1.9271524,-18.072847,4.521088,0.0949875,-0.7361245,-0.04415626,0.05478339,-0.94231737,-0.28584164,-1.2508789,-1.0522053,-4.9063525,-0.61516535,-0.11770959,-7.1811533,-0.6229303,-1.8468728,-3.600394,-0.5145166,-1.0685652,-0.14049007,-1.1706047,-5.9377584,-0.5947767,-13.154064
1.2265227,-0.21471126,-3.5821812,-0.10697861,-0.66631687,0.048699502,-5.2414527,-8.061438,-9.26897,0.08851797,-0.7790138,-0.75403494,1.1538583,-16.487904,-1.3912601,0.9171084,-3.2886152,0.7773106,-0.20238823,0.5254301,-0.28504342,-1.2267535,-1.9482841,-17.863157,4.559613,0.10164943,-0.7292264,-0.04554099,0.060239926,-0.96537197,-0.2757181,-1.262644,-1.0616349,-4.905357,-0.6418201,-0.11058557,-7.0935555,-0.61746293,-1.8233967,-3.812514,-0.5007567,-1.1060013,-0.11187245,-1.1997955,-5.932364,-0.5967113,-13.183656
1.2953783,-0.029434033,-2.4088733,-0.124538414,-0.65286547,-0.86590546,-5.7754416,-7.769236,-5.0449066,-0.3015202,0.608459,0.8996722,1.6294949,-13.064174,-2.2078571,0.13648313,0.58474684,0.16908325,-0.29146448,-0.2196724,1.939437,1.1687366,2.852756,-16.87056,-1.2422013,-0.043759648,0.31855306,-0.072548196,0.02654673,-0.44871718,-0.046358585,0.04853598,-0.03567277,-1.3311584,1.1159912,0.99602485,-4.8295994,-0.21202624,-0.25308952,-3.9249725,-0.51988906,-1.0567601,-0.030376475,-1.028816,-3.4532344,-0.31682107,-9.458845
1.3964919,-0.21485011,-2.4333117,0.18095945,-0.53612125,-1.012854,-4.486476,-7.378429,-6.652199,0.18951182,0.7956583,0.83647114,1.5921474,-13.879304,-2.0391629,-0.08402239,0.5425946,0.50980675,-0.039815497,0.14874332,1.7054949,0.8150258,2.3537157,-16.826092,-0.80886877,0.3108732,0.117424965,-0.03395303,0.17742409,-0.50140643,0.07709042,-1.3125778,0.1556479,-0.35487348,0.7106706,0.9312241,-3.0636597,-0.010195009,-0.44961175,-4.152731,-0.09542011,-0.6682645,-0.0834854,-1.0873234,-2.656206,-0.7258051,-10.342335
-1.6837914,0.011951085,-4.7783895,-0.40273622,-0.5995063,-3.82182,-6.4567137,-9.293686,-6.1775117,-0.5660487,0.8279723,0.71585643,1.0060598,-12.208895,-3.089253,0.12389942,0.35587367,0.107379995,0.4046718,-0.22743897,2.6991613,0.56926566,1.5491552,-13.746746,-2.5552654,0.04356304,-0.051591083,-0.071233585,0.0031610646,-0.44754657,0.29047182,0.91170543,-0.50424117,-0.70435154,0.68712896,1.0645477,-3.0691848,-0.3237582,-0.30772275,-3.0016649,-0.5079509,-2.0068011,0.14927419,-0.10986424,-2.5020702,-0.17145178,-0.41377124
1.377258,-0.15364772,-2.3980167,-0.067376554,-0.5456001,-1.4940655,-4.0752463,-7.5446014,-6.216152,0.17036977,1.1009498,0.73528475,1.4088132,-13.673745,-2.0832684,-0.013594608,0.5047883,0.42256305,-0.14366135,0.11676967,1.612083,0.76880723,2.13688,-16.484112,-0.97017115,-0.08813209,0.1455707,-0.043596756,0.046033002,-0.48607215,-0.07134799,-1.1140631,0.06655119,-0.37747633,0.7257297,0.42595652,-3.1807601,-0.05755716,-0.46906838,-1.98677,-0.12800848,-1.0710325,-0.12734163,-1.0615833,-3.0473495,-0.4574467,-10.956229
1.4786321,0.04534505,-0.66022587,-0.05917976,-0.5430265,-1.3999294,-4.589534,-7.6084356,-6.0419855,0.3313512,1.0765399,0.77930105,2.7592716,-16.889515,-2.0347903,-0.04013352,0.49319398,0.416134,-0.12473176,0.1908255,1.1066954,0.99377996,2.2075093,-16.512999,-1.0236126,-0.058041215,-0.03967012,-0.14245126,0.045532465,-0.5219532,-0.09251335,-1.111287,0.0274168,1.070775,-0.119638786,0.34188357,-3.134958,-0.08449492,-0.5022216,-1.8777726,-0.10794965,-0.7897391,-0.12366946,-1.0822487,-2.9357643,-0.72958,-10.156534
2.2546785,-0.14996974,0.24424532,0.29820353,-1.007525,5.724028,2.1169193,-7.190004,-10.557114,-0.12690055,-1.5515591,0.1815155,2.3044016,-17.5177,-1.2610474,1.0396286,0.063267246,0.39103168,0.10372605,-0.17181152,-5.121283,-0.2959568,-1.6045974,-19.456678,5.921449,0.31368682,0.5057103,-0.08791501,-0.45201567,-0.52437115,0.22733587,-1.6662791,0.38526186,5.353546,-0.16273454,0.18316627,-6.218757,-0.3167018,-0.48639834,-6.553619,2.5514805,-0.7262096,-0.40642333,-4.301198,-9.208447,-1.1065996,-16.015778
1.9742175,-0.28363934,0.3528249,0.3482088,-1.3702222,5.367793,2.4970827,-7.06505,-9.881121,0.0043260003,-1.7160907,0.17408398,3.3845923,-18.012966,-1.0044806,0.4858279,0.08360512,0.4109581,0.0024775933,1.5554667,-4.9916077,-0.29354414,-1.0508294,-19.009665,3.964804,0.30235344,0.8065174,-0.06573972,-0.2886012,-0.38485768,0.21068668,-1.6814418,-0.064747155,5.1952167,-0.32637447,0.02709815,-6.792946,-0.21460384,-0.6530522,-7.003781,0.7100295,-0.64136046,-0.5990762,-4.2115135,-8.5006695,-1.0863638,-16.056086
1.5796144,-0.23729432,0.12586904,0.4271932,-1.274854,4.7613764,1.6999547,-7.053073,-6.827352,-0.87072426,-0.50292915,0.39307263,2.7053173,-13.3473215,-1.8017678,0.069016114,0.013720056,0.56917423,-0.21052527,0.21079232,-3.7360296,0.44828823,-1.5035632,-19.179173,-0.19205074,0.33776143,0.2722098,-0.07087524,-0.39227533,0.4942728,0.042640112,-1.537271,-0.32994893,-0.7292917,-0.3971137,-0.16792819,-5.8781304,-0.43699336,-0.55091774,-3.6521418,-0.2658776,-1.2438365,-0.5406864,-3.8595328,-5.312042,-1.0077205,-15.404935
1.9674025,-0.2975095,0.28299573,0.42774263,-1.2334219,7.328005,3.071211,-7.450391,-9.8052,-0.023249231,-1.6037374,0.116814576,1.9024144,-17.538067,-1.1918875,1.1219674,0.032660745,0.38019666,-0.16735905,0.21720089,-5.4031525,0.3084134,-1.3231851,-18.892803,4.313904,0.3291454,0.6302624,-0.017502863,-0.228087,-0.4205878,0.25891745,-1.7467804,1.0613363,4.3339267,1.0760857,0.28090632,-7.4945536,-0.97846407,-1.0722507,-7.015637,2.539556,-0.36110136,-0.3789296,-3.793692,-8.516753,-1.0161905,-18.192835
1.3031335,-0.29595134,0.2428153,0.38486624,-0.9232758,4.799825,1.2660661,-8.154481,-7.5335956,-0.8573262,-0.5252676,0.27836466,2.6723824,-13.561316,-1.3718568,0.5254576,0.0006763018,0.5806817,-0.004152918,-0.20613164,-3.5738833,0.35978848,-1.6064918,-20.28008,2.286276,0.23255342,-0.11701037,-0.2587941,-0.24623066,-0.00010970482,-0.03141335,-1.5266769,1.4487468,-0.6004377,-0.5471436,0.14517953,-6.7050815,-0.35656223,-0.5622039,-3.6324465,-0.50075984,-1.2580595,-0.36212647,-3.6742938,-6.0884275,-1.0915598,-15.595172
2.2112067,-0.2561549,0.035220254,0.4741312,-1.293528,4.774012,0.76035553,-7.390214,-8.170285,-0.85313016,-0.53446084,0.055149157,3.7570355,-15.967886,-1.2446203,0.22154367,0.025385942,0.6112547,-0.5321231,0.15315692,-3.6917126,0.48283738,-1.3627707,-19.44047,2.907791,0.17834678,0.4966354,-0.007868077,-0.1114041,0.33561704,0.27685362,-0.28671467,1.7365739,0.6737426,-0.67842007,0.038165852,-7.132215,-0.118887596,-0.85653704,-3.161244,-0.25021073,-0.6990612,-0.42351884,-3.1474743,-9.522129,-1.0320829,-16.04299
1.9477834,-0.13477632,0.5369461,1.6479491,-1.2303059,7.272662,2.7349277,-6.058504,-10.009282,-0.33410522,-2.126779,0.15944554,3.3312747,-16.361511,-1.4967546,0.466563,-0.9566236,0.5253602,-0.21559799,-0.04687835,-3.782356,-0.50232095,-1.5360402,-19.583197,5.1461887,0.174781,1.1077905,-0.0033189186,-0.052463297,-0.36525548,-0.20283027,-0.10371315,1.6450876,5.166688,0.73074746,0.12988351,-8.321425,-0.27104998,-1.3220005,-7.0143595,-0.27756348,-0.3081887,-0.39500096,-3.9404116,-9.297729,-1.02737,-18.338087
1.1618633,-0.28041258,0.3145709,0.30763093,-1.1861937,3.8854542,2.273477,-7.2499304,-8.38933,-0.8664802,-0.53663135,0.34239322,1.7453108,-14.474778,-1.3937045,0.25268695,-0.0022619185,0.3902085,0.012532275,-0.15841626,-4.5290823,0.22264485,-1.5567968,-18.30491,4.3298035,0.19385462,-0.29724914,-0.10635826,-0.24377672,0.04654231,0.12928599,-1.4365145,-0.42640287,0.4659571,-0.25681305,0.77811563,-6.030107,-0.22301449,-0.56812924,-4.4220138,-0.5785265,-1.2833924,-0.373642,-2.4161978,-7.2061605,-0.84024775,-15.360299
1.8904805,-0.23651606,0.54974043,2.2476811,-1.0063256,4.7200637,3.2568617,-7.9941397,-11.551556,-0.99711406,-0.6014146,0.15554817,1.9053969,-14.041772,-1.3165118,0.68496007,0.14574972,0.5806184,-0.1384034,0.82206386,-9.147746,-0.49798235,-0.9822512,-18.797667,5.766566,0.301283,0.6665107,0.036311407,0.5941846,-0.2554894,0.20686719,0.017598601,1.5336431,6.379814,-0.33158597,0.26702756,-8.053621,-0.41744745,-0.7527335,-8.814335,-0.4491354,-0.7563702,-0.67856777,-3.3359604,-9.206788,-0.93048155,-15.786569
0.77087367,-0.300029,-0.7500837,2.0372658,-1.1715634,3.3948011,2.743657,-9.872331,-6.2373643,-5.9126334,-0.6149068,-0.30741248,2.3130517,-10.794576,-1.5925969,-1.5956737,-0.04851677,0.6115819,-0.22176622,-0.32121378,-4.5988345,0.086065166,-1.1197032,-17.771637,1.8794141,-0.025563452,-0.7228369,-0.0028216057,-0.71672434,-0.1970385,0.24446449,-1.5009041,3.2826633,-1.783099,-1.4142256,0.68236434,-11.342867,-0.2863539,-1.0350261,7.781002,-0.67152613,-0.83068943,-0.35238698,-5.497099,-3.9643726,-0.26043516,-16.088917
2.1511292,0.033266105,0.17786816,3.1335914,-0.45516074,4.9879556,1.5709722,-7.3188453,-10.761891,0.012729928,-1.7170507,0.15315904,2.9961717,-18.086502,-1.1304836,0.5535331,0.14945628,0.15972787,0.09263092,1.5696135,-6.326633,-0.44181135,-0.8604006,-19.979116,5.971605,0.17469607,1.1215148,0.03918254,0.3239995,-0.92785615,0.07559297,-1.3316098,0.3143236,6.2973003,-0.9091033,0.014688774,-7.274285,-0.27170599,-0.7710894,-4.3849955,-0.17242134,-0.32069516,-0.9954221,-4.685339,-9.418007,-1.1548402,-16.608965
2.0298166,-0.0674641,0.347733,1.9330127,-1.1944243,5.754623,2.600562,-7.947767,-10.551751,-0.21126783,-1.05342,0.11160548,3.304733,-17.022598,-1.1965199,1.0701909,0.07033592,0.51080585,0.0066033592,0.6695536,-4.85292,0.11493374,-1.2855457,-19.85778,5.5371056,0.2596819,0.5856583,-0.008737368,-0.20921318,-0.35243133,0.2001076,-0.27725318,1.9940248,1.156342,-0.3103769,0.15472029,-8.388237,-0.2950864,-1.1910052,-4.158005,-0.08010873,-0.6675277,-0.44924182,-3.4655294,-9.237738,-1.1599172,-17.040003
2.080236,-0.18982482,-0.21554315,1.3389878,-1.1919715,6.237447,-0.11198576,-6.8039994,-11.716493,-0.98477805,-0.570309,-0.30117345,1.8835664,-12.907626,-1.5488733,1.1830518,0.020833472,0.56305444,-0.1713286,0.03520729,-4.0443335,0.026192106,-1.5868871,-18.899467,6.4688168,0.20352347,0.020963615,0.06632643,-0.12795976,-0.30913502,0.23751554,-0.17340858,3.702749,-3.3348525,-0.5039417,0.32241467,-10.772962,-0.48515728,-0.8130403,10.329008,-0.2642221,-1.1969458,-0.4086404,-3.7455606,-10.916046,-1.1737958,-17.92889
2.0972278,-0.124144174,0.13685323,0.43827522,-1.2441505,4.671445,0.3698448,-6.694878,-9.384975,-0.969064,-0.86911833,0.014523121,2.5596273,-13.395217,-1.4632925,1.0323718,0.07561244,0.56446326,-0.19834405,0.09634228,-4.4381933,0.38570306,-1.4725649,-18.958864,5.898165,0.3494921,-0.12791716,-0.025931602,0.080599815,-0.6854458,0.22242273,-0.27075148,2.0531065,-0.62652075,-0.3684128,0.18879358,-7.159882,-0.31730172,-0.77241796,-2.898187,-0.26199612,-0.68971497,-0.38984618,-3.02154,-9.782592,-1.1339511,-17.696566
1.1541173,-0.23409046,-0.25337023,0.63047874,-1.270719,4.8931766,0.6215414,-7.264799,-11.795793,-0.93440866,-0.78110904,-0.27231815,3.0375037,-16.024418,-1.7242708,1.1630163,0.03107853,0.61992294,-0.1862186,0.06500786,-4.2907047,0.0041242293,-1.3996332,-19.486147,5.8840218,0.19813928,-0.05722967,-0.01346287,0.26325384,-0.45826438,-0.06133592,-0.8470942,3.5555823,-1.0904145,-0.40722862,0.008784333,-10.424241,-0.5116276,-0.81045556,9.056581,-0.22678062,-1.193044,-0.40841022,-4.495493,-9.029534,-1.220668,-17.542368
1.0882818,-0.26115862,-0.3457835,0.14655514,-1.4662904,4.9566584,-0.45057938,-7.193869,-7.5895805,0.61804765,-0.30280605,0.47126985,2.181759,-15.707554,-1.6501989,1.1009816,0.18050726,0.68772393,0.37173438,0.45274645,-3.9967086,-0.97483575,-1.532312,-19.111494,-1.2891904,-0.10420923,-0.36413765,-0.018428756,-0.081687875,-0.65966463,-0.42190108,-1.8901982,-1.5320435,-2.794132,-0.8895097,-0.3439282,-3.1674888,0.11010468,-1.0888418,-4.2037783,-0.3609514,-1.0191581,-0.2318171,-2.1540797,-5.37652,-1.0315061,-13.379873
1.0647931,-0.0031731674,-0.76695365,0.16116677,-1.2809689,3.791339,0.47135434,-7.011557,-7.3726683,0.68504554,-0.59090954,0.38427773,2.7998922,-15.838763,-1.6442466,0.95403874,0.37445834,0.6172792,0.09898259,0.23918378,-2.8098037,-0.79698133,-1.6149781,-18.876854,-1.42806,0.05741697,-0.43143624,-0.0647072,-0.046818532,-0.46941793,-0.19580932,-1.7984874,-1.2124321,-4.1112337,-0.5332278,-0.23344305,-3.6537197,-0.631094,-1.0710263,-1.7908661,-0.3204674,-0.937366,-0.09813354,-2.5865262,-6.1915035,-1.1042247,-15.018862
-1.1058055,-0.034327928,-0.3460291,0.4219913,-1.4690279,4.327646,-0.35815644,-7.1751857,-7.658718,0.56173235,-0.35710624,0.37757942,2.1220696,-14.887786,-1.6948738,1.0443672,0.20068635,0.6392416,0.01728283,0.39877814,-3.6117964,-0.8006927,-1.5418974,-16.717628,-1.32467,-0.15472545,-0.65573096,-0.020888936,-0.07933827,-0.48375192,-0.19570863,-1.6782651,-1.2770764,-2.7786615,-0.89155287,-0.28912956,-3.733536,-0.59061223,-1.3347639,-2.7792866,-0.35168257,-1.0195401,-0.6125946,-2.2699585,-5.266117,-1.0333107,-14.192657
1.1067396,-0.057457693,-0.90509546,0.45578676,-1.261335,3.9215136,0.45782793,-6.9949684,-7.4087257,0.71232855,-0.4117895,0.4375452,2.7166011,-15.952223,-1.6217611,1.0074717,0.3935151,0.6256157,0.09687242,0.24149536,-2.5320554,-0.77197826,-1.5504547,-18.073175,-1.4493643,0.02506306,-0.46739912,-0.050401438,-0.047626507,-0.51875246,-0.10000786,-1.9087383,-1.3306894,-5.1003785,-0.6958212,-0.24274758,-3.6478307,-0.64246106,-1.14798,-2.4987204,-0.29706368,-1.0894889,-0.087377094,-2.1517248,-6.156931,-0.82566816,-15.106532
-1.1480474,-0.35496286,-3.2562814,-0.41371867,-0.5137485,3.3640637,-3.854918,-7.5900755,-5.486604,0.22672622,0.07853426,0.5802369,1.2949399,-14.110225,-1.9562011,0.32104528,0.4709823,0.63907367,0.02029808,-0.22580986,-0.09691169,0.112487406,-1.7419875,-15.2833395,-2.1473718,-0.19071469,-0.1662589,-0.08180299,-0.23066016,-0.3294134,0.36853322,-1.2626189,-1.1911291,-5.6178446,-0.5460999,-0.79463094,-2.7572248,-0.8825846,-0.86411816,-1.535174,-0.33250746,-1.1152524,-0.8782894,-1.974957,-3.849096,-1.1934853,-14.115149
1.125757,-0.12265845,-1.1721342,0.2983031,-0.7227527,3.5870128,-1.1779919,-7.35436,-6.496479,-0.793524,-0.32088315,0.21178475,2.71215,-13.002883,-2.0084236,0.10075072,0.23342377,0.307263,0.037510656,-0.3728515,-0.52078116,0.91037214,-1.7641104,-19.397684,2.2352662,0.015973216,-0.34550303,-0.009034154,-0.16999085,-0.3625457,0.23860234,-0.8774594,2.8504798,-1.6467693,-0.5678394,0.032821726,-6.6164894,-0.24107325,-1.1829805,-5.1411877,-0.46875852,-0.9438391,-0.47785532,-2.037488,-7.7928085,-1.4214284,-13.880649
2.0950744,-0.23072502,0.2403606,0.6601963,-1.1314592,4.9637556,1.1731777,-6.8951845,-9.769127,-0.9642461,-1.1968348,0.009016252,3.6383336,-16.749937,-1.4419861,1.1412252,0.0485857,0.55542094,-0.12647511,0.15352996,-3.6366327,0.41917855,-1.4124782,-19.412395,5.792849,0.21239483,-0.13594177,-0.040869255,0.039136376,-0.67625874,-0.0738641,-0.24845655,1.7265475,1.7338246,-0.3480899,0.014107934,-6.9368324,-0.34800127,-0.67720854,-3.6510258,-0.18306927,-0.6526316,-0.37396106,-3.1865878,-9.791,-1.1394098,-17.281895
2.095484,-0.21425804,0.3510876,0.66623473,-1.1293811,4.914199,1.2043144,-6.906348,-9.783074,-0.9580684,-0.71731013,0.008275352,3.684916,-16.790916,-1.4433897,1.165006,0.04280588,0.5547393,-0.13710572,0.034704622,-3.804734,0.42478415,-1.4168918,-19.367395,5.846366,0.1999337,-0.39013308,-0.037173126,0.038518652,-0.66722184,-0.0768784,-0.7238721,1.9105414,1.6498089,-0.27869147,0.016378416,-7.181613,-0.34559584,-0.66650677,-4.053878,-0.18044727,-0.66304225,-0.34502977,-3.0464284,-9.571807,-1.1421111,-16.868149
2.084243,-0.2162167,0.26152593,0.6709358,-1.1259804,4.958007,1.0741037,-6.9034753,-9.696131,-0.9621868,-0.7153112,0.011852549,3.6828988,-16.829596,-1.4486443,1.162633,0.041097853,0.55318916,-0.13455263,0.04794286,-3.465081,0.42395866,-1.4103605,-19.346731,5.8660297,0.19684575,-0.14362104,-0.036263518,0.042371497,-0.677056,-0.074824885,-0.087798096,1.9312192,1.6328543,-0.27421,0.014449944,-7.2197156,-0.3454851,-0.67646724,-4.079451,-0.18384755,-1.2906274,-0.36001033,-3.177913,-9.791822,-1.1430254,-16.96889
-2.5005553,-0.39162934,-6.0660667,-0.4318471,-0.8453935,-0.2542464,-4.2962675,-9.486691,-4.7959576,-0.44608903,0.71514726,0.0848587,-1.6521443,-11.672771,-4.025268,-0.48052675,0.6203135,0.21216226,-0.5499169,-0.26075637,-0.8019515,-0.037606608,-2.784694,-13.275853,-2.9256248,0.038943682,0.16745695,0.08475465,0.11968006,-1.2245005,-0.23343639,0.16320014,-2.3701959,-5.413793,1.3053807,-1.713993,10.382228,-1.021997,-0.413887,-3.7020733,-0.86236256,-2.6966906,-0.6330566,-3.416309,-3.95049,-5.2536106,-3.949692
0.1621163,-0.15805662,-1.4652466,1.0272251,-0.9642795,-5.307534,-8.173111,-9.770193,-3.5927615,-1.0106181,0.6491828,0.6203532,-2.116152,-7.8181643,-8.858442,-0.2860814,0.04203113,0.04762175,-2.9531562,-0.9329732,1.6325585,0.63973856,-0.9232176,-15.39967,-4.3443847,-0.28924596,-0.33087835,0.7649286,-0.8052665,-0.3203136,0.38909802,-1.2652601,-3.4614708,-8.34343,1.7759446,-2.133065,-5.229697,-4.694469,1.5301956,5.1161923,-1.5846218,-1.7898498,0.6502714,3.608529,8.006438,0.24187621,10.034885
0.022163078,0.04848822,-1.6097414,0.605897,-0.84388745,-6.8540335,-5.8509827,-10.478366,-3.0401943,-0.9495407,0.6985649,0.49807864,-1.9187735,-7.5083838,-8.935602,-0.23816422,0.009604548,0.039448313,-2.9737687,-1.1215882,1.4777256,0.48374495,-0.9318897,-14.915508,-4.3385696,-0.30775154,-0.3150662,-0.16957717,-0.6914911,-0.8423658,0.4871467,-1.2860463,-3.7137356,-8.302454,1.3670416,-0.0031866694,-4.562598,-4.6655016,2.008587,5.2292795,-1.4922425,-2.3802414,0.56845546,3.7315125,7.3974485,-0.07537346,9.531108
-4.281174,-0.86360097,-1.5329965,-0.02974581,-0.9024877,-6.8556705,-8.515745,-6.690504,-0.5953123,-1.898394,1.1335299,0.4466652,-1.7078671,0.09675539,-7.7812576,-0.46732605,0.037269957,-0.13205123,0.13003114,0.05772885,1.4484831,0.44605365,-0.4843911,-11.465711,-3.0205154,-0.8280438,-0.6913224,-0.28740126,-1.1492612,0.14425129,-0.34393334,-0.94505113,-1.4825568,-6.841956,0.7511836,-3.3442144,-5.515427,-2.5574825,-1.3566132,8.061575,-0.6070184,-1.1216682,0.2952354,3.1136093,10.773979,0.029674763,15.832328
2.8645463,0.061318602,-2.3972547,4.1135764,-1.1184839,-0.56448567,-0.055385686,-11.470847,-8.506739,-1.103556,1.067789,0.6391753,0.05494128,-7.404651,-6.7327614,-0.43398413,0.13022536,0.09651567,-1.4631844,-0.864164,1.7937852,0.74665064,-0.5897426,-15.959411,-4.873916,-0.36855564,0.099406555,-0.6029206,-0.3467736,-0.21635437,-0.06291992,-2.4086418,-2.797954,-8.857726,1.354244,-1.3938969,-4.732339,-4.552816,-1.8530779,4.0028114,-0.33013302,-2.29065,0.4411328,1.9415246,6.302891,-0.084800005,14.751609
-0.30227274,-0.68745095,-1.3315963,0.45506412,-0.1168377,-6.7142396,-9.836358,-12.086759,-3.9737256,-1.9058651,0.7187688,-0.87839776,-1.3038744,10.036303,-8.354885,-0.433916,-0.63763946,-0.32510045,-5.092457,-1.2771965,23.669395,0.45442432,-1.2690415,-10.921949,-4.0194435,-0.52585495,-0.68929416,-0.2786179,-0.32427636,-0.93984294,-0.07114309,-1.5669628,-2.195009,-11.135991,0.6927101,-3.3506181,-7.803075,-2.8639295,-3.3836546,2.8830948,-1.2994672,-0.5339734,-0.2868433,1.8959404,-1.208306,-0.18548915,2.3247945
1.3687758,-0.22471875,-1.3923513,0.30800894,-1.7958941,3.2873163,0.8540805,-6.985375,-2.8487952,-1.2212758,-0.27680832,0.19763023,0.738012,-13.987405,-2.1282508,0.098646276,0.17225726,0.14616124,0.15090163,-0.4927947,-3.623515,0.2504541,-1.803286,-17.299757,-1.9335978,-0.27287447,-0.23537742,0.31997374,-0.5717056,-0.23834845,0.17880219,-1.5570133,-1.6356215,-3.3362532,-1.4589968,-1.0795035,-2.449186,-0.56448704,-0.32803664,-4.4141183,-0.70267296,-0.96553475,-0.32485452,-2.2532985,-4.5284142,-1.3229401,-14.627199
0.53529173,0.077652685,-4.8484807,-0.25411558,-0.4277841,1.1199608,-4.127178,-7.3790183,-1.4149086,-1.263768,-1.8178977,-0.8887699,-0.46089908,-11.923821,-2.85196,-0.16236137,0.50287575,0.14110017,-0.021608239,-0.38207975,-1.1484164,0.3189445,-1.4864438,-15.11912,-2.5155468,-0.22876656,0.042194538,-0.14484377,-0.39562467,-0.46732056,0.47184557,-1.4605935,-1.7178457,-6.0149546,-2.1712594,-1.1799785,-2.5549936,0.16521896,-1.1115116,-3.2475262,-0.3375179,-2.0379815,-0.41808248,-2.0247922,-4.7405734,-1.1068947,-8.454888
0.9811168,-0.1022435,-1.1195854,-0.7293117,-0.6385686,1.5992707,-3.5177498,-7.2372475,-2.3522704,-1.1236067,-0.528512,-0.33485687,-0.44231427,-11.897733,-2.4253092,0.06254563,0.34809908,0.16235383,-0.082626745,-0.5030921,-2.5906045,0.47687402,-1.6624918,-17.097494,-1.9792733,-0.30682558,-0.13277958,-0.029445875,-0.23419799,-0.4423955,0.47148767,-1.4894905,-2.2482634,-3.0375159,-1.4098691,-0.7536752,-7.2355247,-0.10704496,-1.1419111,-2.666276,-0.67410356,-0.9650988,-0.3096928,-2.1605914,-4.5557103,-0.29854727,-12.379653
1.54374,-0.31742078,-0.14135757,0.10268402,-1.2962654,3.3443246,0.93054837,-8.488595,-4.2957287,-0.888742,-0.4765956,-0.124809936,2.8991144,-14.085587,-1.7690514,0.41058755,0.086866125,0.41690144,-0.074252866,0.15042256,-4.1509933,0.26008222,-1.0931256,-19.282791,-1.9338537,-0.33714747,-0.40481657,-0.08980386,0.40019226,-0.6312985,-0.27072182,-1.4471797,-1.004029,-3.3645751,-1.2595669,-0.4908739,-6.6897097,-0.521818,-0.6952196,-4.312709,-0.48406327,-1.2614968,-0.4728929,-3.2053397,-4.0972323,-1.6198407,-14.169397
1.5032219,-0.14327148,-0.20788296,0.15827604,-1.2704849,3.17929,-0.17420205,-9.183485,-3.5743456,-0.82810265,-0.46876082,-0.09236728,2.3268044,-14.388325,-1.7179971,0.44375178,0.06309222,0.40066713,-0.08395064,0.10608226,-4.4356213,0.09974198,-1.2127118,-19.505081,-2.0295665,-0.1954933,-0.6830185,-0.088625334,0.35927507,-0.6284308,-0.19912513,-1.5029188,-0.9751031,-2.9641767,-1.466701,-0.71463174,-7.192926,-0.40750235,-0.67975396,-3.9758701,-0.4830022,-1.29319,-0.35219437,-2.3505769,-4.3358307,-1.6583829,-14.141411
1.4113011,-0.18877612,-0.61072266,0.25830948,-1.279664,3.0827053,0.11006205,-8.450264,-3.37061,-0.66430813,-0.559437,-0.045359608,2.7777724,-14.934321,-1.7724763,0.4582989,0.27987728,0.38949952,-0.093662985,0.18353698,-3.9685783,0.08654818,-1.2541268,-19.48232,-1.8826413,-0.053637538,-0.64833045,-0.02823114,0.31103343,-0.5604255,0.0007787555,-1.4623537,-0.97874224,-4.5214763,-1.442361,-0.55050975,-7.0255156,-0.49034926,-0.6366472,-3.7332933,-0.41962296,-1.2487196,-0.3072991,-2.1031194,-5.2598205,-1.5439565,-14.013218
0.21321744,-0.5227801,-1.6377513,-0.42398283,0.1632066,-7.4068418,-5.662068,-8.06661,-6.7390413,-1.4223924,-0.39248168,-0.42776787,-1.4738518,28.159832,-3.7068188,-0.31813595,-0.98340553,0.16442981,1.0982589,-0.5707096,1.1010499,-0.10420926,-2.4548554,31.414652,8.982006,-0.041533593,-0.3638777,-0.15336266,-0.04797113,0.6223141,0.39246786,-1.8262839,-2.081391,-5.9366145,1.8525152,4.295952,15.272984,-0.77510923,-1.1883194,4.0848417,-2.195356,3.6711495,0.07920301,2.6180902,17.349737,0.31191722,10.391663
0.46669596,-0.71234584,-2.165487,0.02655698,0.739432,0.9485242,-8.655298,-8.630268,-4.7097125,-1.2582928,0.6963022,0.7797052,-0.082615525,30.639791,-5.775435,1.2692596,-0.9923999,0.122998305,0.6768224,-0.25913203,1.276013,0.33908802,-2.9939172,31.071795,4.0601163,0.42502272,-0.09503263,-0.22542545,0.28078288,0.4439536,0.47989732,-1.6086531,-0.565753,-6.0319214,1.4215746,-1.4506794,16.84454,-1.1631095,-0.6516442,4.68069,-3.0718067,1.103316,0.60996765,3.1567972,12.109719,0.17983738,11.737421
-1.6285378,-0.11472245,-0.7675914,-0.13814455,-0.3420695,-9.244354,-6.7228446,-0.5810625,-4.809718,-1.1909949,0.42507467,-1.6162328,-2.5062363,28.218855,1.1347257,-0.63044196,1.8038555,-0.11465296,0.21236473,0.37257254,19.990166,-0.33341864,-1.3162466,27.209045,-2.9600484,0.5605062,0.20693175,-0.12689261,-0.51063144,-0.29333133,0.025636367,-0.1912334,-0.98490345,-6.842725,1.8271347,-0.22495641,15.967021,-0.46034944,0.65398914,2.6820667,-0.3050184,5.646707,0.57839555,1.3585049,8.344769,0.23690243,10.038095
-0.775896,-0.29152474,-1.3108312,0.19560708,-0.07833409,-10.344075,-5.9616723,0.041219734,-5.2976418,-1.3095849,0.85088855,-0.13360322,-1.6847239,33.380947,0.22282201,-0.12628564,-1.9590538,-0.13676219,0.7398228,-0.19638231,18.600956,-0.95986253,-1.5984143,26.111853,-1.6444945,0.44631886,-0.016968725,-0.028528742,-0.1072601,-0.31408882,0.2154298,-0.9935809,-0.9399736,-6.4192176,2.091533,-1.572706,15.457219,-0.7201121,-1.8940052,3.285151,-1.9978333,2.710153,0.363881,1.8773123,8.502219,0.029466107,9.636406
1.5872444,-0.18246807,-1.8909514,-1.1900469,0.27296072,-0.53515726,-8.759321,-7.6608315,-5.542184,-1.2271165,0.67918426,-0.40223023,-1.1072606,27.942387,-2.0910823,0.27366868,-0.7609734,0.21726878,0.68054646,-0.4132633,20.168621,-0.7043546,-2.8224535,27.828215,8.92665,0.17203006,1.8601271,0.32163352,0.065230094,-0.5475975,0.32948366,-1.419943,-0.48577303,-3.1807606,1.24772,-2.9846075,19.048082,-0.8444569,-3.498502,5.102066,-2.514266,3.5597377,0.5500664,2.0669339,5.2082477,0.26614055,1.4649073
0.7528049,-0.2810574,-2.1117122,1.6655121,-0.7584396,1.3414289,-3.7195632,-9.390533,-5.288569,-0.2720293,0.33746567,0.06457195,0.008147673,25.497358,-2.1575816,-0.038812835,-1.8617,0.14073223,0.65746725,-2.5227692,-2.9786935,0.562546,-1.6750327,-6.3915315,25.392694,0.0055969455,0.23891191,-0.118613325,0.61885417,-0.28450325,0.39135793,-1.0412788,-1.6430553,-1.7821577,2.846428,-1.7394656,16.75573,-0.24750575,-2.485638,5.5885,-2.386033,-0.5765814,0.07177437,3.3301096,11.78774,0.23613672,23.79267
-1.5847816,-0.16556561,0.2969048,-1.053905,-0.69959635,-9.93289,-7.8296704,0.105135545,-4.9292393,-1.345051,0.8519886,-1.6908786,-2.5950227,25.338367,0.4766836,-0.7993129,1.6959174,-0.069750234,0.8004007,-0.026359322,17.74421,-0.28120053,-1.7897023,25.01184,-1.1882334,0.4776731,0.0057130246,-0.24505192,-0.31153792,0.81975496,-0.14112017,-0.73696,-1.1732664,-5.1124864,1.2206459,-0.11849829,15.931149,2.5469668,-1.528678,4.404161,-1.6019948,3.1066632,0.49816692,1.5370234,7.3626957,0.21115974,11.389174
-2.4530718,0.29827332,-2.3231053,1.6741792,-1.1875914,10.683457,-4.0122676,-9.646661,-2.502381,-0.9153815,0.15284766,0.35580775,-3.011811,-7.4591007,-4.127102,0.122498825,-0.29174486,0.09455075,-0.57005537,-1.3126622,-2.7706022,-0.664892,-1.7739089,25.235537,15.905559,-0.4384778,3.206611,-0.16072991,1.2150483,0.6938273,0.39975312,-1.1020671,-1.6127274,-0.7640803,3.0900495,-3.3282318,15.157881,0.30860645,4.3445005,11.836513,-0.7941634,-2.6580238,0.5306219,3.2709732,15.343921,0.20255648,17.517178
-8.222755,-0.020100309,0.0836283,-1.7986902,-0.6086661,-12.600387,-18.224985,1.1544266,-6.0196633,-0.7834082,1.0770702,-1.6403995,-3.8517635,26.4761,3.4528265,-8.183918,1.1176546,-0.9093247,-0.096936546,0.056322113,15.491741,-0.81267726,2.0191345,31.067268,-5.153075,-1.2092521,-0.109051704,0.8407237,-0.84274226,4.8798265,0.04605271,3.5437987,-0.39988786,-3.401857,0.13771339,-0.76601523,10.507117,1.2696918,-0.8486443,16.27599,-0.87744546,3.9528968,-0.3406337,0.63333076,8.606046,-0.12328288,3.8885965
-2.7736251,-0.28188434,-1.1991318,1.0377327,-0.44613278,-5.8567114,-14.02637,3.9299448,-2.903484,-0.57753175,1.1409283,-0.07127216,-2.3321118,15.067931,-3.6387355,-0.89533824,-1.5458612,0.07609134,0.011675139,-0.59696454,24.126612,-0.32158878,-0.7659255,-6.0938163,-2.0248344,-0.524303,-0.2924574,-0.10778885,-0.3599095,-1.2183233,0.41063482,-0.55192226,-0.671521,-0.7900665,1.0692874,0.13881421,9.748304,3.9155712,0.8201192,4.1824293,-1.3379368,3.6460242,0.6180607,3.4265797,5.683893,0.4337245,14.405649
-1.3947086,-0.30206832,-1.2371358,0.66773444,-0.57758254,-2.5206285,-11.776673,4.22599,-0.36344802,-0.25364244,1.3015933,0.79708004,-0.09413746,-4.1457376,-3.2163749,-0.00905692,-0.6463509,0.33915395,0.9057268,-0.64594996,32.854843,-0.061785813,-0.6515537,-10.227846,-0.10889944,-0.65074927,-0.2014713,0.104994915,-0.12714253,-0.8899312,0.23637909,-0.7414591,-1.4709967,-1.956077,1.4180065,1.6426805,-3.3036108,5.027839,-0.24544208,8.705351,-1.4086858,2.9133213,0.4592749,2.9466355,5.914309,0.26574346,15.48133
-0.5189965,0.002414924,-0.9956275,1.3992013,-0.2554968,-1.7391901,-10.691777,4.0509386,0.7150508,-0.53638077,2.239606,-0.293361,0.63324845,-1.3369851,-5.392998,-0.113900684,-0.5945271,0.2734025,0.82507414,0.48420975,30.742798,0.71066266,-0.67696106,-8.84221,-1.9582701,-0.24432735,0.13287,0.030652301,0.25540432,-0.5916798,0.53976953,-0.5145964,-1.2321954,-0.013110949,1.8325555,1.0382441,-3.9011638,-1.6792526,1.7946429,7.9047475,-0.6613294,2.7512558,0.6154244,4.824694,5.2272835,0.23553035,16.693874
-1.3276712,-0.66051894,-0.885055,0.80155474,0.6570802,-4.64583,-10.628693,4.0940475,0.21782768,-1.0340837,1.199593,-0.81684595,-0.7103806,0.36938518,-3.9010427,0.30113742,-0.49604413,-0.019227052,1.0971868,-0.38133007,29.0476,0.19911605,-0.23115233,-6.177204,-1.4307225,0.11466004,-0.323964,-0.09331792,-0.15726845,-0.5471863,0.35261604,-0.6507917,-1.6035453,-0.08644636,0.9365405,-0.0057323975,-3.8463278,4.433139,0.41952303,8.27985,-1.3104432,3.703931,0.5950498,5.3371854,6.702907,0.21562499,16.300716
-3.914231,0.17701875,-0.44067836,-1.0213629,-0.10695451,-16.060812,-13.726966,3.4237387,0.27295363,-0.67668104,1.170964,-0.89249426,-2.3985324,16.802582,-5.74736,-0.098172076,-1.9794337,0.088676326,0.52354413,-0.013350246,19.83532,-0.4498058,-1.3740675,19.841013,-1.2769974,-0.50966406,0.5620374,0.021584917,0.21566823,0.071922354,0.056899104,-0.6877245,-0.89098,-5.8889074,0.91806316,-1.7175152,10.537248,3.057718,-1.3931907,4.373286,-0.15499544,3.4036949,-1.472674,2.1555085,5.188547,0.016939813,13.271385
-2.3056474,0.030709445,-0.2842205,-1.3694812,-0.5605062,-12.558066,-15.759117,3.3280456,1.539142,-0.79647034,1.0539161,-0.99953085,-2.373357,25.532825,-6.406791,0.13377383,-1.7721871,0.024933241,-1.1218487,0.0126165105,20.45483,-0.34243453,0.65771335,17.428242,-0.22999352,-0.78242385,0.03829887,-0.26593634,0.30538192,0.053116657,0.31893107,-0.63574046,-1.5240332,-6.5530653,-1.0626365,-2.4715862,9.986829,1.1226155,-3.8914614,8.477166,-1.3764796,3.1352212,-1.9478498,1.9836203,5.1192083,-0.07049236,12.845946
-1.4561356,0.17356095,-0.9711506,-1.3315867,0.0012696699,-5.7320714,-19.954176,2.5497322,2.892926,-0.09023453,1.3058404,-0.56941885,-2.507106,18.469337,-5.2723155,0.1817211,-1.2455347,-0.0407783,-0.31519267,0.5746506,24.23335,-0.97970074,-0.45070577,-6.175492,-0.40561455,-0.46134034,0.09372918,0.040609065,0.29102916,0.15392129,0.43621066,-0.27560714,-0.40622997,-8.269834,0.8646131,2.679777,9.983677,3.0221858,0.23439467,5.403189,-1.9172722,4.0330462,0.086681284,2.620741,5.398632,0.9162132,15.462398
4.5192294,0.14355382,-0.012530859,1.2313781,0.28382802,-4.217194,-7.1926937,-5.704601,-3.7928262,0.8410001,0.9203947,0.96259177,2.471435,-9.000528,-0.54916686,0.16227409,0.035044342,0.22406922,-0.7639641,0.12285247,7.402903,0.67878944,0.7431686,-11.489995,-0.030830225,0.30623028,1.065998,0.86424077,-0.7393514,0.18033986,0.069943994,-1.5940675,-0.23482825,-3.3911178,1.9587591,1.5109293,-4.6671576,7.775014,0.3218009,12.419075,-0.25776365,-0.59300846,0.022319833,5.1063952,3.0397754,-0.11761404,19.716604
3.7700117,0.029506642,-0.52811044,1.62445,-0.18031274,-2.2622046,-8.356467,-4.1451793,-2.1506755,-0.3324183,1.0118908,1.0576969,1.9781404,-8.107962,-4.113983,0.37725073,0.03391154,0.10571102,0.5146787,1.8483489,34.970623,0.733161,0.0003211534,-12.456176,-1.3493863,0.08509474,-0.29538733,0.72900116,-0.8826994,0.03342264,0.088376224,-1.818298,-0.40917215,-3.303589,1.9294546,0.80767864,-6.219589,9.800165,0.24352665,10.814036,-0.0285024,-1.5301857,0.14318241,2.0028994,-0.22247985,-0.036005687,4.785789
3.3024788,0.15891704,-0.5101385,1.5263262,-0.11889707,-4.555787,-9.158751,-4.5599427,-2.2232907,1.099929,0.7040958,0.82259285,2.3011968,-9.278158,-2.987889,0.26682866,0.00053319795,0.054978453,0.33512348,1.9543449,30.718529,-0.85565466,0.17403598,-11.758233,-2.796582,0.04014327,-0.34994638,0.70647347,-0.74266046,0.046964835,0.022571232,-1.7586871,-0.4521861,-3.9376948,1.5505985,0.8044035,-4.8835006,8.26948,0.27781436,8.930317,-0.09053832,-1.4686931,0.2611301,1.2257338,-0.38196632,-0.105349414,4.8853626
3.5814693,-0.16692926,-0.44991514,1.3969926,-0.10091046,-4.370847,-6.6926603,-4.3259063,-2.4244103,-0.3048037,0.6490625,0.11336758,2.139732,-8.540729,-4.503245,0.36179638,-0.059633497,0.121631,0.53639346,0.43879592,35.576084,0.67800397,-0.061568324,-10.589516,-1.3029345,-0.12690932,-0.33126715,-0.0336376,-0.7538513,0.008672581,0.14474314,-1.7265989,-0.55555254,-3.7601593,1.908731,0.395927,-4.9890437,9.276987,0.4088446,10.642106,-0.13435775,-0.76305604,0.20976733,2.8689086,0.0042609177,-0.022275183,6.449788
3.1986809,-0.35430387,-1.7436078,1.8999513,-0.22599491,-4.4507856,-10.834138,2.8028781,-3.169381,-1.0302782,0.5731005,-1.7561713,2.326058,-8.995981,-4.221811,-0.10644391,0.028821673,0.14301395,0.60387576,1.5785841,33.018528,0.8006066,-0.54407287,-11.55131,-1.2093344,-0.5207347,-0.56097114,-0.11657741,-0.8168192,0.24315213,0.19939339,-1.6672137,-0.9015569,-3.862935,1.7620683,1.2956103,-4.2262483,8.247181,-0.53954136,10.460185,-0.10480239,-0.42315185,0.31190616,2.94688,3.8317583,0.094674245,8.631382
3.4376829,0.39934576,-0.36153534,1.3516268,-0.5271392,-4.19294,-5.2583356,-3.9237573,1.1922272,1.0442057,1.1311516,0.73490125,2.6052775,-9.666589,-2.1378522,0.24004829,0.13700405,0.2071459,0.7540852,1.8856308,4.2928677,0.6985714,0.51940894,-14.026696,-1.2103407,-0.11306895,0.62468565,0.9233462,-0.65126675,0.06603409,0.2523303,-2.0494807,-0.30328265,-3.697111,2.3919141,-0.089041494,-3.184112,1.3938123,0.03794088,10.61275,0.089911036,-1.446967,0.39036638,5.6696615,11.131081,-0.07260576,19.101349
3.4621701,-0.15302294,-1.6205769,1.7003652,-0.35658914,-5.945794,-7.3275595,-3.635836,-0.24064319,-0.78939295,1.1449537,0.5072595,0.6593963,-7.1787624,-5.356538,0.104712114,0.055086892,0.092446335,0.95495707,-0.40733233,37.047062,0.3917066,-0.42034855,-11.086106,-3.199524,-0.35708785,-0.30223036,-0.027956877,-0.59817773,-0.064766414,0.15898512,-1.0741354,-1.1264447,-3.3958225,1.5845731,0.9603595,-2.3972883,8.570799,-0.24948654,10.552105,-0.059278376,-0.18951973,0.51305467,2.2024755,2.4999087,-0.06044782,5.0711575
3.7841756,-0.014855404,-0.32882154,1.4438298,-0.13171011,-5.0657835,-7.237723,-3.1452549,0.83300996,-0.2429854,0.83829117,0.7640653,1.7210214,-9.693179,-2.6326697,0.2727572,-0.24464463,0.11962217,-0.5512903,0.5867079,30.286013,0.50685894,-0.18921828,-10.862939,-1.048242,-0.7297802,0.12114747,0.11610205,-0.6504197,-0.056390673,0.16787481,-1.836128,-1.2108262,-4.2724056,1.3061553,1.5663896,-2.6527116,9.683286,0.41970718,10.44284,-0.101939164,-1.5513247,0.4320599,1.0376025,2.1207187,-0.082788296,6.132593
-0.3013449,-0.19092524,-1.5694922,2.3281813,-0.14387314,-8.275462,-13.103489,3.423188,-4.5133333,-0.93868554,1.1248518,0.829601,-1.8675923,1.6129428,-6.5052266,-0.22330314,0.7783276,0.04252986,1.0137467,0.59547234,21.309183,0.7435358,-1.4203578,-7.292132,-3.4828067,-0.46512017,-0.3253488,0.045766216,-0.44315287,3.008006,0.35087565,-0.45935783,-0.5555827,-1.7410579,1.2304426,-2.297616,10.729857,5.2155423,-1.7226592,11.654421,0.39158615,2.7461364,0.089137234,3.803635,6.1566463,0.38167998,-0.80077595
2.7130692,-0.08088217,-0.06507247,1.5605539,0.53676486,-0.17010422,-4.803529,-6.3446393,-3.3645976,-0.33296162,-0.24957131,0.62892437,0.8785163,-10.350589,-4.563779,0.2928923,-0.009939842,0.35897464,0.566216,-0.06395817,5.739904,0.4533448,-0.34362456,-13.626891,-1.9174533,-0.4968772,0.30022797,0.10860461,-0.6495333,0.039613433,0.24354735,-2.0785313,-0.6663717,22.631832,2.6438105,-3.0069773,-6.0796266,-3.0433292,0.046791114,14.760324,-0.027366286,-2.6994975,0.61695474,6.8838487,7.485896,-0.015506547,17.117943
0.92187786,-0.003980535,-1.060976,0.08639638,-0.64124393,1.5218374,-4.759109,-6.7621536,-9.087046,0.4048865,-0.7737343,-0.7274444,1.0238436,-16.818302,-1.2845602,1.1200429,0.3445568,0.74176973,-0.26597735,0.07316735,-0.1520317,-1.3412793,-2.0354717,-17.403532,3.6514525,0.083615944,-0.43420768,0.040497705,0.45374587,-0.91674584,-0.26705647,-0.98245347,-0.87336415,-4.6262293,-1.0070354,-0.033033147,-7.424268,-0.13709551,-1.6651782,-3.7762911,-0.6387405,-1.1387398,-0.1652071,-1.2060826,-5.9991574,-0.72232985,-14.467198
1.1214266,-0.2559798,-1.5512669,-0.043656588,-0.9788833,0.31436768,-0.110721126,-8.1673975,-9.594291,-0.040740415,-0.62872416,-0.85996115,1.5094197,-16.780024,-1.5078282,1.2604586,-3.356396,0.75164366,-0.35025725,1.3497287,-1.8080986,-0.93530905,-1.6254201,-17.517937,3.4176776,-0.048748624,0.26107845,-0.2648768,0.16208851,-1.2713261,-0.23571815,-2.118919,-0.97711986,-4.7878346,-1.3968666,0.23915365,-7.471132,-0.76485264,-2.0094738,-4.231437,-0.64332545,-0.8642271,-0.1758325,-1.1564285,-7.914622,-0.42421168,-14.62961
1.2807766,-0.18805297,-1.6456554,-0.1816812,-0.7027443,0.22145733,-4.9579577,-8.066752,-8.675262,0.13817559,-0.79709464,-0.5778389,1.2081645,-16.721056,-1.4607387,0.9144993,-3.272973,0.76145405,0.0075252354,0.60595864,-1.5728983,-1.3235918,-1.9996996,-17.78471,3.87346,0.11545332,-0.70014125,-0.06551902,-0.00074811786,-0.9537385,-0.22021627,-1.1899874,-1.0351572,-4.7730584,-1.1394484,-0.03174058,-6.999405,-0.7820605,-1.5723673,-3.8265054,-0.48982754,-1.1580383,-0.14010713,-1.2766832,-6.009682,-0.58127636,-13.986047
1.1204246,-0.38124856,-3.4884555,-0.09109871,-0.6952754,-0.5045613,-6.3710303,-7.716161,-8.396455,0.21469776,-0.72069937,-0.80726135,1.0405294,-16.514095,-1.5195259,1.2505852,-3.62707,0.5902023,-0.539569,-0.2798668,-0.09092413,-1.1291322,-1.8318837,-17.9325,1.5624048,0.052914068,-0.5637488,-0.13057704,0.25222847,-0.9679832,-0.29602653,-1.1113174,-1.1678498,-6.048763,-0.5332036,-0.14441425,-7.3406286,-0.65936834,-1.6094892,-3.9931645,-0.7852279,-1.1459806,-0.18893947,-1.2542527,-5.681668,-1.0133643,-10.403361
1.239613,-0.21069595,-1.8551184,-0.18265866,-0.670421,0.035509195,-5.264837,-8.1048975,-9.219022,-0.07815479,-0.7914983,-0.7557405,0.74398756,-15.535826,-1.3662503,0.9338005,-3.281429,0.7831482,-0.2011147,0.5079325,-0.82861865,-1.2038515,-1.9264996,-17.881062,4.515187,0.07567706,-0.7124491,-0.03992342,0.07476979,-0.96483475,-0.2918606,-1.2680329,-1.0419458,-5.3354197,-1.5243998,-0.03611538,-7.1237,-0.60307634,-1.8074299,-3.9610822,-0.48779404,-1.0908128,-0.11482921,-1.1816524,-5.91594,-0.5905915,-13.190541
1.3353039,-0.26027644,-1.6234484,0.08942196,-0.60710496,3.94831,-3.357294,-6.3973336,-9.9813795,0.03207261,-0.81871814,0.2465345,0.8495189,-17.143862,-1.8786192,1.1688347,-2.8444467,0.74117947,1.0449113,0.2417874,-2.4571044,-1.23683,-0.7544445,-20.001696,3.2516038,0.08158282,-0.7221976,-0.6592271,-0.26992923,-0.96402586,-0.24864219,-1.4056361,-1.8038348,-4.068787,-1.6628366,0.45892704,-7.015762,-0.2813716,-1.8461041,-3.865534,-1.2884393,-1.1128196,0.03720266,-1.7034441,-5.5319676,-1.117208,-16.02266
-2.1190655,-0.6877262,-1.6384158,-0.7469945,-0.57728267,-3.5340035,-5.427086,-7.8337517,0.79572326,-0.6873091,0.8533887,0.7500405,0.9985316,-10.357123,-3.9679744,0.123340234,0.0942032,0.104346745,0.7054062,-0.75646055,2.4319575,0.20795669,1.1459798,-13.279581,-3.057036,-0.5364029,0.07158057,-0.043626837,-0.034161676,-0.93768966,-0.08517567,0.49673015,-2.6383183,-4.3201146,1.4708579,1.1561276,-4.7315936,-2.2519646,-0.9121328,7.9517446,-0.6888249,-1.6680933,-0.05954548,3.580098,6.4059396,-0.009156012,0.05476028
-1.640791,-0.48822975,-1.5259789,-0.39550817,-0.5158003,-1.799158,-5.9389277,-8.778249,0.91617626,-0.784037,1.1808704,0.56253535,1.6851748,-11.176577,-0.9408783,0.19259042,0.07787564,0.0998426,0.41877845,-0.5728803,2.5811977,0.23530164,1.0963789,-15.876759,-0.9149374,-0.12292373,0.0061144135,-0.06809073,-0.42510688,-0.30299926,0.22846901,0.011592765,-1.3250524,-3.4380987,1.658081,1.0140998,-5.045394,-1.2579732,-0.30403566,8.91375,-0.5082939,-0.932326,0.08122135,0.016327195,1.1049478,-0.010266665,-0.551453
-1.1932483,-0.24876747,-0.16141807,-0.25020954,-1.278626,3.5889213,0.35744527,-6.729179,-7.7316165,0.91762364,-0.25907767,0.35584447,3.6917367,-15.66035,-1.873441,1.1185079,0.37329638,0.9343897,0.34200203,0.08002196,-1.3066928,-0.69496465,-1.1084945,-16.109236,-1.1824327,-0.029589873,-0.56194425,-0.0269336,-0.23365894,-0.31758305,0.1159475,-1.2401637,-2.202741,-4.776289,-0.2909462,-0.8564034,-4.4570417,-1.0613275,-0.8661448,-2.9976425,5.2689934,-0.9862494,-0.6472203,-2.132086,-6.1279454,-1.3691534,-13.2574625
-0.9686105,-0.19557525,-3.1947463,-0.3082361,-1.2638725,5.402033,-1.5894134,-6.791613,-6.123309,0.7492695,-0.26654777,0.34855136,0.8382168,-14.910212,-1.6240332,0.27154678,0.4386905,0.88415474,0.029909315,-0.46609914,-0.3999566,0.1848345,-1.3298424,-14.238884,-2.3349004,-0.0005863746,-0.77149963,-0.35920954,-0.7342438,-0.25084233,-0.17510667,-1.003724,-1.0819927,-6.1898685,-0.44603238,-0.9744168,-3.2430701,-0.92973876,-1.0966593,2.0178106,-0.1277466,-0.96373224,-0.8921493,-2.494747,-4.7869763,-0.41111815,-15.08868
-1.0710561,-0.09042358,-0.93727463,0.3006892,-1.2952492,3.7819097,-0.10453608,-7.126588,-7.502207,0.7061253,-0.43562585,0.37480778,2.7255166,-15.982571,-1.6605855,1.0721036,0.40544328,0.62688285,0.078290515,0.25588354,-2.4728093,-0.74323386,-1.6080117,-16.639069,-1.4623618,0.06887934,-0.49840432,-0.023024607,-0.32946882,-0.4406985,0.3068983,-1.6112462,-1.1997104,-3.985761,-0.932797,-0.5604324,-3.532319,-0.8034975,-1.0142109,-2.594658,-0.36746716,-1.0669738,-0.60083103,-2.1505234,-5.330541,-1.0913427,-14.3801365
-0.7274152,-0.3403264,-3.1262326,-0.28375202,-0.9959948,3.2132764,-1.2856328,-7.306099,-7.886378,0.40451843,-0.6830744,0.49518433,4.6613717,-15.611335,-2.0670733,1.0634042,0.41755942,0.66007787,0.05594505,0.0004999831,-0.22859393,-0.63940036,-1.5021759,-18.260433,-1.4032435,0.07753392,-0.28699797,-0.13087666,-0.3464798,0.437585,0.009889844,-0.9099163,-1.7107606,-5.632491,0.6476421,-0.81887716,-5.612319,-0.88100034,-0.9782312,-2.0484066,-0.41677743,-1.2761067,0.044244435,-1.6214739,-5.254196,-0.31970492,-13.000987
0.21408623,-0.38386056,-2.9192028,-0.34651634,-0.5592614,1.208575,-3.6765826,-8.76012,-2.96789,-0.42172062,1.0618682,0.44311872,1.9653116,-15.000125,-2.446058,-0.07862846,0.556462,0.29405537,-0.06751344,-1.0731128,2.0591578,0.32543308,-1.8038262,-15.484731,-2.1378903,-0.09050428,0.23727156,-0.21465017,-0.47316247,-0.18577525,0.014154296,-1.2259046,-1.7485243,-7.0840654,0.4578386,-1.4179761,-2.457392,-1.3855803,-1.3824203,-1.8580455,0.06787258,-1.5703627,-0.13469845,-1.7821709,-4.244982,-0.54284286,-13.591948
-1.1069494,-0.17074932,-1.2121842,-0.0805606,-0.4996593,1.4332271,-5.842267,-7.533303,-1.6981119,-0.83594865,-0.13652156,0.651924,1.2196084,-13.383142,-1.8031468,0.43265897,0.35045868,-0.47543123,-0.040594857,-0.23417874,-1.8145365,0.1870934,-1.6693558,-15.844846,-2.0093129,-0.08670786,0.61521506,-0.28617197,-0.554045,0.56772965,0.7965083,-1.0355972,-1.5491548,-8.16296,0.9419909,-1.5262542,-2.1092849,-0.96122545,-0.9816469,6.412274,-0.49799603,-0.9772287,-0.8413466,-1.9672335,-4.3187656,-1.291741,-15.695659
1.9922632,-0.1609991,0.35930878,0.13944498,-1.5979681,8.010245,1.5885966,-7.7222486,-9.957197,0.38779703,-0.735588,0.3822937,0.4793943,-15.160666,-1.8878716,1.0898125,-2.1330705,0.47622064,0.6118567,1.5298927,-4.6638246,-0.91649175,-0.76915085,-19.142845,-0.8748628,0.21894991,0.6296854,-0.03323995,0.51028186,-0.8165921,-0.18975009,-1.9678942,-0.89051044,-1.3723265,-1.5936867,-0.0068845726,-6.7540274,-0.1858907,-1.9336174,-4.6816225,3.4582207,-0.36578903,0.009023811,-2.7216165,-4.6327,-0.9489757,-17.980906
1.6392709,-0.32063755,1.1131707,-0.029091565,-1.2521464,3.7150505,0.34686863,-5.9971747,-7.0711856,0.74755687,-0.55538446,0.49189386,3.2290897,-10.368111,-1.6359771,1.3571441,0.15252718,1.114498,0.21053046,-0.0054425937,2.613276,-0.5046142,0.99950457,-15.271739,2.5995915,0.29116535,-0.571224,0.08223539,0.31924987,-0.693179,-0.17544281,-0.43785003,2.573791,0.24092257,-0.82365847,-0.17507683,-6.8919744,-0.35047567,-0.58951867,-3.0217307,6.3765707,-0.45696434,-0.2670517,-3.0382428,-3.601386,-0.9439437,-12.431297
1.4577941,-0.282077,0.8500645,0.0029896772,-0.56342983,3.5367777,-0.88112754,-5.2743444,-7.1151633,1.3890638,-0.4873819,0.4768422,3.201538,-12.255858,-1.9077371,1.0553839,0.15581909,1.0281504,0.024381403,0.6596471,1.9662204,-0.24851488,0.93858594,-14.216806,1.5637556,0.39937967,1.4766059,0.08868053,0.3293707,-0.7023956,-0.12393737,-0.5573636,0.22783266,0.13376875,-1.088908,-0.041885424,-6.2191563,-0.6235479,-0.6036283,-2.4484153,6.1983395,-1.3474578,-0.25321138,-1.9238237,-2.3947978,-0.90486836,-11.884394
1.7894756,-0.29878777,1.143989,0.49001732,-0.6978189,4.3402305,-0.5312794,-4.759615,-7.11691,0.66339177,-0.39530545,0.5878941,3.4817314,-13.518317,-1.4586219,2.3116345,0.09076531,1.2541205,0.5849112,0.6629155,-1.4815854,-0.74834114,1.8179183,-16.605822,3.6964571,0.47457036,1.5663538,0.26327065,0.36522537,-0.52403444,-0.01844148,-1.3560909,-1.0580409,-1.6527927,-0.54721564,-0.02018669,-4.315534,-0.17994334,-0.48883298,-1.982477,6.7214265,-0.79750186,-0.22831623,-2.2458596,-2.2207973,-0.99772495,-13.412247
1.8168633,-0.2596428,0.99101716,0.116118826,-0.5689683,2.4383745,-0.9359535,-6.345413,-7.3133807,1.496979,-1.1682861,0.459782,5.3769855,-6.858261,-1.5429925,1.5120109,0.18430877,1.0223666,-0.29066715,2.0641575,-1.1211802,-0.21809615,0.6820756,-14.376376,0.726203,0.3556217,0.89982706,0.03657444,-0.15316841,-0.60203123,-0.043365426,-0.46988663,-0.83696944,-2.976899,-0.22396807,-0.22703463,-5.3028145,-0.2196543,-0.67113864,-2.5035942,6.771567,-1.2975303,-0.22810028,-2.055926,-3.2862105,-0.82218355,-11.188476
1.3142312,-0.20257884,1.7479004,0.4987106,-0.87320316,3.079306,-1.4063882,-5.8307357,-6.864914,1.0137029,-0.31193987,0.4295241,4.5575576,-12.733598,-1.8037987,0.992358,0.23739377,1.1063684,-0.14819582,0.5258877,2.306205,-0.022533253,0.6209405,-16.105633,-0.43647465,0.41086462,1.1694839,-0.0075369766,-0.12051259,-0.35992357,-0.3518225,-1.1787765,-1.1344438,-4.235402,-1.0197256,-0.118090495,-1.3378308,-0.09901692,-0.5911619,-2.8801875,6.2458205,-1.356014,0.034737952,-2.1347988,-2.265577,-0.7703178,-11.577723
1.5601141,-0.202655,1.0769647,0.32511684,-0.78916425,3.427166,-1.3542438,-8.164695,-10.0726595,-0.8355418,-1.1546208,0.20460181,1.9833544,-6.4225726,-1.9981405,1.7853622,0.18688568,1.0256143,-0.14008139,0.46139684,1.2605349,-0.55474585,0.16275322,-16.458681,-0.5746734,0.6628582,0.9770837,-0.03590051,0.63998574,-0.73425335,-0.028897913,-1.2611481,-1.2160609,-4.1187077,-1.0426853,-0.19099411,12.162392,-0.22558828,-0.47436866,-2.2258012,6.07402,-1.4772774,-0.74931586,-4.970928,-2.4993174,-2.1511269,-10.966484
1.6401366,-0.21557601,0.8368582,0.4230748,-0.4590902,2.6451502,-2.0706308,-6.044335,-6.852841,1.0504582,-0.69342315,0.37118036,3.4055524,-5.344776,-1.9619588,1.9454803,0.21571928,0.949911,-0.48571357,-0.5538157,-0.52521855,-0.50513315,0.26701468,-16.12586,-0.765554,0.31318095,2.0617301,-0.055908665,0.0005314552,-0.37847462,-0.09679906,-0.5655135,0.69455546,-3.810633,-0.46555692,-0.18257548,-0.35889617,-0.40178406,-0.78503144,-2.3692923,6.4414377,-1.3827872,-0.03631156,-2.532671,-2.0428529,-0.7640693,-11.435003
2.4351766,-0.08983528,1.8080658,0.53188634,-0.36382902,2.9825106,-4.0564256,-5.9200997,-6.873845,1.9167005,0.058571484,0.030314744,4.4522815,-12.234814,-1.5680504,1.2356204,0.36176732,0.90743047,-0.55796546,-0.2619058,1.5545737,-0.7614309,0.47564292,-17.222672,-0.52051866,0.3682986,2.845279,0.03340883,-0.009516209,-0.1614533,0.5243374,1.6244823,3.8113835,-3.6559548,-1.0367945,0.007638763,-0.4277524,-0.46268472,-0.911843,-3.821799,2.2512941,-1.315034,0.3364732,-1.7565831,-0.59568536,-0.8146856,-12.303969
1.7970142,-0.16392133,1.0361605,0.6793842,-0.34989482,-0.41551074,-7.1211543,-9.357833,-9.060859,-2.7461982,-0.9749509,-0.5913798,5.0395265,3.566927,-1.5803355,0.83688515,0.38416114,0.6882094,-0.26810452,0.21752039,-0.97811896,-0.37457648,-2.6207006,-16.821165,-1.316942,0.6585144,2.5853724,-0.03416049,-0.6068475,0.17222156,0.43866485,-0.47699144,-0.75413996,-6.940265,-0.8004018,1.3227693,7.3549256,0.35106635,-0.5046529,-1.2876543,6.420855,-1.1054128,0.309651,-0.20539325,-1.1592978,-3.999879,-8.649281
2.0184913,0.3241555,1.5476383,0.5751963,-0.8083959,3.3905032,0.08668483,-5.992983,-6.8027196,-1.4368056,-1.0024908,0.3418531,2.578162,-1.6478839,-1.7382715,1.3368083,0.2419161,0.7472434,-0.53176534,0.90152454,1.6393961,-0.40444842,-1.4606917,-17.66843,-0.8973495,0.27271077,2.4141212,0.009661826,0.35131556,-1.3341947,0.3116251,0.48704317,3.2249398,-0.8719036,-0.83996767,0.46657205,-1.7830169,-0.36512697,-1.0669382,-4.823855,-0.57638544,-1.3029052,0.31353718,-1.89683,-1.9244663,-1.1118963,-12.353769
-0.8708965,-0.13890745,-3.9992807,-0.25293654,-1.2765411,3.6151483,-0.26696712,-6.684303,-6.242919,0.62389046,-0.43282044,0.39990303,0.9255947,-15.339202,-1.7395276,0.79963475,0.4499345,0.8010884,0.3963583,-0.07642725,-0.033878442,-0.5230116,-1.5348152,-14.85507,-1.6719904,0.047871962,-0.4120079,-0.15611003,-0.4104303,-0.50002444,0.4131662,-1.3141675,-2.0547442,-6.0967255,0.30212232,-0.6141019,-4.039944,-0.9694968,-0.75023884,-2.9473221,-0.19500688,-1.0324707,-0.6457741,-2.232012,-5.2549133,-0.76594067,-14.72657
0.4701894,-0.17459175,0.4491214,0.3948464,-1.3423511,4.015439,-0.07366557,-7.2346635,-7.7838426,0.60503125,-0.54890907,0.60850996,2.7692082,-15.946144,-1.5078666,1.1095624,0.2398923,0.55418664,-0.008082214,0.3635715,-2.4913244,-0.89605063,-1.6089538,-19.072104,-1.0349132,0.19906509,-0.33648074,-0.023670966,-0.07119074,-0.5033169,-0.10773363,-1.7322873,-1.1126047,-3.7815316,-1.0008379,0.319646,-3.5303805,-0.5654671,-1.1003182,-3.1287773,0.48372492,-0.98739827,-0.048835564,-2.5170567,-5.502546,-1.0447109,-14.159382
1.0587196,-0.10069014,-0.079838336,0.14121972,-1.4370122,4.249542,0.19976659,-8.793396,-8.024463,0.6143031,-0.627794,0.42818964,2.33339,-16.381613,-1.602491,1.0600201,0.29853734,0.34137332,0.031716798,1.5939698,-2.8335514,-1.5532596,0.0815674,-19.149353,-1.1869649,0.13326122,-0.6475398,0.0069433195,-0.072852254,-0.69398683,-0.15168558,-1.8582369,-1.7442799,-2.3874931,-0.99066126,-0.221546,-4.9206543,-0.35129768,-1.6134095,-3.5225003,0.1481444,-1.0594428,0.08820084,-2.1521559,-5.1149273,-1.0177381,-13.334472
0.47686306,-0.33748353,-0.94415176,-0.47691932,-1.3325899,4.0374265,0.24199803,-7.211312,-7.376488,0.8959733,-0.6174436,0.3325694,2.108503,-14.588448,-1.7451944,1.0794599,0.25223452,0.67548394,0.12224491,-0.15977664,-3.9352648,-0.4796252,-1.6485376,-17.650928,-1.3354102,-0.07318777,-1.4804534,-0.11937364,-0.16176605,-0.37042987,0.28527683,-1.4296552,-1.3327633,-2.0883458,-0.5712526,-1.0039133,-6.4818087,-0.5142388,-1.3900803,-1.9303833,-0.2716417,-1.1098486,-0.14101815,-1.9787185,-4.990853,-0.5477473,-13.602478
0.4226212,-0.32795683,-1.2002417,-0.87673056,-1.1124692,3.9979427,1.3397335,-7.884471,-7.0010314,0.36934552,-0.6269932,0.33331984,2.6618333,-15.517702,-1.8973571,1.2784503,0.3315542,1.0168127,-0.48906335,0.4467515,-2.7300265,-0.9219874,-2.6003976,-19.210075,-1.5875372,-0.09311968,-1.4760529,-0.051796183,-0.036314156,-0.24248388,0.31729087,-1.2758094,-0.79865396,-2.2921863,-0.045070466,-0.91242135,-6.9292283,-0.4255104,-2.2731514,-2.1065717,4.0989103,-1.075607,-0.14674091,-1.8727223,-4.365876,-1.8141196,-15.078874
1.001095,-0.14674771,-0.03624658,0.48777196,-1.3828073,5.1471615,0.36754212,-7.3934183,-7.8806376,0.54638267,-0.22924124,0.5606896,1.5503478,-16.018095,-1.4475026,0.72838694,0.15813857,1.0366645,0.13723631,1.6671994,-5.629154,-0.46486485,-0.3607279,-18.487995,-1.1114695,0.27849802,0.78518915,0.021019084,0.00079923903,-0.7707624,0.07170898,-1.9436091,-1.2712166,-3.2831306,-0.775743,0.016213486,-3.4262826,-0.5180263,-0.8750404,-3.7973816,3.845676,-1.3363206,0.016423149,-2.5933986,-6.170645,-1.0991236,-15.618125
1.1100117,-0.18636064,-0.11997441,0.30253664,-0.9238729,3.7451012,-0.41384205,-6.7634645,-6.883283,-0.41000217,-0.4433302,0.6012117,2.7643037,-15.106377,-1.3511766,1.3532919,0.2932353,1.2297323,0.20526248,-0.09898642,-3.2809725,-0.7548329,-2.1777916,-18.222757,-1.04767,0.2159912,-0.54282475,-0.06257984,0.028353574,-0.692071,0.37319943,-1.9228916,-1.3122381,-5.339049,-1.1248946,-0.13611485,-3.564113,-0.40278742,-1.5755435,-1.1642598,1.897484,-1.1609893,-0.12506317,-1.8819678,-5.2244606,-0.9798921,-12.979715
2.7553678,-0.1216613,-1.2225925,1.36615,-1.6313784,-3.3893642,-4.8773365,-9.737238,-2.8671443,0.4601799,0.5022369,0.46007642,0.836687,-11.181671,-4.0687027,0.323489,0.011139383,0.17120942,0.35498592,-0.07785033,1.4431573,0.5161667,-0.033707544,-14.568921,-3.5373983,-0.5517177,0.04465797,0.13468355,-1.1518167,-0.46246448,0.086432606,-2.3353252,-1.9312203,-4.522677,1.5071892,0.93644077,-5.8808727,0.42416742,-0.20190622,8.945754,-0.20806271,-1.4481937,0.2264354,3.6704838,10.169571,-0.02604513,16.91231
2.619201,-0.21768166,-1.3265841,1.104228,-1.6601341,-4.0250964,-7.4865355,-6.013102,-3.3634422,-0.46175405,0.60165083,0.45182762,1.231366,-9.278687,-4.2226577,0.068969615,-0.105785705,0.12132788,0.3842058,1.8396533,2.6957765,-1.0125824,0.068292,-14.485107,-3.39103,-0.2765327,0.030480944,0.09502871,-1.0222446,-0.66876364,0.13691655,-2.1578228,-1.8511171,-5.2128677,1.3796853,0.75322837,-6.994401,0.34445584,-0.16077276,8.943822,-0.05582529,-1.3843844,0.1550948,4.8429785,9.415021,-0.046314515,15.866986
2.4334252,-0.3220442,-1.2516612,0.8162732,-1.7964436,-4.981125,-8.637997,-6.3793755,-2.7482357,0.16991632,0.7341789,0.27226394,1.0955029,-9.387497,-4.438182,0.12521759,-0.065847196,0.03669053,0.4141529,0.8666857,3.8089473,-0.56144404,-0.1372537,-14.159355,-3.7654757,-0.35612357,-0.172153,0.058512244,-1.016814,-0.12077548,0.15140279,-2.0942583,-2.328912,-6.2152658,1.7696973,0.42962193,-6.2011185,0.8778815,-0.24903916,9.185462,-0.33102998,-0.74221075,0.24874966,3.9571173,9.889652,0.071460314,17.252846
2.7354236,-0.23568037,-1.2743413,0.2957567,-1.7103511,-3.844456,-7.7416015,-6.668411,-2.0862992,0.12056697,0.48095173,0.31698504,0.9175954,-9.632938,-4.333796,0.038854968,0.0018595106,0.012218626,0.23615088,0.47740588,2.389062,-0.5657199,-0.06777846,-13.946353,-3.5397289,-0.35733813,-0.06676041,-0.025952067,-0.6814858,-0.83676577,0.21707378,-2.1071413,-1.0622333,-6.324913,1.8036041,0.64502317,-7.5966897,1.3010738,-0.10495041,9.283041,-0.2531166,-1.4376645,0.24782443,4.569569,9.517357,0.07215088,16.798374
1.8974895,-0.5168546,-1.2314377,1.0042574,-1.6075811,-5.682999,-8.0870695,-6.3478303,-1.7650465,-0.4973586,0.36797956,0.84810007,1.4039733,-9.704074,-4.8680115,0.3786224,-0.18506303,0.12753251,0.09093157,-0.59841555,2.3047984,-1.1477304,0.32750428,-13.888533,-3.0650597,-0.3374384,-0.047408234,0.05331407,-0.6345568,-0.7683074,0.3744128,-1.9322898,-2.226953,-6.2581882,2.355203,0.6676815,-8.457582,4.00913,-0.1378199,9.209427,-0.06293795,-1.7169578,0.28752095,5.104016,10.094982,-0.03321006,17.093887
2.1846843,-0.27795836,-1.4080832,1.5917039,-1.7540807,-3.761041,-9.991372,-4.9144073,1.1714882,-1.0492944,0.5906623,0.51149887,1.5235742,-10.324268,-0.9566294,-0.053554956,0.01748785,0.06324079,0.06904872,0.3451046,2.1518207,-0.6210089,-0.209453,-13.931029,-2.966824,-0.4959223,-0.32794186,-0.4415087,-1.0056089,-1.0016903,0.15514567,-2.076115,-2.769682,-4.691627,1.9328991,0.7646184,-7.311304,0.11079881,-0.6299748,8.771888,-0.20942234,-2.4426441,0.11014114,4.829549,9.892848,-0.44536358,15.863305
1.4098881,-0.4070078,-1.5654418,0.60847026,-1.8596861,-8.174452,-7.628156,-5.7207055,1.471517,-1.1539038,0.700536,0.7592921,2.29196,-10.242497,-8.133297,0.08160561,0.03996972,0.1581482,0.18163338,-0.08643422,1.2997949,-0.8964656,0.44577026,-13.021266,-3.3505917,-0.5648725,-0.21305507,-0.3782032,-0.9450697,-0.6514978,0.0883927,-1.7124106,-2.1291525,-7.1587653,1.8558224,0.07065156,-5.565827,7.1670847,-0.3452786,9.215127,0.055873998,-1.9028094,0.1854336,4.4414597,12.726054,-0.0046262527,14.585197
2.8179436,-0.019521335,-1.1510146,1.0249104,-1.6267555,-4.7728767,-7.169282,-5.5755205,1.2432654,-0.43651372,0.6759789,0.7615649,1.7049525,-9.60228,-4.7073493,0.07234967,-1.0343013,0.31020454,-0.7345816,0.42569733,1.8165753,-0.1692433,-0.06273314,-13.975597,-2.628089,-0.50607777,-0.2655099,-0.43600386,-0.7615804,-0.8490238,0.28588212,-2.2328732,-1.8636124,-6.6168075,1.7419338,0.47122312,-6.191956,0.67047256,-0.32496575,9.220046,-0.124839045,-1.596951,0.26292345,5.0775957,12.463608,0.24893448,17.544607
3.3377178,0.21978529,-0.9805201,1.4143788,1.1032481,-3.8670032,-8.175136,-5.900847,-3.065187,0.7109987,0.31633607,0.43644142,0.44260043,-12.121093,-4.702362,0.014855382,0.14327343,0.47709844,0.50653076,-0.08436919,1.9917685,-0.3073811,-0.15460685,-14.092425,-1.9720469,-0.35281682,0.27793393,-0.13842106,-0.45084444,-0.52042836,0.3956548,-2.169496,-2.0340188,-4.0832763,2.2812111,1.2019085,-6.375274,-3.0565395,-0.40977708,8.549139,-0.3746403,-1.4383792,0.3477302,2.6044915,8.7397785,0.14648354,16.900475
2.091023,-0.2218142,0.24626346,0.6675991,-1.1383716,4.9504094,1.2107236,-6.9107013,-9.421643,-0.9488501,-0.49869868,-0.0019378335,3.7074592,-16.751202,-1.4389004,1.1663194,0.04312775,0.55402553,-0.1343071,0.033963382,-3.6479025,0.42607287,-1.4173871,-19.425152,5.6358743,0.20933996,-0.13939562,-0.0074325963,-0.197759,-0.67763036,-0.06344045,-0.26735893,1.962381,1.5980221,-0.40930694,0.023619447,-7.205555,-0.34188548,-0.6690104,-4.0449343,-0.18139642,-0.65715593,-0.36904833,-3.1809397,-9.748378,-1.1404147,-17.368757
1.1541327,-0.22385444,0.14430377,0.14441897,-0.9388396,5.0039005,2.2944443,-8.821661,-9.801503,0.1983184,-0.8759703,0.17454714,3.6071122,-19.648512,-1.3565978,0.807153,0.09157483,0.4224903,-0.07367684,1.7276955,-4.2848616,-0.14961237,-0.6938671,-19.323677,5.423938,0.27445048,0.777249,-0.33732733,-0.25290787,0.34726372,0.19082369,0.085457236,1.5283734,1.5013586,-0.60892886,0.07703189,-7.768883,-0.4960556,-0.4817681,-4.4746995,0.53141934,-0.60782266,-0.6168657,-3.3863716,-7.8102393,-1.1073203,-16.795053
2.2265344,-0.25619128,0.27125922,1.7195712,-1.1873662,4.947234,2.2304316,-9.306853,-9.02367,0.035878442,-0.68222666,0.14512198,2.5430593,-15.623266,-1.3200511,1.1686006,0.10586488,0.494724,-0.10814319,0.44819543,-4.762394,0.20379914,-1.2358224,-19.738653,6.099537,0.28609812,0.46432954,-0.325343,-0.4815371,0.18227485,-0.08301746,-0.08912901,2.0856457,-0.3350263,-0.41790223,0.24488267,-7.190149,-0.23112613,-0.72102886,-2.9487545,-0.4952381,-1.2886485,-0.76045895,-2.9422846,-9.621025,-1.0506423,-17.642878
1.2540131,0.025483513,-0.8878295,0.25553355,-1.4970104,4.3206472,0.476785,-6.7003474,-6.041438,-0.63352895,-0.30061227,0.3669253,3.1495988,-14.715196,-2.074709,0.23292643,0.2832384,0.6205189,0.15133661,0.20141116,-2.829045,0.46408936,-1.7704976,-19.46429,-0.26013255,-0.03680156,-0.24117622,-0.12660888,-0.30590513,0.20114654,0.3037778,0.03370632,2.305434,-1.7620198,-0.50234026,-0.15019551,-6.974442,-0.40688875,-0.7039484,-3.8354921,-0.27015483,-0.8170056,-0.26941672,-2.7110145,-5.655409,-1.4084818,-15.459772
1.240949,-0.085088536,-0.033646397,0.2774578,-1.3959328,4.610614,0.76949185,-6.679401,-5.7914557,-0.96501535,-0.70434743,0.3331038,3.2310498,-14.671798,-1.7901385,0.28348896,0.16258329,0.61072403,-0.09563403,0.19304645,-3.3664134,0.49540696,-1.6098585,-19.581127,-1.0838224,-0.017379543,-0.42392984,-0.2038166,-0.45635867,0.19485435,0.10358489,0.06657951,2.0330157,-1.5770382,-0.5352303,-0.23845264,-6.8997736,-0.41144106,-0.70977473,-2.6660168,-0.36704823,-0.8766405,-0.30259165,-2.8994608,-5.136763,-0.98452836,-16.373775
1.1425016,-0.16568495,0.024628077,0.5989763,-1.3208998,4.7226596,1.8494993,-7.9678316,-6.504065,-0.71370786,-0.59228987,0.39300758,2.8243296,-14.945507,-1.8449607,0.7718793,0.098436564,0.61334205,-0.25381637,0.019658959,-4.1009493,0.33485112,-1.4595299,-19.7408,-0.77823675,0.31490585,-0.11757924,-0.043342967,-0.298087,0.14866053,-0.02112583,-1.4656767,-0.89126927,-1.1427248,-0.18033509,0.06820687,-4.0189333,-0.48104912,-0.9037419,-3.5751398,-0.11484841,-1.0645741,-0.12642716,-3.3068209,-5.270477,-1.4364843,-15.825338
1.2753158,0.2354974,-2.677186,0.049284242,-0.49196416,-0.24987978,-6.4254346,-7.5304627,-8.377204,0.018309608,-0.45636547,0.32371113,1.2705656,-13.363275,-0.9818944,1.301993,0.5634415,0.8762355,-0.15556225,2.5875838,0.6188659,-0.6608543,-0.93399096,-17.935705,2.2216902,-0.12003203,-0.2808119,-0.058363482,0.10849418,-0.7793475,-0.036120106,-0.51546323,-0.34761062,-1.88298,0.22201984,0.47281906,-6.668877,-0.22932315,0.023797603,-3.5671074,-0.5896097,-1.1062607,0.6110796,-1.7211217,-5.408039,-0.54656285,-11.15973
0.35963157,-0.051073574,-2.390682,0.16383673,-0.7243694,-0.13180244,-6.4312296,-7.356473,-7.163554,-0.29073548,0.8026437,0.42760244,0.7653693,-13.390275,-1.5235739,0.8172033,0.5872418,0.09152291,0.08572691,0.6228207,1.293361,0.05039315,1.9509528,-17.617525,-0.7254518,0.15964428,0.15050232,-0.14273357,0.059863795,-0.51815915,0.26944172,-0.6479586,-1.1801735,-3.3181286,0.53936636,0.65516496,-6.2963066,-0.07354143,-0.95986664,-4.131969,-0.19802867,-0.9309046,0.34294245,-1.0638204,-3.3219635,-0.84531474,-10.672825
0.2514785,0.0703658,-2.8290467,0.15155266,-0.3896732,-0.07984023,-6.0911775,-6.995907,-8.490688,-0.39249575,-0.47932726,0.45065534,1.0756422,-13.798577,-1.0470791,1.1252857,0.5382185,0.6118908,-0.45900425,1.6213366,1.4879456,-0.9810068,2.1719716,-17.894682,2.3231256,0.19476297,-0.3533333,-0.068616584,0.099461116,-0.74922377,0.37111062,-0.63396364,-0.89527863,-3.1978679,0.6762252,0.7394352,-6.430012,-0.2965904,-0.7375926,-3.964401,-0.3237031,-1.073194,0.19419923,-1.0803628,-5.5975785,-0.8892598,-10.116876
-0.86125994,-0.10885039,-2.7718744,-0.046328343,-0.51709753,-0.2065636,-5.862765,-7.1199117,-6.791488,-0.31311193,-0.44956294,0.39015642,1.2428404,-14.5542345,-1.3040215,0.6642625,0.49561733,0.5805066,-0.5063983,0.81973535,1.1293997,-1.1540216,2.7354167,-16.593306,-0.45926228,0.5937902,0.12107486,-0.005051511,0.07186059,-0.44330403,0.33997345,-0.72012115,-0.40305492,-3.8507004,0.34185538,0.36328247,-7.5245714,-0.04363211,-0.7807323,-3.7525742,-0.3527636,-1.1789289,0.26234856,-0.9003788,-2.678741,-0.21617344,-9.74258
0.30535087,-0.15523307,-2.6716824,-0.095138095,-0.4704347,-0.29501244,-4.3592825,-7.1250043,-8.5641165,-0.450367,0.12858835,0.40467113,1.349307,-14.159246,-1.0367225,1.0342486,0.315592,0.65712315,-0.12870544,0.34376046,0.83655375,-0.168112,2.4767263,-17.10134,2.256856,0.045013614,0.37835142,-0.07472447,0.012506954,-0.7899184,0.2978485,-0.9162016,-0.9956912,-3.1256275,0.07577273,0.30912945,-6.599364,-0.16746314,-0.7407509,-3.8871882,-0.19070004,-1.0947906,-0.13871765,-1.0550345,-6.1826878,-0.867521,-9.39913
-0.7011155,-0.18804301,-2.7645907,-0.05859495,-0.5718409,-1.7816195,-7.561259,-7.5190897,-5.9826202,-0.3134642,0.46273983,-0.5007168,1.3124263,-13.9297905,-0.65160763,0.0396966,-0.84214,0.39105156,0.40572757,0.2710716,-0.25981426,-0.94993305,1.4924328,-15.967004,2.0823786,-0.34534502,-1.4215171,-0.12572299,-0.1165782,-0.6431935,0.5206268,-1.1619055,-1.1978784,-2.990274,0.7922153,0.46646407,-5.297425,-0.41707098,-0.5687109,1.1958116,-0.42773005,-0.99569756,0.26061732,-1.1566546,-4.6119695,0.0015212252,-9.94814
1.037325,-0.17151827,-2.4416924,0.1565511,-0.51380616,1.5399228,-3.9446185,-7.303289,-9.990217,-0.7359618,-1.0769094,0.033157036,0.88397133,-14.955522,-1.7025489,1.3919721,0.17672628,0.849607,-0.24580854,1.5127028,-1.072457,-1.3812802,0.22896032,-16.840397,4.429852,0.37829825,-0.23444286,0.022040462,0.18885481,-0.71169376,0.2302177,-0.5903847,1.1483006,-2.888426,0.46201196,0.7912225,-6.987172,-0.10720881,-1.125522,-2.2997503,1.1312734,-0.98538005,-0.27610794,-0.20565629,-6.0404243,-0.76896715,-15.835963
0.87171036,0.12920755,-1.0146226,0.3287662,-0.58090407,1.1707939,-5.823147,-7.339588,-11.556761,-0.4453022,-0.52740914,0.2060043,1.255468,-14.829575,-1.2900269,1.3543928,-1.9061013,0.7324143,0.06853392,2.2181394,-3.014779,-0.9555645,-2.1083395,-17.10251,5.5287023,-0.0004696549,-0.26711267,-0.015937982,0.33390638,-1.0005075,-0.22318201,-0.3674386,-1.1920387,-3.9321215,-0.15223935,1.018648,-6.5537715,-0.47227308,-0.5679944,9.266233,-0.48427805,-0.6325593,0.112586096,-0.6720917,-4.795033,-0.53757316,-16.522903
0.1420679,0.0333302,-1.0351695,0.15260594,-0.7717161,1.8615454,-3.7486062,-7.169261,-11.177411,-0.46299738,0.7733509,0.10018422,1.5039444,-14.562175,-1.1712283,0.15392408,-0.080970004,0.4687179,-0.32090643,2.0409865,-2.3851974,-1.0703713,-1.9732957,-17.900175,5.495899,0.0063044485,-0.5264492,-0.007040284,0.1693731,-0.805779,-0.23208168,-0.63308054,-1.705448,-5.53209,0.44580042,0.90926045,-5.085833,-0.14695029,-0.521772,8.346955,-0.56217927,-0.45948777,0.37982783,-1.5057704,-5.6085315,-0.3170607,-17.324825
-0.80720145,-0.30832472,-1.2305883,0.03802633,-0.4349738,1.6254013,-8.313401,-7.8656697,-7.9599996,-0.79851866,-0.36648634,0.3019646,2.616814,-13.6885805,-0.92274755,1.1885359,0.03198965,1.0037403,-0.8503627,1.4696954,-1.8134328,-0.8898185,-0.0039469064,-16.542303,3.4936674,-0.12954865,-0.3402162,-0.124238245,-0.1255179,-0.94344836,-0.17894825,0.17376347,-1.4026251,-3.9189944,-0.3250023,1.1767515,-7.1377726,-0.14028522,-0.5526522,7.8603435,-0.68691015,-1.213425,0.10399034,-1.6653508,-5.5402184,-0.7184756,-15.037027
-4.0434904,0.06997158,0.8877572,-0.24820353,-0.4598377,-10.946208,-15.632853,1.5037289,0.81414324,-0.6355575,0.7122631,-2.2280283,-2.6105187,30.67982,6.2043705,2.0803833,1.3702949,-1.2905279,-0.57929796,-0.06012628,20.031754,-0.8040533,-3.1557906,30.682398,-0.33186224,-0.39162847,-0.2666799,0.02405699,0.31044114,-0.7915127,0.5542511,-0.76889515,-1.5413445,-9.268899,0.44907466,-3.5367825,15.040155,1.9775641,-0.015691053,2.983591,-1.6883317,3.5399961,-0.025256135,1.4419786,7.4496527,0.12014476,16.033554
-4.2828736,0.015206993,0.6732023,-0.29072306,-0.45862338,-8.569492,-15.481812,1.4068663,0.21160449,-0.6000465,0.441273,-2.1053596,-2.3834782,32.22448,6.000106,2.1271384,1.3063926,-1.3682513,-0.84509856,0.04611702,19.981327,-0.764179,-3.1703305,30.198257,-0.3909339,-0.35538864,-0.3075747,-0.34869066,-0.06283262,-1.3481023,0.08631742,-0.8460785,-1.9475296,-8.58425,0.45982864,-3.2181494,15.026367,1.9795427,-0.3298438,7.228094,-1.9985112,-0.9709515,-0.08796321,1.4036976,7.040086,-0.029318135,18.934816
-2.0879326,-1.0498157,-1.8371168,0.6429788,0.6371685,-5.4135103,-14.5012455,4.2070603,-3.6567633,-0.63370574,1.3037795,1.1101975,-3.0494652,-0.28899756,-4.0360484,0.2069636,-0.8821435,0.082695,0.92860574,-0.944708,26.181297,-0.37832013,-0.47669706,-4.213343,-0.92210495,-0.07655715,0.019882295,0.2965364,-0.29699764,0.1328543,0.28566572,-0.5804548,-7.3969116,14.121419,1.6576988,2.5421362,9.844518,0.8491155,0.1807936,13.580673,-1.421568,2.5178108,0.65542424,4.207783,5.014657,0.46929875,5.732095
-0.5032109,-0.4839496,-1.5137866,-0.84800214,-0.19043325,-5.1705794,-14.758382,6.007929,-3.6915896,-0.7982752,1.3272457,0.43309385,-3.9147258,-4.1306944,-4.938098,-0.76758194,-0.5198012,0.15042236,1.1335317,-0.31270167,27.122143,-0.5805915,-0.89534795,-5.10909,-1.5432289,-0.024783585,-0.36766484,0.032024693,0.009626616,0.021071099,0.16702507,-0.50950223,-7.523334,12.230382,1.2183914,2.4845524,9.485304,0.64573056,0.5925707,13.835382,-1.9058694,2.690765,0.5427277,1.4245973,4.973095,0.46962062,13.730434
-1.4561257,-0.7441046,-1.2468774,0.39968443,0.6020815,-2.9046073,-11.52455,5.546746,-2.2108893,-0.37659815,1.3400891,-0.29566994,-2.9726896,-4.419765,-3.4143648,0.4482985,-0.46188304,0.17339163,0.91653323,-0.26274914,30.405773,0.041456908,0.0014361895,-4.3956676,-1.4462936,-0.41815034,-0.2266661,0.11920512,-0.34381175,-0.1480307,0.08155705,-0.6622665,-7.5154543,12.274412,1.5778643,2.4236016,-3.5861683,0.5121228,0.08561284,13.864654,-1.2961222,2.1376705,0.16812119,3.0581064,5.5028005,0.15222204,13.906465
-1.1982082,-0.75068223,-1.2486911,0.52033186,-0.16050366,-2.9998863,-12.720996,5.5747595,0.024215823,-1.3010223,1.2518919,-1.1650805,-0.5572964,0.24478008,-3.691248,-0.3807732,-0.4476871,0.19894989,0.6540645,-1.2559341,29.937809,0.41389325,-0.45755717,-6.627786,-1.5040361,-0.39950925,-0.5327484,-0.19866328,-0.05201887,0.20738941,-0.055316467,-0.44675356,-1.0956002,0.50122064,1.0069711,3.1478646,-3.1167536,3.9230425,0.53802294,9.050548,-1.8041824,2.8868642,0.19186796,5.311543,6.0512633,0.051545843,15.906465
-2.7392917,3.2087312,-1.452745,-0.99350494,0.26945505,-6.6180706,-14.164535,5.060529,0.4057743,-1.1470703,1.4946315,-1.3740488,-1.7569821,0.8889397,-5.3734903,-0.40895262,-0.69770515,0.14831871,0.29952845,0.09170824,25.36185,-0.57356304,-0.735075,-6.5810833,-1.6097988,-0.62347794,-0.68039006,-0.3569245,0.060364157,0.57475895,-0.06023675,-0.5287841,-0.21575592,-1.1163526,1.333278,2.2079468,16.036777,2.4157982,1.0071417,10.129971,-1.9036859,3.7188222,-0.28413063,3.0963147,5.9268885,0.11578375,16.854486
-1.9995635,-0.08444842,-0.73339987,-1.7155337,-0.151493,-6.771805,-16.210846,4.8497663,0.9377067,-0.57641536,1.2027509,-0.7317076,-1.5257981,16.585258,-5.261519,-0.21967058,-1.8384652,0.104399405,-1.0518998,-0.6911034,24.322592,-0.665403,-1.0578604,-6.880504,-0.499597,-0.6479565,-0.25416097,-0.029436568,0.30516368,0.05641718,0.36074245,-0.18103862,-0.5812665,-1.0309248,1.1029164,0.7885714,10.2336035,3.6376216,0.7999064,4.3483458,-2.061264,4.886021,-1.2931024,2.7215748,5.6977854,-0.04847063,15.131997
-1.9758532,0.0366053,-0.74691,0.12278617,-0.16879125,-7.1364803,-16.200434,4.975,1.4642622,-0.5187409,1.3411167,-0.9069518,-2.2160645,18.91492,-4.4849215,-0.014538042,-1.950368,-0.27037364,-1.1487106,-0.6346737,23.455841,-0.7491977,-0.99094653,-6.402085,-0.5460556,-0.58497334,-0.08465375,-0.0013548024,0.02549303,-0.0017292411,0.19264041,-0.3642545,-0.7526312,-0.6076414,0.9216348,-0.26489487,9.725521,3.241034,0.43640494,4.396629,-2.0319889,2.9316554,-1.8891592,3.0056384,6.0498695,-0.063335605,15.925265
-1.4208813,-0.29773933,-0.7516899,0.5650423,-0.4732782,-6.559744,-15.468013,5.352344,0.8553381,-2.6157076,1.0925186,-1.1161671,-1.6922376,15.834125,-4.865524,-0.05353574,-1.5438671,0.08398286,-0.86107343,-1.7130493,24.237219,-0.8294688,-1.0020295,-5.5143647,-1.9669825,-0.6948115,-0.21370828,-0.08314609,0.2709687,-0.17355362,-0.06365214,-0.13506845,-0.38411832,-0.82543755,0.95435405,2.4599695,9.934658,2.8840945,0.65004325,5.523369,-1.7225857,4.0131702,-1.993601,3.1672826,5.9799485,0.14724489,14.839734
-5.2205296,-0.033269115,-0.6188078,0.7522098,-0.13421525,-12.936519,-13.679526,4.3273563,-0.16321756,-1.5117892,0.9883337,-0.6636915,-1.731152,15.951491,-4.816762,-0.20281066,-1.7515097,0.013205967,0.46905488,-1.3753654,21.459827,-0.8977747,-1.3279798,17.103222,-2.4207442,-0.41828105,-0.5007831,-0.011855067,0.09330692,0.29544297,-0.041195802,-0.18998854,-0.79809904,-0.15292677,1.0160177,0.12284065,10.0889015,0.8926027,-1.3664526,3.6997154,-1.677692,3.0348375,-2.263923,1.7161672,5.6823936,0.15703572,12.339263
-4.0789495,-0.3281629,-0.71072644,0.598315,-0.17297684,-6.5966053,-15.021375,4.601314,2.1212397,-0.4683588,1.3717136,-0.5931039,-2.143638,15.703075,-5.274326,-0.0033179494,-2.584313,-0.0841532,-0.9349313,-1.4597843,22.258797,0.14073248,-0.46152762,-5.643511,-1.3392884,-0.6260506,0.68556476,-0.10720318,0.25500298,0.108178966,0.53118336,-0.87713,-0.9401816,-0.67027575,0.93500876,0.04870223,12.147761,2.2747421,0.7147539,4.705695,-2.0416505,4.6352706,-1.4301465,2.9808471,5.791326,0.007039043,15.063491
1.4636774,-0.28634852,-1.8300316,1.9358375,-0.25767034,-0.16000038,-7.6339445,-3.5545435,-1.4279957,0.5874011,0.9416567,2.1206486,1.4279004,-6.430025,-4.6074886,0.45209605,0.051319458,-0.09815846,1.1015868,1.9805537,33.773487,0.53504765,-1.3081561,-11.386834,-3.079925,-0.12301637,-0.33539408,-0.07563967,-0.42044285,0.78734034,0.13018547,-0.34869915,-0.7992108,-5.1557417,1.8883684,-0.31224367,15.521137,10.160218,-0.32607168,10.954582,0.7569686,-1.2950332,0.7374055,0.9149483,2.1575036,0.3302849,9.297339
-0.017683942,0.40582484,-1.3690894,1.7279943,-0.08832817,-1.6802742,-7.186814,-4.2841907,-0.4078984,-0.33309,1.4212329,2.0983212,3.5062945,-8.012007,-6.8337812,0.12996408,0.26413664,0.073476225,1.565187,2.3239121,33.68389,0.7738175,-1.721776,-7.357875,-3.919157,-0.32663617,-0.36587512,0.51342165,-0.37881458,1.063992,0.3154911,-0.21185888,-0.4255163,-6.1629453,1.960406,-1.9026272,16.083462,8.915849,0.04936158,11.227273,-0.80670154,0.15972444,0.4634129,0.3875839,3.4187703,0.5808932,9.444469
1.2291796,0.6221089,-1.6871774,0.9495049,-0.66074866,-1.9186833,-6.4112186,-4.6344767,1.141577,-0.17500518,1.1384245,2.1524334,-1.061009,-6.5459766,-7.4633026,-0.22810479,-0.08618878,-0.04523995,1.2266618,1.5926708,33.739773,0.6576839,-1.4534076,-10.84818,-2.233635,-0.33463567,-0.37298566,-0.0346588,-0.43382227,0.81003594,0.09390087,-0.50107497,-0.76802623,-5.971482,1.8957428,-5.1355515,16.409649,7.920636,-0.60689753,10.377499,-1.1557645,-0.01739653,0.2459366,0.38661268,3.1171176,0.5140514,9.092378
-0.98630357,-0.8136755,-1.3013346,1.5567296,-0.4851852,-7.2184963,-6.374092,2.2402225,-1.7212238,-0.52895695,0.87089074,2.7734897,-1.5202235,-3.2000575,-7.1631904,0.23100963,-0.58594686,-0.0363952,1.0621983,1.0991336,27.293331,0.25934,-1.2700819,-8.630091,-1.825878,-0.46979344,-0.30484945,-0.33071935,-0.43172008,0.5353523,0.13591196,-0.65572375,-1.051203,-5.198608,2.0323827,-2.618328,8.273257,7.8763304,-0.7908169,9.560231,-0.9651988,0.064602904,0.37254626,0.046175707,6.830003,0.34292448,19.804384
-0.8441106,-0.6642772,-1.2390543,1.5559783,-0.2769332,-4.904862,-7.062415,3.987044,-0.9792109,-1.1213881,1.0853407,2.0060604,-0.73363495,-1.2133931,-6.663612,0.5067146,-0.6137489,0.010142275,0.9499415,0.928008,29.403416,0.60292685,-1.0598865,-6.834706,-2.7029784,-0.40670663,0.9683938,0.06310845,-0.41244355,0.0442162,0.017181106,-0.6071956,-1.2425005,-5.6432185,1.678866,-2.6068294,-4.753221,7.3756166,-1.2639425,9.063077,-1.4767871,-0.32164615,0.42437556,3.5388393,6.841196,0.12169685,19.02513
-0.08320474,0.22005881,-0.50577533,2.773793,0.24162135,-6.2185397,-8.309434,3.4905622,-1.0868487,-0.94931525,0.86996144,2.6573396,-1.0381844,-0.38399684,-6.886217,0.3722146,-0.9696809,0.008921294,0.9125547,1.6614921,26.772144,0.6224983,-1.4271489,-8.306773,-2.0437512,-0.23388396,-0.12841316,-0.074384436,0.014987512,-0.4407792,0.33502373,0.121241055,-1.049983,-4.58857,1.8350611,-2.0035803,12.841025,8.600413,0.2675824,10.602701,0.46608883,0.026055567,1.2126766,3.9656596,6.7363963,0.5524388,7.3150754
0.041518003,-0.25763726,-0.81071734,0.63771814,-0.4860293,-7.0732574,-9.159916,3.1409087,-2.1636033,-1.0688707,1.0615273,1.3976738,-1.4175563,-1.8427726,-5.0938425,-0.31406754,-0.77622294,-0.18019162,0.6637023,0.98385996,26.024296,-0.20640282,-1.0444363,-10.178067,-3.8701897,-0.3732539,-0.20765339,-0.25741324,-0.3800221,-0.82358956,0.26158628,-0.44163033,-1.8629786,-5.7499695,1.0529993,-2.1690264,11.532271,4.057289,-0.18539661,10.138391,-2.9016213,-0.22320025,0.19777526,3.8621876,5.9658103,0.4516003,16.605532
0.41232565,-0.14917886,-1.581835,1.820324,-0.17313024,-0.87956506,-8.417656,-5.232539,0.16120832,-0.7133015,1.0892016,1.2661116,-1.375719,-3.8465736,-7.120048,-0.51022345,-0.1298322,0.03165643,0.9946635,0.77051383,31.824633,0.56295043,-1.4559724,-10.91899,-3.7734702,-0.44726625,-0.37571135,-0.3795734,-0.2379565,-1.4691391,-0.020033784,-0.51852435,-1.7442454,-6.802935,1.4342029,-2.2374575,14.468069,9.015092,-2.2966363,10.361057,-1.9890891,-0.33922222,0.16745034,0.15554859,2.8773935,0.25553122,12.162354
-0.6323528,0.021911245,-0.47976843,0.7066764,-0.29204708,-9.392026,-11.261878,0.9803309,-3.5004888,-0.46319854,0.75430197,-1.0057391,-1.9447045,12.437919,-3.9019666,-0.2962057,-1.2832841,-0.24817272,1.0611778,0.8245989,23.977818,0.27987817,-1.6925244,-7.354203,-3.4200296,-0.967991,-0.3166946,-0.3899462,0.16984707,-0.7219962,0.076279186,-0.6727784,-0.8922013,-9.191298,1.1170274,-1.002037,10.0936165,1.7189564,-2.2338262,5.165164,-1.28897,3.3116114,-1.8182542,3.2082303,7.128518,0.21326329,11.764772
-5.386618,-0.13173227,-0.86712897,0.83917093,-0.40772888,-7.9395514,-17.520765,-0.31114882,0.6400231,-0.7019483,0.734114,0.6272585,-2.2584424,0.42662117,-5.309535,2.0315692,-2.2134569,-0.16552196,0.5658098,0.6750993,20.517056,-0.44354063,0.23608923,-5.7048397,-3.5288727,1.8003914,0.30913624,1.6326796,-1.180013,4.678523,-0.12605193,-0.73800415,-0.6416011,-5.7177467,1.2927251,-0.7922186,11.626774,-0.90766215,-0.78116107,13.321633,-0.40867722,2.0829926,-0.829518,2.8372722,1.9652559,-2.2983472,15.052397
-5.6474876,-0.83405054,-1.4363321,-2.9639091,0.07436078,-10.423275,-18.380657,1.8132818,-4.1725874,-1.4379395,0.33165354,-4.5814257,-4.006791,19.205585,-5.372161,0.25190175,-3.2162733,-0.24077371,0.9242248,-1.04694,23.379309,-0.8517696,-1.3872156,-10.38275,-2.153287,-0.4112921,-0.4837521,-0.3051722,-0.41362125,-1.7643957,0.2791002,0.9172375,-2.0252352,-4.055555,1.1605991,-0.31374088,-1.6279681,-0.15760535,-2.438392,1.9795777,-1.3300078,3.978673,0.14068243,0.49546447,4.7666755,0.1206893,11.548777
-5.378498,-0.8003033,-1.5085986,-1.0434922,-0.9340862,-12.404645,-18.250654,1.6505839,-4.4493585,-1.8945951,0.4317211,-1.7087011,-4.466909,14.080918,-2.8566284,0.15951559,-2.5354986,-1.2188728,-0.0032709206,-0.93036664,23.382202,-1.3910679,-2.2053318,-7.620646,-2.7808206,-0.61524767,-0.5615382,-0.021918489,-0.8862812,-1.2318203,0.015814686,0.12994096,-1.6822243,8.780019,0.7558793,-1.0792203,-2.295654,-0.43072304,-2.1845152,5.0372944,-1.4168668,2.346363,0.31640732,1.9112049,5.877599,0.059026793,-0.4491523
-5.373935,-0.6660088,-1.0958774,-1.7225242,-0.594078,-10.166393,-18.035517,-0.89109325,-3.594181,-2.493263,0.59834456,-1.2404215,-3.7606122,14.486866,-5.112656,-0.17291667,-2.275715,0.046224236,0.78853726,-1.7089878,23.101524,-1.0990721,-2.0569139,-12.964547,-2.0239058,-0.5784612,-0.31519043,-0.58056885,-0.67041874,-0.7359787,0.2168516,-0.8849182,-1.9037404,9.790127,1.7515279,-0.26641652,2.9808953,-1.9201057,-0.90125287,5.1445255,-2.0190961,2.4096696,0.43689382,3.2147126,4.07597,0.14399391,-3.8261075
-5.08857,-0.6541928,-1.4563993,0.19917184,-0.018790808,-10.530088,-16.16286,0.51411986,-3.797854,-1.4926215,0.4653064,-1.1781552,-3.9890242,14.528919,-0.9087924,0.057702243,-2.278304,0.02744453,0.06631853,-0.7100485,23.240885,-1.5086414,-0.9503855,-13.336953,-1.0567063,-0.4251338,-0.35555696,-0.12986137,-0.7137711,-0.9745608,0.21334602,-0.7799574,-0.59935355,10.11032,1.7107543,1.2698654,4.253841,-1.4523625,-1.706817,4.956792,-2.9268055,2.6307845,0.26820952,3.5164132,5.6245537,0.32402626,-2.651337
-3.3824587,-0.867966,-1.8024092,-2.2109323,-0.63483787,-9.834373,-25.785028,-1.2892171,-8.885796,-0.37888032,0.6225156,-1.1268502,-3.3545284,19.09692,-5.541039,-0.12246107,-3.0818229,-0.65703726,-0.4466443,-3.3998916,21.297098,-1.5404098,-1.9624287,-13.142657,5.985969,-0.6585826,-0.20690362,-0.58873606,-2.3749473,-0.59961283,-0.07631557,-0.8818831,-1.6492052,9.072025,1.5267498,0.675821,6.7980614,0.12741186,-2.3731053,4.797764,-2.2102249,-0.3932579,0.5692842,2.7063255,5.2298036,0.16503426,0.15699701
-3.844686,-1.2099208,-1.9182285,-1.1625886,-0.2561395,-8.324829,-25.740622,2.4531133,-9.423156,-2.2362616,0.5068228,-0.6348182,-2.6933079,8.0754175,-6.2335205,-0.5260636,-1.4153129,-0.25168592,-0.15535165,-5.5216494,-0.8876557,-0.63977903,-1.976916,-12.103722,9.0828905,-0.6076118,-1.1102779,-0.5354751,-1.999786,-0.49899736,-0.024341764,-0.75808865,-1.2608671,12.545262,1.5189704,1.4492621,12.636045,-1.4261878,-2.8075452,6.6580534,-1.258472,-1.2866693,0.397476,4.190938,5.2755265,0.043039575,13.462423
-4.7331767,-1.1245332,-1.0694994,0.93977606,-0.6240066,-10.391636,-14.031819,5.5870495,-7.958625,2.6569192,0.28112236,-0.56741893,-2.9908977,15.427821,-2.3913624,-0.56943226,-2.5780442,-0.050891835,-0.06879102,-3.1140487,1.3412645,2.617611,-1.0030563,-12.312191,19.997025,-0.973159,0.9284257,-0.58117676,-2.0916219,-0.56970346,0.17080255,-0.93610424,-1.1471733,12.695404,3.1276782,4.279386,14.266875,-1.2402368,-2.5275881,4.8910174,-0.06328262,-0.49253377,0.5011764,3.9922235,9.90313,0.15124875,17.039642
-4.1918902,-1.1946231,-1.8652982,0.8292678,-0.42283288,-9.6779995,-27.602255,4.1113443,-10.265352,-2.3939304,0.45506552,-0.9558999,-2.3714468,7.955738,-4.702697,-0.6509935,-0.97424537,-0.09273791,0.70110345,-6.935918,-0.9398092,-0.33349067,-1.5375677,-13.073683,7.871659,-1.1686038,-1.1934344,-0.5543128,-1.7721177,-1.1614088,0.1847463,-1.5327408,-1.7012157,12.405774,-0.013610476,0.530931,13.822462,-1.2451895,-2.954753,6.529031,-0.85946655,-1.3406487,0.17673549,3.6677017,7.928732,-0.034867518,15.159162
-6.2986617,0.027584499,-1.3331139,3.044758,-1.149242,-8.87929,-34.316727,5.182727,-3.458886,-1.3183815,-0.6133625,-2.5817401,-4.1495643,19.038311,-3.8754668,-1.3354005,-2.1670055,0.1463897,-0.21884051,-1.4603198,22.694193,0.05782295,1.6439404,-3.5490763,14.9971485,-0.11775032,0.44199488,-0.14625107,-5.6744056,-0.07371851,0.16691698,-0.5314953,-0.9802988,11.622306,1.5649625,0.024248527,7.0262313,-0.18071203,-1.6784931,4.9891105,0.32886976,-0.69295686,-2.88075,3.5180461,5.2677727,0.3906068,3.4547732
-0.85323274,-0.4625941,-1.8076088,-0.51296455,-0.40558702,-11.605533,-28.807928,3.0464408,-5.8531356,-0.782559,0.6855651,-0.11401523,-5.829805,-2.7880375,-4.4631777,-0.25668982,-1.7636542,-0.22127606,0.06154511,-2.9761531,24.133846,-0.04420946,-1.7012193,-11.678984,6.9293203,-1.2165997,0.20479023,-0.1683447,-2.1283464,-0.3377945,0.39682385,-0.9629098,-2.3880458,8.587607,0.33777344,-0.9786319,3.2027986,-1.4970044,0.86863387,9.1045475,-0.903419,-0.6158168,0.14379342,4.0753484,5.9406614,-0.20215835,5.2669997
1.194123,-0.29019636,0.14926818,0.34730774,-0.9864002,4.99822,1.5318148,-6.976376,-9.371217,-0.012685585,-1.3935902,0.10876412,3.664629,-16.687214,-1.9652326,0.5404371,0.09688463,0.5955696,-0.039322242,-0.3353167,-4.9024177,0.427094,-0.95581657,-18.783115,4.5537004,0.25789204,-0.33948517,0.07018677,0.30318967,-1.0011536,-0.24068306,0.12457106,2.159193,1.5892339,-0.44396612,-0.38009667,-6.8336425,-0.092331976,-0.81526166,-3.9149806,-0.4078942,-0.82444507,-0.5337291,-3.0424519,-7.796893,-1.1993405,-16.26737
-1.1181118,0.074067295,-1.3390319,0.10764854,-0.7562271,3.4768124,-0.48301074,-7.491223,-6.438828,-0.6489042,-0.5508243,0.0702066,2.881121,-13.160906,-1.8124615,0.018399779,0.15563041,0.5012492,0.07885776,-0.5782581,-2.5209794,0.9731349,-1.5205067,-16.987982,3.5956624,0.19755651,-0.33428738,0.055437703,0.2567585,-0.70950836,-0.10790938,-0.5183749,2.162609,-0.6704078,-0.5132791,-0.28498328,-7.154208,-0.3338962,-1.0416393,-4.1320105,-0.315871,-0.9356539,-1.0157918,-2.3024063,-7.910841,-1.0527005,-14.160959
1.0852246,-0.23749582,-1.0671332,0.38030377,-0.7345743,3.5908203,-2.4057155,-7.655644,-6.4541893,-0.67930883,-0.5478744,0.10191639,2.5458894,-12.779789,-1.923986,0.010771987,0.13925001,0.47913605,0.05880673,-0.44735816,-3.1440752,1.0018564,-1.4788508,-18.553013,3.731622,0.2117379,-0.33046585,-0.09476202,0.2001625,-0.2274892,-0.21048862,-0.5542495,2.0274684,-0.75115913,-0.52683437,-0.17080657,-6.908383,-0.38904202,-0.9036501,-4.210964,-0.2541416,-1.3405635,-0.44587293,-2.3071704,-6.7597103,-0.8388165,-14.934496
1.6216365,-0.25517514,0.206576,3.435292,-1.5394577,5.3214974,2.3426054,-7.906607,-8.690124,0.049924962,-1.2740146,0.29314283,3.5648758,-17.025383,-1.9277294,0.11098773,0.12607406,0.62187743,-0.2687286,-0.35003093,-5.334831,0.24532436,-0.96236134,-19.584179,-0.6676373,0.17629388,0.42478985,-0.116227336,0.28938356,-1.3144168,-0.23021019,0.001924359,1.9853922,1.6105067,-0.3098779,0.047972888,-9.161225,-0.041111693,-1.2029669,-3.959175,-0.04613496,-0.29356825,-0.48003417,-3.1328468,-4.790267,-1.0495095,-14.691643
1.4561257,-0.28462085,0.2360679,3.0625236,-0.79108894,4.99681,1.5813881,-8.227429,-9.225554,0.075436644,-0.5120115,0.11565576,3.540424,-16.12925,-1.9078579,1.2122124,0.11647462,0.5805819,-0.14058088,0.078923665,-5.8916574,0.41225338,-1.084436,-19.7632,-0.8064863,0.20920233,-0.26286638,-0.12601414,0.6034113,-1.2854043,-0.28899416,-0.30029166,2.0004249,1.7131625,-0.48147538,0.091352925,-8.494842,-0.35163295,-0.9284695,-4.0282617,-0.3009539,-0.2196831,-0.5190547,-3.5048685,-3.812481,-1.1234553,-15.345893
1.758603,-0.30792338,0.23948923,1.1496639,-1.4294466,7.462958,0.75892067,-7.273462,-9.223453,0.0015776026,-0.7470797,0.15722187,3.4685009,-16.925251,-1.8465753,0.21298788,0.047115956,0.6212083,-0.030334417,0.41059652,-3.9136689,0.39152348,-0.9879192,-19.045338,-0.79544365,0.17802337,-0.2971081,-0.16208348,0.5495713,-0.5968546,-0.10169448,-0.3701622,1.9965072,1.4067166,0.011695729,0.05667903,-7.6430273,-0.44874442,-0.7960509,-3.7283018,-0.5874069,-0.012064231,-0.41269234,-3.6165168,-4.179374,-0.91829234,-17.669344
2.1179914,-0.29397988,0.36804852,1.1823062,-1.0658661,4.410385,1.6232189,-6.990358,-8.576723,-0.80871946,-0.5200791,-0.04134365,4.072382,-15.066456,-1.7443306,0.1393618,0.07565314,0.5614997,0.17896608,-0.06592856,-4.2951307,0.57005316,-1.2775816,-19.25114,5.247842,0.22942032,-0.30993775,-0.08313201,0.020020807,-1.4585173,-0.19420297,-0.35692915,2.127403,0.8494621,-0.42748013,0.15698272,-7.773017,-0.2715822,-0.9604542,-4.097554,-0.53878874,-1.3227099,-0.4283652,-3.0411909,-8.967884,-1.0791864,-16.861094
-3.5851033,-0.5718932,-0.89107764,0.62035227,-0.48132655,-7.77133,-7.710499,0.6724666,-0.1935911,-0.716583,0.8568496,-1.2848984,-1.3368431,7.687347,-6.4831324,-0.22100152,-1.2206687,-0.04772121,-0.8327069,0.0013583023,23.34888,-0.06716223,-1.3583772,12.847246,-2.4973874,-0.5908851,0.3092319,-0.057984103,-0.20527704,-1.5594962,-0.017866537,-1.174446,-1.3589833,-10.444887,0.5225011,-2.996159,-1.4967462,4.1045303,-1.6109318,2.7322106,-1.8207997,4.120804,0.7083377,2.3324223,6.158338,0.097506985,14.522598
-5.9248595,-0.43448702,0.10368336,-0.8059514,-0.1947004,-13.253497,-7.1703286,1.6575602,2.3679342,-0.90122664,1.3500772,-0.7921405,-1.5360819,8.202156,-5.649118,0.36811966,-1.95303,-0.17574856,-0.7054106,-0.12754503,23.674812,0.6641716,-1.377745,16.930088,-3.0316257,-0.94509727,1.1626765,-0.24894483,-0.15807253,-1.3656815,0.17863703,-0.4837919,-1.2007854,-10.550225,0.62334305,-2.7990246,-4.144629,3.612096,-2.0580213,3.1809132,-0.4743781,4.1972795,2.009586,2.873424,5.1454353,0.04831918,12.432306
-6.1129527,0.03560711,-0.791149,-1.1036072,-0.5911974,-16.226974,-14.08913,2.3610497,2.0661943,-0.9186351,1.3159285,-0.81462324,-3.0691278,12.747562,0.38495615,-0.68953806,-2.3655937,-0.33304715,-0.42143908,-1.0819174,19.763054,-0.6421853,-0.049673993,18.761028,-2.6178617,-0.9756165,0.39669225,-0.21310055,0.18492493,-0.08946471,0.11040775,-0.9285043,-0.7721865,-7.992549,0.3290952,-1.9043065,11.010134,2.7402508,-2.7084498,4.0306797,-2.294567,3.5011327,-2.1068103,1.8085338,6.2394357,-0.16232295,12.860859
-3.5946524,-0.03499924,-0.1655826,1.659132,-0.5366742,-10.455757,-3.3934631,3.213481,0.5537417,-1.9498632,0.8852216,-1.1023161,-0.950663,7.6692157,-6.2657285,0.85046905,-1.0968536,-0.17840306,-1.1339568,0.111096345,24.121819,0.67700696,-4.663254,15.352177,-3.675662,-0.6296944,1.1603768,-0.2190215,0.23620516,-0.35353848,0.40450618,-0.8876108,-1.5004634,-8.41322,0.49211282,-5.029761,-3.666568,4.1343417,-1.8167614,2.9301598,-2.4376075,3.5591114,0.74078274,3.743167,5.9132695,0.05421236,13.98973
1.4094207,-0.17131801,-0.60571104,0.21056637,-1.2814465,3.1433756,0.095120795,-8.421405,-3.3686378,-0.46843216,-0.5372249,-0.055942252,2.322519,-14.48021,-1.7533687,0.46510467,0.20223525,0.40431845,-0.106635906,0.13070284,-4.216506,0.12752783,-1.2677073,-19.47649,-1.8722293,-0.06740428,-0.6794242,-0.05288256,0.33581308,-0.52176595,0.016635172,-1.7303258,-1.476034,-1.938362,-1.4595442,-0.61960185,-6.036049,-0.3934306,-1.0009493,-4.056194,-0.42235264,-1.2489245,-0.27658656,-2.2686589,-5.6867247,-1.6095818,-14.05873
1.4092916,-0.18451871,-0.61595654,0.2183262,-1.2606987,3.1335857,0.08510487,-8.42164,-3.365542,-0.48732892,-0.5497323,-0.050581783,2.3298032,-14.449307,-1.7714877,0.46365866,0.20339863,0.40595868,-0.10503167,0.12678619,-4.243131,0.12299782,-1.2443974,-19.48892,-1.905371,-0.07109108,-0.68091005,-0.03115164,0.32784763,-0.51722586,-0.016481353,-1.4819088,-0.94030845,-1.9526104,-1.5941217,-0.6308605,-6.9143286,-0.39752328,-0.9266014,-4.1871676,-0.4223773,-1.2996358,-0.29804116,-2.267958,-5.7087097,-1.6138105,-14.074144
1.2147382,-0.12203903,0.033882044,0.2718709,-1.3414564,3.8944378,0.803677,-8.342424,-2.2707005,-0.7942234,-0.45404553,-0.06318195,2.409476,-14.328796,-1.6963116,0.4621965,0.0517334,0.4087635,-0.0047773994,-0.042374205,-4.212602,0.119809724,-1.2581135,-19.223263,-1.7315531,-0.17640899,-0.6275944,-0.032387145,0.32418108,-0.52357006,0.0063161105,-1.5046294,-0.9833093,-1.9571218,-1.1938009,-0.6437374,-6.763431,-0.437167,-0.7167219,-3.918369,-0.4068921,-1.2078924,-0.31990495,-3.205424,-5.7167788,-1.62685,-12.911625
1.0178008,-0.097220264,-0.78368396,0.6125288,-1.1304995,4.484488,0.6639605,-6.7523746,-9.379028,-0.95370656,-0.78880143,0.14102362,3.7049615,-16.938726,-1.6031916,1.1411866,0.17500244,0.6048716,-0.1538968,0.042961538,-3.6863675,0.50112593,-1.4740098,-19.088003,5.2325163,0.2937434,-0.20817101,-0.05864145,0.061306417,-0.6851476,-0.07287772,-0.17208678,1.9959514,1.6823025,-0.2669778,0.18683988,-6.9903827,-0.2660064,-0.6738717,-4.0071516,-0.16621524,-0.6339876,-0.34829062,-3.1992364,-8.110997,-1.1470356,-17.185595
1.9912351,-0.22684473,0.2909772,0.6736438,-1.1239852,4.8829536,1.1926179,-6.8894157,-9.692247,-1.0241843,-0.71964496,0.01007438,3.6865358,-16.792994,-1.4422286,1.1654563,0.05588198,0.5494348,-0.12912787,0.051991843,-3.7105732,0.41653022,-1.4250647,-19.352715,5.7297983,0.1890495,-0.15139824,-0.058861475,-0.06941388,-0.68317354,-0.07527071,-0.30090782,1.9141018,1.6245525,-0.26926363,0.0072022155,-7.2179956,-0.3398231,-0.723929,-4.0565424,-0.17853491,-0.51876837,-0.360844,-3.1877532,-9.807398,-1.1337186,-16.785843
0.9923866,-0.37613785,0.26453713,0.39410934,-1.0663615,4.591722,1.9654847,-6.7871356,-9.648486,-0.9139084,-0.71747065,-0.0096413605,3.7179043,-16.711426,-1.6609179,1.0946114,0.124417484,0.60949713,-0.12678,0.055703312,-4.596825,0.40465304,-1.314277,-19.450914,4.838578,0.21907595,-0.18133496,-0.0094438745,0.17730796,-0.8260303,-0.09332356,-0.24473614,1.934431,1.6503391,-0.35646164,-0.005638607,-7.126249,-0.31288424,-0.9305188,-4.008067,-0.16026275,-0.4542474,-0.37168625,-3.1443017,-7.591025,-1.1357436,-16.811272
2.0410798,-0.14053258,0.42154652,2.056486,-1.1158279,5.4051075,3.7079988,-7.087431,-10.373078,-1.0161144,-0.2772812,0.017924748,3.4640899,-17.167011,-1.4546413,1.1582361,0.0910127,0.5977237,-0.11401816,0.15749136,-4.796455,0.39893723,-1.3234466,-19.852774,5.683762,0.22945806,-0.049312107,-0.06648668,0.23903358,-0.730367,0.17798273,-0.35174727,1.9673133,1.6027673,-0.5095524,0.110557035,-8.873063,-0.7230092,-0.75045323,-5.1261673,-0.19580151,-0.34689152,-0.30889824,-3.6628628,-9.574732,-1.0412236,-16.724438
1.3828931,-0.25879306,-0.41166475,0.31823605,-1.3088226,4.2660065,0.6019728,-8.021306,-5.362944,-0.97345704,-0.5563846,0.25939912,1.9701767,-13.34468,-1.8408287,1.035161,0.10454971,0.6001524,-0.16774593,0.4305765,-3.7663617,-0.018821325,-1.6504307,-19.294846,-1.8186336,-0.56592965,-0.6723656,-0.048255187,-0.15066913,-0.009955081,0.3050837,-0.8146363,-1.0515254,-1.9119442,-1.7533164,-0.6596528,-5.56933,-0.3902395,-0.56069195,-3.9012604,-0.50672966,-1.4726691,-0.23459327,-2.8388536,-5.6307907,-1.0396684,-14.721294
1.2384701,-0.13603292,-0.67235,0.5031972,-0.30082694,2.303627,-3.1267853,-7.654012,-3.2323122,-0.39214614,-0.5846536,-0.058075394,1.999124,-13.803686,-1.968336,0.44924653,0.33617714,0.41587555,-0.087273724,0.23992178,-4.04394,0.09650114,-1.588826,-19.753246,-1.5091728,-0.22827512,-0.44950363,-0.027782211,-0.3201443,-0.35604796,0.4989338,-1.1467319,-0.93071663,-1.7195498,-2.20832,-0.7039335,-6.828845,-1.0934231,-0.8062239,-4.412396,-0.45528015,-0.963084,-0.43806675,-2.006611,-4.315621,-1.0076623,-13.988471
1.4096316,-0.18476833,-0.6121044,0.21966046,-1.2607312,3.1245518,0.1158188,-8.421178,-3.321283,-0.58101946,-0.55019087,-0.05047869,2.3278234,-14.529443,-1.7743453,0.46376696,0.20285563,0.4058802,-0.105503775,0.14412828,-4.262224,0.11728272,-1.2749497,-19.498652,-1.888528,-0.07099519,-0.68272656,-0.028128998,0.3268184,-0.5178866,0.0064910315,-1.4819747,-0.94781446,-1.9593147,-1.5975422,-0.6302466,-7.0016155,-0.39715353,-0.65394896,-4.0809474,-0.4386877,-1.2505709,-0.28847012,-2.2679057,-5.69123,-1.6144054,-14.035778
-2.6696796,0.06382623,-0.8967107,-3.4186304,0.7019484,-9.46333,11.9163065,2.6011386,-4.435289,-1.0835062,0.54131913,-0.1120058,5.365869,26.725536,-6.3867173,-1.1142942,-1.0109123,-0.20418562,-1.0621477,-0.4225267,17.575775,-0.13658755,2.2211869,29.886839,-3.2103002,-0.23246051,1.9769938,0.014057623,-0.3848186,-1.5139859,-0.14918809,-0.6485976,3.326695,-5.2702417,1.3132061,-0.8302739,13.278073,0.41631457,-1.1912766,4.5112643,-1.4082105,-1.5676512,0.564233,1.6896272,9.815805,0.44341937,19.182684
-1.02165,-0.32021797,-1.3497553,-1.5382129,0.16458958,3.7071989,10.355129,0.9047403,-5.7617865,-1.7526067,0.81306225,0.44241035,3.4103758,22.60422,-5.4764743,0.39114544,-1.576223,0.030360525,-0.8324416,-0.12693647,21.573286,-0.2876511,-4.43756,31.582855,-2.6363373,0.079969004,0.8461181,-0.0044594477,-0.3988277,-1.6021543,-0.15096153,-0.6462757,4.359881,-3.2703838,1.89642,-4.813764,13.67415,0.43545324,-2.6632397,4.277673,-2.867947,-1.6118741,0.51020145,2.715684,9.267396,0.5817501,19.43417
1.7806301,0.053505745,-1.4507177,-0.7673069,0.8327421,-8.048685,10.784981,3.0511413,-6.0376406,2.4586139,0.82743007,0.19474237,3.8460321,23.41304,-7.168305,0.53192997,-0.9989435,0.16382883,-0.5826321,-0.68197894,21.632244,-0.3983141,-1.7291734,27.161766,-1.7864019,-0.0060027693,2.774841,-0.002545295,-0.35105574,-1.1992135,-0.41640696,-1.7783875,4.849967,-4.8869696,1.4294051,-1.4758717,14.135522,0.22372559,-2.6048896,3.819406,-2.9279659,-0.579851,-0.01107685,1.299545,9.9896965,0.2532126,17.38352
1.8099359,-0.3386474,-2.5293605,-1.3653203,0.042586643,11.015028,14.333342,2.6674557,-8.086885,3.0299013,1.0857668,0.11724698,2.9704587,21.948729,-4.630936,1.7055703,-0.7954388,0.8799734,-1.4621155,1.6217942,24.66526,-0.15918256,-2.093423,25.553446,-2.4960036,-0.33611184,0.48317787,-0.21451548,2.1032495,-0.9086175,-1.124779,-0.42527676,4.4847183,-4.428754,1.4683856,-2.13459,-0.64168966,-1.5687706,-2.8681884,5.518,-2.462281,-0.27561498,-0.17550994,4.5373983,4.764918,-0.1039858,14.596416
2.653712,-0.0101311,-1.7435863,-1.6092541,0.1565881,8.477896,16.924833,2.3291411,-6.0401087,3.0542438,1.1547233,0.49236983,2.6190965,17.324778,-4.431019,0.07280162,-0.81325245,0.49479014,-1.4083383,2.9764755,25.95475,-0.34026757,-2.4306476,28.890625,-1.4094112,-0.32599196,1.2291539,-0.26991582,2.5831723,-0.7400386,-0.46260583,-0.8629855,5.752496,-8.118509,1.3992386,0.5586722,-2.9888775,-1.4006246,-3.1252782,5.9917355,-1.195425,-1.2127386,-0.13828446,2.3827538,5.0418997,0.085789576,12.116143
1.0102539,0.0060352613,-2.0216956,-1.2235096,0.12122219,11.609862,17.252155,0.32421285,-4.391014,2.528237,1.0602239,0.54166925,2.0813458,14.7545185,-4.9643435,0.4470143,-0.4400382,1.4888443,-0.8180613,-1.2463351,25.505045,1.2346648,-2.091093,24.290377,-1.8732617,-0.59694684,1.2791498,-0.2318193,3.2305365,-0.6998005,-0.74932384,-1.3094585,5.580189,-5.3501053,2.8333907,-2.794255,-2.740784,-0.36433178,1.2405244,7.1960354,-2.064528,-1.1235347,-0.336896,2.4402268,4.715894,-0.2257882,14.643681
2.5057755,-0.09933048,1.4415125,6.613755,-0.034991134,10.329043,26.108276,-3.5919976,6.4780736,1.4829346,3.815338,0.7062543,8.813448,-5.9307766,7.3911905,0.42712125,0.10527553,0.37058988,0.33068785,-0.9726112,80.34154,1.2739555,0.3344372,-0.5013324,22.414248,-0.10224235,0.6472835,0.17697218,1.4728078,-0.4861113,0.5805744,5.708783,-0.5135309,23.03779,2.3928065,1.4070573,-0.6466709,0.24902828,3.728777,28.649437,0.21970163,4.14394,1.5399156,-0.46994516,-5.752804,-0.23134598,-4.0390735
2.5280643,-0.09721531,1.5153799,6.6525607,-0.50732553,10.589253,24.103842,-3.6347494,6.44218,1.5063398,2.8062358,0.7162619,8.824336,-5.9337854,7.392332,1.5033846,0.11132279,0.29907385,0.3167612,-0.9868926,80.50822,1.5675793,0.33589834,-1.4664835,21.888493,-0.080956,0.6347581,0.1976072,1.4686866,-0.43419102,0.6030488,5.754398,-0.49499318,22.977262,2.4054172,1.4715495,-1.5388088,-0.6910288,2.913474,28.502756,0.22990815,4.179257,1.5082037,-0.23605016,-5.8333263,-0.23232578,-3.8844624
2.531104,-0.129058,1.3524135,7.7345405,-0.20630944,5.2759295,26.1699,-3.8854785,1.7826564,0.37552878,2.3024266,1.0541433,7.6987143,-6.4737473,6.825374,0.4344247,0.15538603,0.31071886,0.05691409,-0.64511114,79.0219,1.249464,0.10943353,-4.559035,11.856286,-0.2988119,1.2058836,0.20617794,-2.8184423,-0.33639002,-0.08564354,5.10088,-0.507868,21.880249,1.2050949,1.4526938,-2.1612375,-0.8005852,3.7721205,29.83337,0.18906331,3.8129666,-0.39037803,-3.2519736,-6.1819234,-0.22764939,-6.505238
-1.623064,-0.25312218,-1.4943378,-0.3402082,-0.47952083,-1.8200934,-4.940141,-6.1629615,0.63314044,-0.7893885,1.7237422,0.6183148,1.4525334,-11.38008,-0.9204212,0.2952418,0.11803842,0.18510549,0.41903597,-0.5167571,2.6624677,0.2758322,0.9078279,-15.509698,-1.3250779,-0.21146679,0.0101169525,0.007188862,-0.42281914,-0.34111413,0.21027984,-0.0621617,-1.3274146,-2.8366113,1.601126,-0.4888949,-5.0698285,-1.1223042,-0.37311924,8.480732,-0.44918096,-0.6776874,0.060833037,-0.15584894,0.3029458,-0.011277063,-1.2553289
0.26882425,-0.21377912,-1.4560256,0.07839003,-0.6840516,-5.0423617,1.0643411,-9.651171,0.63280046,-0.501321,0.51974857,0.54556763,0.42841566,-11.067563,-5.0272326,0.23734094,-0.03525187,0.085667536,0.9736377,-0.96867985,2.464803,0.33581442,0.26823252,-13.075202,-3.2165744,-0.83236676,0.0792279,-0.2941708,-0.0018456219,-0.5389762,0.2405178,-0.26105982,-2.428291,-2.8834665,1.3116645,3.004379,-7.2928977,-2.5387015,-0.5018946,7.7935514,-0.331762,0.11387846,0.058210645,2.6484659,6.744665,0.22030732,10.791272
-3.132935,-0.6399206,-1.6018137,-0.64872307,-0.6338107,-4.3414593,-2.9801548,-8.030453,-0.28347847,-0.79531527,0.7367856,0.5898121,0.43890926,-11.247166,-4.8941765,0.2947592,0.041216373,0.1439575,0.5191195,-0.9635589,2.8691025,0.008233103,-0.1750467,-13.763771,-3.2204204,-0.7369015,0.116835155,0.35332963,-0.34909967,-0.1870602,0.49567136,0.28665406,-1.4844296,-2.143465,1.3513438,-0.913355,-3.9344666,-2.225478,-0.93187857,7.237968,-0.31991574,-1.6457603,0.0237465,-0.97461116,6.373827,-0.022874117,6.713461
-6.1248765,-0.14130378,-1.9099973,-1.9935689,0.34452978,-5.281627,-7.861688,-10.061395,-1.074967,-2.3513453,0.42443568,0.68661606,-1.2457448,-6.077555,-8.625013,0.6031553,-0.39088124,0.08480308,0.5502116,-0.23316444,27.36801,0.18141416,-1.9467027,-16.24982,-4.0599213,-0.5345033,-0.038535554,-0.012386139,-0.6924534,0.13699287,0.29040754,2.9719944,-1.5880468,-3.7786367,3.688909,-1.2200222,9.966754,0.6366331,-2.7591867,7.407971,-0.41659287,-0.8613923,0.11372288,-2.5277169,-0.8532756,0.33263785,-3.6418116
1.5642657,-0.27467898,1.6789604,-0.01549709,-0.82067657,3.6430707,-1.5288734,-4.6463223,-6.8024864,0.72127455,-0.37851498,0.4388941,3.3737335,-11.032657,-1.5999886,1.105984,0.14473392,1.0604419,-0.08150216,0.40231648,2.1367114,-0.54235977,0.29783106,-15.938294,-0.76383984,0.38326403,1.229457,-0.067717165,0.020172695,-0.51002145,-0.117508404,-1.2907529,-0.902286,-0.4135454,-0.8248886,-0.24633692,-1.3986568,-0.32391614,-0.6002037,-2.291809,6.096984,-1.3418205,-0.2641071,-2.2288911,-2.652503,-0.8128588,-10.492373
1.5642657,-0.27256736,1.6787106,-0.015458992,-0.82067657,3.6430848,-1.5288734,-4.6461043,-6.801765,0.72127455,-0.37857974,0.44263214,3.3694878,-11.0339155,-1.6002367,1.1063864,0.14473392,1.0602677,-0.08150216,0.4024758,2.1367114,-0.54235977,0.299718,-15.938294,-0.76383984,0.3833398,1.2293547,-0.06968231,0.020172695,-0.5086804,-0.12405044,-1.2907529,-0.902286,-0.41354293,-0.8232706,-0.24655733,-1.3986759,-0.32375896,-0.60146356,-2.2919114,6.096984,-1.3415945,-0.26823962,-2.2288911,-2.6532207,-0.81395113,-10.492373
2.0099037,0.0031686926,0.99279946,-0.036831077,-0.41342917,1.551914,-4.188824,-5.964129,-6.2467146,1.52524,-0.61433995,0.51390064,4.9987426,-4.4643598,-1.0578192,1.9210691,0.24232991,0.31056106,-0.41436565,-0.27843666,1.4677199,-0.08323278,0.08736172,-14.696629,0.67377335,0.49575186,-0.6132839,-0.080629736,0.41655633,-0.010264901,0.67901206,-0.9056522,-0.37124953,-2.9936159,-1.3091328,-0.28271273,-0.36979118,0.52964777,-0.6980671,-1.6013,0.42880812,-1.1437415,0.077414244,-2.2421486,-4.2029815,-0.9247757,-9.939813
1.7030859,-0.2874031,2.1105583,0.17358929,-0.8604163,3.6112797,-1.1541318,-4.9402137,-6.761917,0.8122833,-0.3528303,0.45406964,3.4991555,-10.967431,-1.535763,1.1496154,0.17831852,1.1074655,0.06498929,0.48492882,2.0819278,-0.43844095,-1.7491485,-15.980138,-0.7301297,0.35390255,1.2638336,-0.21383597,0.031257994,-0.4664097,-0.16451147,-1.3421164,-0.9027379,-0.5739684,-0.9162211,-0.250209,-1.2610718,-0.23125917,-0.6270507,-2.5173051,5.817207,-1.3346937,-0.4172645,-2.1695693,-2.867016,-0.79645014,-11.55736
1.5642657,-0.27256736,1.6787106,-0.015458992,-0.82067657,3.6430848,-1.5288734,-4.6461043,-6.801765,0.72127455,-0.37857974,0.44263214,3.3694878,-11.0339155,-1.6002367,1.1063864,0.14473392,1.0602677,-0.08150216,0.4024758,2.1367114,-0.54235977,0.299718,-15.938294,-0.76383984,0.3833398,1.2293547,-0.06968231,0.020172695,-0.5086804,-0.12405044,-1.2907529,-0.902286,-0.41354293,-0.8232706,-0.24655733,-1.3986759,-0.32375896,-0.60146356,-2.2919114,6.096984,-1.3415945,-0.26823962,-2.2288911,-2.6532207,-0.81395113,-10.492373
2.9463408,0.16126522,7.3217974,1.9072101,1.7780563,5.3703604,1.4634737,81.7864,40.879616,1.3994471,0.9190029,-0.3446341,6.613174,46.51091,15.329645,8.507608,0.46462354,-0.2289812,-0.28171045,8.987665,21.57715,0.154556,-0.15123154,60.24259,22.201733,4.1386957,5.377093,-0.2104274,-0.15291633,0.5991697,0.61379665,3.2736814,-1.0090531,-6.8667235,9.42787,-1.6321709,39.586937,-0.4328268,-0.51196986,28.31178,-1.4154525,8.263673,0.03958005,15.220834,22.162037,1.9829886,30.3844
4.4705577,0.71911097,7.272772,1.8865607,6.4385676,-2.9576435,-1.9957349,87.356476,56.414696,2.0452523,1.4191911,-0.4245091,6.938192,41.47943,27.862629,6.5138593,0.64668655,0.10196846,-0.5090762,8.769187,19.51071,0.51533705,0.3716423,77.113,35.46079,4.1383014,4.2485337,-0.06458079,1.8443283,0.9431067,0.6811188,5.6204276,-0.0125447195,-4.564534,14.3431635,-1.4005442,37.533825,0.092854306,11.858424,36.517014,-0.70592874,9.225942,0.5116973,16.388006,21.049992,2.0649116,25.164202
6.2247624,5.564039,8.413174,2.3370478,1.3480328,-3.7940285,-0.91314054,87.18333,56.06447,2.2347512,2.086022,0.2881776,3.1988978,42.624947,18.466717,7.856075,1.1521578,0.13135125,-0.7638675,7.904319,20.73179,0.820083,-0.6814785,70.88385,26.577152,7.847699,3.0139806,0.17172563,2.0127528,6.2536073,0.704484,3.1641355,0.4500811,3.2650943,23.892986,1.6087269,37.718807,-0.13493997,28.178587,40.25443,-0.8541659,9.40068,-5.166949,19.868921,24.927738,2.0846026,30.994074
4.7219987,1.8219614,9.148274,3.161768,3.5110812,7.879149,1.0384185,83.925865,59.543304,3.1850457,1.5278441,0.16731629,1.0304296,50.90434,22.002155,29.81834,-0.8133759,0.4130623,-0.11135421,14.300163,28.469667,5.0203624,-0.3135826,75.52052,25.340422,8.233272,2.6260073,0.3345214,1.865056,2.2994225,0.67669344,4.6705923,0.043441687,6.0680914,27.31408,5.967127,38.559986,1.8452383,45.386288,41.570744,-1.410434,14.465851,5.546681,15.667221,23.704597,2.50931,37.56282
4.670508,1.4799181,9.511541,-2.1508038,3.4973788,6.6336584,-0.985897,67.470085,55.186554,3.4442503,3.0083299,0.05913215,1.2245078,44.281067,12.080152,25.772964,-1.6839902,5.3712864,0.67403585,1.1614618,20.263727,5.2555766,-0.60828876,68.113014,17.05616,3.487637,2.4960227,0.34352344,1.1286222,3.0697134,0.71649677,4.333143,-1.1271595,5.135294,19.721489,2.9043705,25.934937,1.8264441,40.69607,25.052135,-1.5857579,10.01222,5.4275312,0.856513,23.61978,-4.637106,30.224989
3.1521401,1.5828438,3.163062,1.5956678,1.5185841,-1.5352902,-0.36624646,86.67714,51.48232,3.0107334,1.0557815,0.2987716,1.9906749,44.43195,18.145042,6.398101,-2.057823,0.65081596,-0.07437383,7.6500506,21.438793,6.364766,-1.9776024,67.868996,23.538868,4.0712786,2.0824673,0.5367505,1.176731,7.7341847,0.74417615,3.1124287,-0.9285651,2.1693525,26.242899,-1.2531275,35.28415,2.0957305,33.19967,37.46872,-0.30748263,7.537331,-0.7242309,16.113214,22.78876,2.4291635,34.066975
3.3949728,1.5242295,7.131342,2.151136,2.0602782,-0.8241019,-0.74765176,76.21553,57.092476,3.441147,0.79178303,0.5506437,2.3639967,49.2819,16.657248,5.8939457,1.7826799,0.6338708,-0.17927559,5.2687864,19.525963,7.3353753,-2.5768607,65.50454,10.981278,4.0226974,0.77866036,0.083927214,1.1215634,4.2796426,-0.08616657,3.1090412,-0.9112078,3.0397713,23.370346,0.14416121,36.196144,2.0747814,35.56079,39.03744,0.015544722,8.057027,6.3532834,15.480119,23.418177,2.4278488,33.902122
5.865245,1.5883323,9.192175,1.7869627,3.7032034,-3.088816,-1.0197127,81.68062,74.02793,3.0104094,2.0864391,0.49021953,1.5401293,60.62248,38.929382,9.176796,3.2357562,0.14281023,-0.091627724,6.499554,21.042917,18.428164,1.0065287,76.13744,14.401374,7.1173263,4.110215,0.61551017,1.7184633,8.096999,-0.62494963,3.220431,0.14315288,1.5428799,24.444504,-1.3430424,38.186306,1.7685419,34.710735,70.311485,-1.9462683,9.835915,6.669377,16.068281,24.69513,2.4693155,34.5794
0.74502337,2.161492,2.4316714,-1.4133737,0.5474025,-6.1878195,-7.696423,67.93405,29.52855,3.1338606,2.992415,0.37617806,3.8313203,46.898094,9.917219,-5.259488,-2.5108297,9.368626,0.5702879,6.6670384,19.35183,6.4248776,2.3851006,58.997803,-11.477138,-1.0923008,1.5392048,0.16592038,1.1224743,7.6511226,-0.5910025,1.7803721,-1.0539197,1.6508152,23.365242,0.82884604,21.28219,-0.1096485,28.169775,22.9893,-1.608672,9.743079,-0.8892376,8.8335285,17.179758,-0.4308707,26.92726
3.3172324,6.11121,7.5037537,1.6016848,5.938726,-5.1797166,-2.130475,92.66237,63.886745,5.1694827,1.0153669,-0.86434096,4.690164,62.251892,35.319695,7.96602,2.5504622,-0.21465854,-0.23461209,9.52257,18.318882,3.0172167,5.7713203,77.87835,34.628117,8.385531,5.3256383,0.2891144,1.1997199,11.300751,1.4960179,8.300842,0.0931113,-3.6921177,17.675997,1.2882185,38.64948,1.7410842,31.636362,69.35583,-1.871804,7.754273,1.1767075,17.577328,24.002672,2.4227376,32.35699
1.4565468,-0.3851794,0.048847727,0.054012217,-1.5471737,4.186013,0.3140812,-7.789672,-9.151387,0.07611866,-0.74988365,0.13121554,0.5857141,-13.691396,-1.8752692,0.46179762,-1.4661765,0.5746108,0.1554551,1.3851602,-4.1435084,-0.99358094,-1.1105084,-17.599667,-1.2333344,0.20526494,0.2601508,-0.10755179,-0.2722924,-0.9874569,-0.30988973,-0.4594497,2.0941186,-0.68944377,-0.14273551,-0.36008123,-7.372137,-0.4133101,-0.9717553,-4.5555778,-0.54216623,-0.8799536,-0.8423907,-3.9110255,-5.6800246,-1.1825538,-15.207535
1.4077269,-0.3211174,-0.39720732,0.21345346,-1.4973679,4.2581677,-0.2580407,-9.265577,-8.063016,-0.079698294,-0.45409995,0.20136762,1.92339,-13.557167,-1.6994587,1.2777663,0.016556336,0.5855882,-0.15457237,2.048844,-4.042847,-0.7234262,-1.2927984,-19.122147,-1.2934808,-0.3746014,0.18728605,-0.04330932,0.42837042,-0.90121603,-0.27984908,-1.0277281,1.7443327,-0.67752326,-0.8037931,-0.2301186,-7.3388004,-0.43495473,-0.8119144,-4.352324,-0.13433558,-0.84040606,-0.7252474,-3.0591428,-4.778566,-1.0638852,-14.566607
1.7873122,-0.27236572,0.011450071,0.22294758,-1.57203,4.721234,0.3527455,-8.140681,-9.29926,0.20677598,-0.60413843,0.158777,2.0774536,-14.55384,-1.6871862,0.45326468,-0.69323784,0.46939814,-0.212202,1.3927615,-4.2071633,-0.89426863,-1.0523602,-19.255533,-1.9366702,0.17750563,0.34950417,-0.12564655,-0.099913076,-0.8321311,-0.33577457,-0.35186574,2.0413501,-0.7938552,0.050952964,-0.525906,-7.551204,-0.51395535,-1.1669434,-4.9584446,0.5770921,-0.8255485,-0.8074504,-3.685694,-5.326853,-1.1164122,-16.448078
1.2629714,-0.21259753,-0.56668407,-0.124712154,-1.3327097,3.7876418,0.16483982,-7.028852,-6.9908776,-0.81358594,-0.7911084,0.09256031,2.3233736,-14.729499,-1.8243701,0.99655265,0.0399658,0.27201915,-0.14698733,0.3970949,-4.416363,0.15726551,-1.4754543,-19.100359,-2.03235,-0.28797576,-0.42259502,-0.011325693,-0.13640194,-0.5127887,-0.5179384,-0.9003268,1.4534969,-2.317362,-0.771179,-0.26106873,-7.333988,-0.47542927,-1.0910838,-3.0110765,-0.42937574,-1.368772,-0.57552725,-2.4377778,-5.473678,-1.1725525,-14.281325
1.5040051,-0.28608286,-0.06127239,0.13029051,-1.5785226,4.596773,0.2133146,-8.288226,-9.781995,-0.027530782,-0.59151345,0.07433125,1.8094342,-14.284176,-1.7111942,0.4246937,-0.06438503,0.62050354,-0.18080978,1.2609999,-3.7876081,-1.3207843,-1.1412915,-19.2751,-0.904934,-0.50572157,-0.4085227,-0.116641164,0.34471056,-0.891615,-0.29747277,-0.84663737,2.0347946,-0.6121658,-0.39997843,-0.522981,-7.3805685,-0.5198676,-1.249005,-4.7919006,-0.26937863,-0.9802965,-0.612391,-3.083093,-3.7960172,-1.1225727,-15.921812
1.7664074,-0.3034101,-0.27687493,0.20289314,-1.5918896,4.4144673,-0.10199547,-7.611575,-8.402442,-0.28419778,-0.6485288,0.16398984,1.9248629,-14.396067,-2.0263088,0.49299067,0.03309664,0.60134405,-0.54597765,0.42855904,-4.40892,-1.1164254,-0.9449534,-19.918962,-0.84339595,-0.6513452,0.3036833,-0.1282084,0.40616155,-0.6271514,-0.09622597,-0.5145124,1.357266,-0.8664589,-0.41993347,-0.0369913,-7.5684233,-0.3637698,-0.8769501,-4.5340242,-0.2392386,-1.0396435,-0.6208139,-2.8900654,-4.7733674,-1.1386926,-16.0131
2.2079208,-0.37081048,0.017295308,0.14010407,-1.2316337,4.784884,-0.47405323,-5.9563236,-8.909758,-0.95351297,-0.6422482,0.051096056,2.0790331,-12.843007,-1.3204318,0.49319443,-1.5623893,0.47030163,-0.10228069,0.6314777,-4.822864,-1.0512619,-1.0831437,-19.688288,1.4352756,-0.37720773,0.48623416,-0.023986872,0.10626313,-0.8815147,-0.22880745,-0.6582157,1.5796638,-1.1189771,0.0750537,-0.15882623,-7.3350425,-0.38345024,-2.2967906,-4.8520536,-0.0679327,-0.79503155,-0.625746,-2.499353,-8.489745,-1.0731949,-16.145603
1.8982899,-0.17667337,0.7198157,0.49490738,-1.516945,5.3410707,0.4326511,-7.9055576,-9.109554,0.6010191,-0.6484394,0.18080947,0.85185844,-11.347165,-1.3901511,-0.23061036,-0.15135427,0.8333951,0.24523519,1.5416602,-4.9097967,-1.249553,-0.17436849,-18.82802,-1.1698589,0.17295763,1.8631355,-0.031429496,0.5420346,-1.468815,-0.18078695,-1.0346323,-0.6749113,-0.9019291,-0.574691,-0.07323865,-6.676947,-0.07801403,-0.9013875,-2.7598376,2.9631116,-1.3385582,0.0656633,-2.8333259,-5.3172164,-1.074736,-15.818982
2.3515337,-0.23924716,-0.07033579,0.35854086,-1.5678816,6.890915,1.2153361,-7.4203706,-5.7403593,0.016138362,-0.77995247,0.15222877,2.3120732,-13.313982,-1.9973484,1.2916738,0.042344406,0.33897585,-0.111606345,1.5026906,-6.3476443,-1.2663038,-1.0130364,-17.367424,-1.6960155,-0.5816472,0.6076312,0.26983085,-0.13764493,-0.8428437,-0.45458952,-0.9439195,1.9547977,-0.8512737,-0.70865506,-0.48752704,-7.2462573,-0.009206343,-1.5896584,-5.4310946,5.3078485,-1.5990307,-0.49050292,-2.906683,-6.6621504,-0.9047137,-13.782461
1.7069846,-0.11253815,0.23881955,0.19597729,-1.2486516,7.4689655,0.1511619,-5.5681295,-6.6348667,-1.3127998,-1.1084075,-0.19853203,1.457969,-11.740826,-1.6703286,0.46341714,-1.6273241,0.9143941,-0.1632598,1.6541085,-5.3319087,-1.0370898,-0.61405325,-17.223124,-4.2797747,0.17166431,0.3545547,0.15387276,0.33135843,-1.4277811,-0.39540178,-0.7929534,1.8013026,0.14444236,0.029300572,0.2511823,-6.922219,-0.3099166,-1.729361,-5.0730696,7.5502515,-0.9196182,-0.7673966,-2.696054,-4.9949193,-0.8424993,-13.157033
-2.7800682,0.089001656,2.009725,-0.1074302,-0.19738741,-10.71234,-18.651484,3.5610518,0.2144579,-0.34508708,0.50493026,-1.0796521,1.9516921,30.684702,5.366283,0.7116835,1.3943108,-0.49782255,-0.33034542,-0.8745463,20.149912,-0.7290873,-0.7281549,33.031834,-2.0259259,-0.12203834,0.084671766,0.12956968,0.016114945,0.34794593,0.32995635,0.1813439,-1.0650449,-7.965963,0.44486102,-1.9617423,14.567641,0.70174176,1.0808339,2.2316756,-3.8947003,2.6868868,-1.031079,1.2474862,7.1778135,0.018186014,14.387675
4.4404564,-1.1854008,0.17115843,0.6958833,0.37122014,-5.24533,-14.657765,0.19062714,-0.5463272,-1.4019897,0.9803687,-1.9610939,-2.0725489,28.814629,6.683559,1.7360501,1.303909,-1.2495878,-0.73116976,-0.18976088,17.03107,-3.3761222,-3.4711087,35.080738,-3.1437252,-0.59261334,-0.54309624,-0.09617828,-0.2422796,-1.3023319,0.19851257,-1.4519604,-2.2841468,-8.561353,1.907463,-1.5090197,15.02665,0.8571786,8.380268,2.5887227,-2.1702769,-4.9317946,-1.0590681,1.330563,7.0230064,0.06801691,19.503683
-2.9405894,-0.011881471,0.753185,-0.6873046,-0.8606312,-9.02665,-18.778164,4.0048413,0.80144066,-0.12514973,0.15665609,-1.0739279,1.30868,28.404991,5.961514,0.8618095,1.5572886,-0.8328856,-0.06208802,-0.718597,20.162792,-0.97295654,-0.97213316,32.809864,0.29996744,-0.4638684,0.05799583,0.08388629,-0.31447062,-1.3359369,0.22481823,0.11913829,-1.437559,-7.2814193,-0.046290774,-2.5247703,14.268162,0.8506148,0.37558824,7.7816286,-4.0407634,3.43235,-1.8053979,0.927198,8.413393,-0.06923372,14.141562
-2.917011,-0.15435192,0.6681816,-0.29294926,-0.119553074,-14.297969,-15.0087185,8.366592,1.4103369,-0.60142934,-0.39427212,-1.7761079,-2.922219,25.883358,4.714798,-0.5489939,0.25586623,-0.6833269,0.056945004,-0.25542766,18.99173,-0.58784807,-3.7001634,31.38304,0.40189475,-0.33014208,-0.37023675,0.086349666,-0.013333111,-1.0118692,0.07020618,0.13743398,-2.243749,-7.1360517,0.15009895,-2.6509416,9.168097,0.47717333,0.53077,7.009713,-2.2314785,5.5672083,-1.1287133,1.2838029,8.509666,-0.05476356,14.281422
-4.392981,-0.58887196,1.5062957,-0.2510185,0.026605008,-12.920289,-13.585058,8.58249,37.182667,0.11633112,0.8191234,-1.337452,-1.304151,35.517693,3.4360785,-0.38125682,0.372782,-0.9776107,-0.37715653,-0.27442506,19.362156,-3.7290847,-1.4822968,35.227108,1.1961939,-0.5123923,-0.024441129,-0.18857454,-0.21543728,-0.59733015,0.024386352,2.000944,-1.1985017,-6.7525268,0.54533577,-2.2050037,13.745757,0.3571074,10.09492,6.312084,-4.865472,4.860191,-0.33417886,1.3704246,5.7158995,-0.45302886,16.87912
-1.0018064,-0.39180455,-3.1570904,-0.6240853,-0.4094639,2.926007,-2.500418,-7.500289,-7.078511,-0.21173279,-0.76925427,0.7708059,1.1514359,-13.87626,-1.9309884,0.440461,0.45855364,0.60284173,0.22586599,-0.038332947,-0.19240524,0.089467056,-1.6654273,-15.039857,-1.2633468,0.38747293,-0.3129509,-0.13461083,-0.37042055,-0.3928661,0.064971864,-1.182127,-1.7061486,-5.640005,0.36698163,-0.4052992,-3.3351223,-1.2033787,-0.9973296,-2.000637,-0.2350722,-0.9668559,-0.96814346,-2.86019,-4.334857,-0.4638873,-13.076924
-0.9999962,-0.20865023,-3.1716824,-0.12508205,-1.3175706,3.6161368,-0.05468265,-7.46604,-7.159668,0.4097763,-0.38045746,0.80675477,1.8584926,-15.579943,-1.672902,1.3614244,0.6306482,0.5204635,0.05264418,0.13599268,-0.21722746,-0.5579259,-1.7256417,-14.745119,-1.5578762,1.033066,-0.40780538,-0.122252464,-0.43380037,-0.3171586,0.27162093,-1.1440948,-1.4862955,-5.6719637,0.33924094,-0.11501869,-2.6732137,-1.1577917,-0.7672914,-1.6746495,-0.32008278,-0.9267675,-0.6052818,-2.9866447,-5.280357,-1.7544465,-14.815185
0.5764953,-0.027889803,-0.8252522,0.5080946,-1.3482693,3.2726924,0.077695966,-7.198364,-7.475156,0.7509319,-0.40906247,0.5198033,2.8815289,-15.9618,-1.532781,0.961829,0.44228712,0.5850071,0.010756743,0.44030416,-2.7211015,-0.9616968,-1.5512174,-19.209282,-1.1189636,0.28864485,-0.6960589,-0.07632364,-0.06532473,-0.23260048,0.21719614,-1.754123,-1.52404,-4.302423,-0.90092486,0.07376087,-4.3443937,-0.7478466,-1.4970552,-3.2220905,-0.12462897,-1.0577724,-0.07581758,-2.1426806,-5.324026,-1.0346808,-13.229101
-0.57607055,-0.08190872,-0.2892761,-0.12796044,-1.4501456,3.6612766,-0.32275376,-7.3099937,-7.8243127,0.75723135,-0.78319764,0.44094577,2.5187507,-16.711653,-1.5174704,0.6942027,0.26343766,0.26557177,0.1600411,1.1409802,-2.4260285,-0.73509514,0.2527684,-17.812452,-0.7193042,0.24574384,0.088834904,0.028047038,-0.05480193,-0.60245615,0.21412715,-1.8598592,-1.1300066,-3.7657833,-1.3309855,0.025127184,-3.1171746,-0.7948864,-1.8699961,-1.83769,0.62610656,-1.1118656,0.09884877,-2.0038161,-5.285773,-1.1008159,-13.365999
0.87422943,-0.18605553,-0.5753439,0.092130944,-1.435306,2.8263836,0.6590948,-8.629745,-8.52471,0.67092943,-0.6666026,0.47201735,3.6135921,-16.328844,-1.5602471,0.693465,0.11598393,0.41066068,0.030608019,1.2909102,-4.021355,-1.1801888,-0.9597608,-18.92012,-1.2567585,0.08065468,0.2899708,-0.092739075,-0.2149146,-0.3373456,0.14664029,-1.5625678,-1.6112108,-4.2981,-1.1182231,0.41772798,-5.5784407,-0.3258896,-1.8740497,-0.50638074,3.1845293,-1.5549616,-0.15705903,-2.046805,-5.7139134,-1.2246646,-14.07006
1.0694411,-0.7360006,-0.25865468,0.3048118,-1.543904,5.202948,-0.52740484,-7.663469,-7.602765,0.6348649,-0.3238678,-0.112624265,3.049974,-15.061199,-1.2786403,0.96495163,0.4066206,0.5715762,0.111129686,0.4930633,-3.4126673,-1.2596189,-1.564217,-19.539726,-0.9532996,0.0034378339,-0.59415674,-0.1691873,-0.41702023,-0.17553739,0.103839315,-1.8398887,-0.913355,-3.8632345,-0.17990676,-0.16045433,-3.66822,-0.3418144,-1.6046956,-3.4226665,0.3370857,-0.84852684,-0.069022425,-1.8670427,-5.2890396,-0.8860935,-15.560672
1.1944126,-0.29950362,-0.069289975,0.21949074,-1.5449585,5.4905,0.41203648,-6.613246,-9.480854,0.21611407,-0.6373613,0.26826268,0.282201,-13.77427,-1.8134613,0.73002505,0.05842952,0.3011829,0.26629364,1.4724252,-5.8753796,-1.0427982,-0.6532208,-18.858154,-1.1179982,0.09442999,0.43214306,-0.02827677,-0.13781153,-0.9042546,-0.3140928,-0.274674,-1.1367122,-1.6278797,-1.2301494,-0.41356066,-4.7870865,-0.05034859,-2.379018,-4.325066,2.6364298,-0.7693896,-0.045860782,-2.8524926,-4.924566,-1.1100737,-15.670421
1.8704876,-0.12826897,-1.6077937,2.313855,-0.4288466,9.144388,2.902528,-5.4058414,-13.843609,-0.034068137,-1.930089,0.030665701,3.1112366,-18.249628,-1.6573378,1.142825,-1.5996257,-0.14691535,0.2859239,1.6282378,-5.2343535,-0.75980306,-0.64412385,-19.53151,7.2859874,0.14883801,1.177003,-0.021877509,-0.16919367,-0.6436303,0.045105662,-0.027971635,1.394488,5.8130345,1.4942762,0.1593187,-8.422997,-0.20661153,-1.5682344,-9.422729,2.1714966,-0.29366085,-1.2697827,-4.5532827,-9.416027,-1.1274701,-17.914387
1.9295624,0.088608235,0.14571647,2.3383532,-0.4086997,6.986075,2.6661384,-5.498776,-14.2135315,-0.046055876,-1.9241055,0.02186816,3.2411835,-18.332272,-1.4625819,0.80985385,-1.586009,-0.06311989,0.14025775,1.6628482,-5.12933,-0.9660573,-0.745904,-19.445906,7.0244703,0.20753668,1.3377388,0.018248178,-0.22053066,-0.7247409,0.19752778,-0.008977822,1.4430822,6.466486,1.0192755,0.13746384,-8.427902,-0.32740843,-1.6251607,-7.3370695,1.9728456,-0.18992896,-1.317465,-4.621007,-9.432786,-1.1196119,-18.387674
-6.2464375,-0.03559217,0.8577019,-1.726874,0.060482215,-11.431592,-12.809065,1.367784,-4.3753395,-1.0109584,0.7877466,-0.4236259,-3.2500043,26.55937,5.9119773,-0.23972413,1.4556195,-0.21231611,0.108007774,0.1320936,19.968685,-0.8464356,-2.069088,30.924652,-2.3995311,-0.03866968,-0.32272583,0.16117705,-0.33364624,-0.8649216,0.3210921,-0.7830032,-1.0738351,-6.331497,0.5242915,0.090119466,12.863581,0.77137166,2.3285744,3.4260612,-3.662259,3.9694338,0.57568914,1.2312037,9.192301,0.15948479,14.260023
-2.1753767,-0.16140737,1.8355201,-1.142857,0.07040723,-15.001119,-10.610071,-2.6480033,-5.190259,-1.4063132,0.35788268,-0.48125196,0.17666873,34.533,-5.7248,0.86682755,-1.9609101,-0.091829754,-0.90764296,0.6383369,17.821371,-0.3237373,-1.7252771,30.10664,-0.5248816,0.37242433,0.0120228585,-0.15911393,-0.16492207,-1.215458,0.019324513,-0.7559968,-1.3478591,-8.365891,2.0547705,0.12879843,14.70489,-0.4431056,0.025377432,2.1443686,-1.7423159,2.7327394,0.3837211,1.7594055,7.6948433,0.27865407,12.550393
-4.273073,-0.6181263,-0.8305646,1.2276917,0.40430558,-9.107133,-8.876884,-4.313679,-8.524083,-1.6725125,0.7073774,-0.66796476,-1.7993951,29.293941,-5.244799,-0.3842937,0.08388969,-0.07816839,0.6518523,0.5101111,19.28997,-0.055535346,-1.931054,26.68826,9.6514,0.27264026,1.8800671,-0.21197529,0.08327679,-1.5296792,0.3940949,-0.656413,-0.91174316,-4.790212,1.7844908,0.7046906,12.880616,-0.9379792,-2.2786496,2.6419826,-2.2299447,1.3578962,0.3695868,1.9065902,10.553949,0.24871002,4.3387036
1.2028521,-0.6095589,-1.0753767,-0.050081164,-0.37636322,-10.996669,-10.881355,-1.8305254,-4.441581,-1.4942865,0.3963088,-0.70432407,-1.6576726,28.090828,-0.52706444,-0.030219246,0.51639146,-0.12097218,0.73739076,0.17451903,16.6664,-0.440797,-3.6104236,25.775724,-1.6666273,0.31874868,-0.20135152,-0.2627322,-0.3414495,-0.9314888,0.17679691,-0.98976135,-1.2969804,-5.1165986,1.5107864,0.10131548,15.735619,-0.79638207,-1.8455838,2.410221,-2.3709178,1.6944299,0.1753067,1.8158114,5.8878417,0.1671895,3.5656195
0.4794854,-0.7291069,-1.3644127,-0.18224597,0.42178345,-8.100657,-9.499949,-8.236509,-6.577559,-1.1591752,0.66263527,-0.15844949,-0.5602391,26.125177,-2.717713,-0.29125765,-0.5987893,-0.10701832,0.81441647,0.21117991,1.1452429,0.13841957,-1.1655942,31.81913,2.8325188,0.365851,0.13423792,-0.022708712,-0.28560385,-0.2826419,-0.04922846,-0.9246406,-0.55242306,-4.938697,1.462196,5.070288,17.62255,-0.80688196,-2.661107,5.0691996,-1.5480438,4.6728563,0.44098604,2.453115,16.089157,0.23159589,11.083303
0.9085982,-0.36690962,-2.3189938,1.5727925,-0.74377394,7.8211384,-4.8042088,-10.414199,-4.931989,-1.3542924,-0.450649,-0.31683177,-0.418705,22.590322,-3.3147564,0.29124394,-1.1131241,0.12285549,-1.5106802,-2.622384,-0.8619057,-0.24868932,-2.3124783,28.085787,14.494218,-0.042779084,0.23263125,-0.056595102,-0.6145437,-1.9755433,0.26011842,-3.8863814,-0.4721985,-1.4923077,2.7872984,-2.5345285,15.633745,-0.64765966,-3.0366774,5.324164,-2.1607277,-1.1444502,0.31774446,2.4029102,14.293999,0.2928961,14.57287
-2.2572324,-0.082700364,-0.08586031,-2.6961343,0.17015316,-11.221229,-4.757558,0.9840421,-3.855372,-0.86420834,0.8325585,-0.57546204,-2.2176273,26.609095,2.275491,-6.3120384,1.1689203,0.36299756,0.33591428,-0.31964153,14.536152,-0.1512502,-3.3199005,25.42634,-6.8612247,0.06622424,0.20326708,-0.1807115,-0.7986933,11.33838,-0.10892439,-0.9145523,-0.8559414,-2.6973932,4.7533317,-1.5406744,19.369379,-0.66319805,1.7291626,14.965189,-1.8853291,2.798154,0.7602326,0.92306185,8.201764,0.0986583,12.727199
-7.5350485,-0.018685369,3.0992413,-1.2778696,0.07458576,-17.775585,-15.549956,10.189805,3.2321348,-0.93163544,0.4473447,-1.3781847,-0.0011464442,25.399113,4.445171,0.96235824,1.3668921,-0.89859164,-0.42601085,-10.760659,18.03365,-1.1531222,6.6014585,32.43812,-4.9800897,-0.84433013,-1.0522275,0.2186406,-0.45719454,4.001247,-0.056354646,2.4207985,-1.6683005,-14.078659,0.10697107,-1.0897635,8.619584,0.76034755,0.99075156,3.799218,-5.2683983,4.1626554,0.8237608,1.0079868,7.404155,0.13270386,14.652923
1.5257463,-0.20132785,1.0596906,-0.20248997,-0.47087407,3.1655445,-2.439947,-6.0909367,-6.465357,-0.9232553,-1.1095715,0.3066269,4.5057063,-9.492487,-1.8651181,1.5617487,0.25129786,0.8183906,-0.11219372,0.68483627,1.6435286,-0.95589876,0.26997006,-16.404673,0.4242677,0.35713395,2.168457,0.0062974487,-0.10666539,-0.41074622,-0.13286138,-1.1586689,0.45656982,-2.4191287,-1.2396228,-0.12843066,-7.165127,-0.73976403,-0.7641601,-2.7221825,2.300059,-1.2873284,-0.22911678,-2.237605,-1.7372019,-0.8571988,-11.110178
1.9699183,-0.2779701,1.6631134,0.056071,-1.5420144,4.6069303,0.31313735,-2.2551742,-7.421377,0.37518275,-0.35008258,0.1700773,1.6910443,-12.370502,-1.5619799,2.0962985,0.18995899,1.4247926,0.6773071,1.0513171,2.2205877,-0.04831759,1.113832,-17.38567,3.0435264,0.26363203,-0.032678016,0.28961807,0.3550269,-0.63993907,0.028738946,-0.21149078,2.591111,-0.48542857,-1.0428137,0.6942308,-7.092232,-0.19367914,-1.2230812,-3.1727805,4.729096,-0.5733836,-0.032874584,-2.4734447,-3.228144,-1.1148553,-14.150646
1.904833,-0.25016162,1.632238,-0.0663619,-1.4562004,4.469535,-0.3286556,-4.97008,-7.1661572,0.67438096,-0.34540033,0.08315513,3.0512211,-14.413766,-1.466724,1.9175273,-1.8588434,1.176925,0.57123625,1.9356945,-1.554152,0.03879732,0.86540866,-17.306585,2.0645456,0.29425448,2.2312229,0.16446382,0.48852524,-0.6385773,-0.20039706,-1.9467648,-0.8609464,-2.2902622,0.17114449,-0.16661267,-6.224332,-0.37482744,-0.699756,-2.6256444,2.8014932,-1.5021667,-0.041491,-1.5962001,-3.184102,-0.9858634,-13.614009
1.5677062,-0.26034284,0.9223626,1.8720287,-0.004594958,4.589427,0.9452242,-3.1558285,-7.4583263,0.648029,-0.42630938,0.21783414,3.4955263,-13.142709,-1.4130692,1.7210684,0.112256855,1.3556371,0.6316945,1.9664911,-3.0597937,-0.48042622,1.3778603,-17.173298,3.9998846,0.29670158,0.047529954,0.17926025,0.22835927,-0.6633576,-0.1654697,-0.8000674,-0.6873993,-0.8151018,-0.24027051,0.32399508,-5.9839683,-0.35077855,-0.7518061,-2.5438683,6.347679,-0.52953553,0.078924164,-1.1719108,-4.0333967,-1.1978801,-13.515039
1.7530482,-0.2528636,0.054345846,0.18175969,-1.4657031,4.209939,-0.15370995,-4.172284,-6.8541775,-0.94502664,-0.24403411,0.32531008,2.2530653,-14.40681,-1.8320005,2.5670009,0.08894908,1.3461032,0.09681847,2.1038134,-2.1824565,-0.5335403,1.3412939,-15.709315,1.3404694,0.3033321,-0.39631423,0.13691159,0.31784102,-0.55827117,0.17621103,-1.403731,2.4541225,-0.6345291,-0.3707621,-0.16623937,-7.219564,-0.320543,-1.0107459,-3.8243976,5.7441854,-0.4399695,-0.043405537,-1.8249264,-4.7954245,-0.86579937,-13.034729
1.6035613,-0.26463655,0.9247239,0.50716406,-1.6428016,4.166918,0.93819803,-2.486603,-7.396369,0.040450633,-0.26685855,0.33329296,1.5922347,-11.40387,-1.6702235,1.5167124,-0.0023201285,1.514081,0.2788415,0.70371664,-3.0011928,0.42683342,1.6086267,-16.882364,0.6768239,0.539483,3.7030103,0.12176097,0.39445117,-0.62877434,0.05575463,-0.8878621,2.5017154,-0.6996462,-0.31585056,0.68612313,-4.9368935,-0.42615414,-1.2733066,-5.2207417,5.936009,-0.17089592,-0.08795291,-1.5629605,-2.6979206,-1.1224775,-12.871583
1.8763317,-0.09464993,0.89794856,2.2525506,0.9710651,5.247345,-0.00017017742,-3.0572648,-8.694843,0.6391939,-0.81618506,0.21922296,3.1637967,-12.216044,-1.9882554,2.4906783,-1.2397952,2.3783607,1.0848392,1.5647913,-3.605961,-0.17467746,1.6660352,-18.785751,0.049330678,0.36687708,2.6172373,0.27153394,0.74233705,-0.69347864,0.0141471485,-0.66757035,2.7688453,-0.48201475,0.51264155,0.8978589,-7.115895,-0.21487927,-1.2698879,-3.8290446,6.172026,0.25003552,0.0998972,-1.9011971,-4.3513036,-1.0934877,-14.28418
1.8200964,-0.5653712,0.6956288,0.46830472,-0.46327034,2.801296,-2.0450315,-0.22550353,-7.4356227,-0.06423003,-0.828689,0.34931555,1.6498698,-13.490949,-1.5997263,0.7638995,-1.35876,0.49844104,-0.26502174,0.27186584,-3.3729668,0.5270194,0.52628314,-16.623507,0.102219954,0.52144855,2.829808,-0.04796845,-0.12198948,-0.4555139,-0.11775182,-0.69060886,0.73775774,-1.8008119,-0.34179962,0.97512317,-1.2657697,-0.43745348,-0.6520989,0.0027768526,6.1439495,-0.78877926,0.27645957,-1.2063353,-1.4342113,-0.83387643,-10.616403
1.7323209,-0.11779021,0.8632612,1.4183954,0.39828867,5.850497,-1.7166309,-1.2879225,-6.8935738,-0.015849015,-0.33460322,-0.47124147,0.23297124,-13.74403,-1.9512758,2.5696201,0.13529228,1.3208293,0.33795258,1.5759338,-4.4017076,0.032835837,1.2591512,-18.998465,0.7400837,0.39912423,2.7807803,0.18478203,0.092276685,-0.34625444,0.09168284,-0.52863777,1.3828814,-0.97312146,0.21012796,0.8518393,-1.1201004,-0.025515424,-1.1042641,-3.2967362,6.111165,-0.59581316,0.14276776,-2.2472482,-3.6225097,-0.76008016,-13.576485
2.0986128,0.051296305,0.4010243,0.5243588,-5.5765862,8.431142,6.5979676,-12.411954,-9.682094,-0.9604811,-1.1063093,0.3816157,2.2731059,-3.3234525,-5.0914245,0.39424208,0.28137863,0.4197067,-0.37304688,-0.17033522,0.04903043,-0.42138922,0.016982177,-17.907152,-2.317729,0.7016938,1.7588665,-0.21632132,0.4245151,-1.3987948,-0.409093,-0.7276577,-0.44246724,-3.5005827,-1.1072885,0.16481023,0.26760852,-1.8327453,-1.2428647,8.343211,-1.9694064,-1.218162,-0.12432019,-5.6743627,1.6129369,-0.98297656,-12.37344
-3.5478227,0.017922144,0.03027677,-1.6050161,-0.41098067,-12.209232,-7.3880696,12.270154,3.21846,-1.1809926,1.2602619,-1.0046989,-1.7682278,24.460995,5.529163,-0.81770736,0.70707345,-0.4825041,0.0093184635,-0.857741,19.598207,-0.42812774,-2.1843932,31.08321,-3.6632152,-0.58445376,0.17404859,-0.29525983,-0.37506238,-0.45366645,0.31793776,-0.7740324,-0.74939346,-5.400899,0.3118729,-4.505449,14.256736,-0.7635878,2.1033776,3.34459,-1.7013482,-0.05132773,1.5018716,1.9007927,6.2540135,-0.021805985,18.543858
-3.9500515,0.027659569,-0.21558735,-1.3722426,-0.355237,-9.687535,-11.679107,9.87748,-2.8973439,-0.68224037,1.3071753,0.034753088,-1.7355015,25.351068,6.781289,-0.4903354,1.6372805,-0.11407063,0.51088864,0.44696635,20.807726,-0.11425203,-2.411371,28.029264,-2.4579935,-0.5389149,0.17501295,0.18619284,-0.16019171,0.4443142,0.96465856,-1.0087584,-0.7958922,-3.9860487,1.7504501,-3.5648227,12.4308815,0.38985988,1.1523737,3.6670935,-2.261487,-0.5669992,1.023334,1.9705946,6.46518,0.716329,18.191437
-0.7683912,-0.40425074,-2.4305236,-0.22829802,-0.0066513247,7.985277,-1.3781497,8.833052,-5.0383883,-2.155479,1.0870142,-0.89917225,-1.4239177,25.08272,2.3336031,0.04080775,-1.2845155,-0.13226284,0.506972,-1.6937071,1.0167555,-1.3057501,-4.381402,26.813086,-2.4669619,-0.663184,0.15945293,-0.061995387,0.25369528,0.10077815,0.46779606,-1.8243252,-2.0132122,1.2788564,2.2151923,-0.839528,17.305101,-0.26508707,0.20600647,3.2340817,-2.2584865,-2.505383,0.57670575,2.4669688,10.460832,-0.034493472,21.696766
-0.8955978,-0.6318145,-2.7034829,2.0961952,-1.6483502,9.139196,3.6259077,8.448829,-4.577523,-2.8180861,0.8864717,-1.4867139,-0.90297407,26.568201,1.4800386,0.27244726,-1.3523979,-0.017908663,0.35862973,-2.105562,0.13326009,-1.276225,-5.9224696,26.026432,-2.6643305,-1.0003765,0.05942414,-0.31610125,-0.0039282986,-1.2711915,-0.57752633,-2.670673,-2.7426732,3.6762009,0.88529444,-2.3824732,19.226324,-1.1555992,1.673721,2.6633947,-2.4532416,-3.1804686,-0.17813627,2.2062318,10.487068,-0.03103462,21.220276
2.3811421,-0.15826121,-1.2323756,-0.024597518,0.86770236,3.4123595,-0.4359177,9.428468,-6.127269,-1.3066369,0.52663815,-0.23669732,-0.60760516,22.084972,-6.4646716,1.3859444,-2.027821,-0.025667893,0.8830893,-1.682671,0.9822553,-0.29264104,-4.1182966,28.78076,-3.3875425,-0.031168973,0.102694094,0.15522234,0.78910404,1.3626407,0.68249,-3.1787221,-1.9656436,-1.3184403,1.6800176,-2.2616549,17.018982,0.60658646,2.000485,4.3712153,-1.9994061,-1.2722634,0.5556513,2.9836109,9.274156,0.24334005,21.169504
-0.8642188,-0.41431272,-1.1727663,-0.34468856,-0.5118797,-7.972062,-10.179759,9.18089,-3.6118002,-1.064954,0.95608914,-1.0300903,-1.1840115,28.458658,5.799693,-0.9532324,3.7802982,-0.4685518,-0.19370613,-1.5146008,0.6820606,-1.703158,-3.493578,29.175467,-2.8451817,-0.4769018,-0.2261981,0.020294733,0.7272963,0.47835314,0.15990853,-0.8524337,-0.8463605,-1.4850086,2.4093986,-1.4912627,13.656915,-0.045328993,0.5510221,3.8277626,-1.8488569,-0.21412405,0.3698483,2.3536375,8.803617,0.57853377,20.942421
3.4159925,0.057210367,-1.6973473,0.17108954,-0.33834216,3.3024402,-0.6242905,8.81286,-4.6072736,-1.7282975,0.8109911,-0.713919,-0.85033405,24.874828,-0.43807048,0.4087208,-0.98801696,-0.11641514,0.5931093,-1.6337419,0.8303812,-0.803889,-5.4540086,29.330833,-1.665658,-0.7683542,0.17351095,-0.064229675,0.10525402,-1.3926669,-0.9124372,-3.600955,-1.8063383,0.5939874,1.885149,-2.4009895,17.22726,-0.13507034,0.03758973,3.198722,-2.5000217,-1.1333215,0.2926551,2.2139513,10.4478035,-0.1759497,21.44956
0.8849974,-0.22554052,-0.21622911,0.11221899,-1.0205483,3.532556,-0.43758363,-7.479201,-6.5046945,-0.802084,-0.4250364,-0.15955375,3.1121335,-12.987411,-1.8763714,0.08375492,0.17732531,0.2678169,0.020670785,-0.54885864,-1.9071193,0.8547164,-1.8214122,-18.974674,3.6124136,0.11595857,-0.547719,-0.065968886,-0.015237373,-0.18208924,0.25620297,-1.2745134,2.1941876,-1.5646899,-0.60926217,-0.29024836,-7.7575855,-0.1679803,-1.1085858,-4.072444,-0.40815532,-1.3089277,-0.49992254,-2.0949876,-7.6242023,-0.53995603,-15.097098
1.2050482,-0.05108824,-1.3350871,0.045222897,-0.7321314,2.4807534,-3.1037834,-7.3976507,-6.5585566,-0.86699444,-0.6716845,-0.1408237,1.011193,-12.766803,-2.2776463,-0.14636107,0.31714746,0.07941157,0.031361092,-0.039663915,0.10035631,1.0356941,-2.060479,-17.795507,-0.31631884,0.03786487,-0.2008131,-0.0752466,-0.26850957,0.056512516,0.24458344,-0.5996483,0.45116875,-2.9301984,-0.2528596,-0.3778259,-5.2113624,-0.34150046,-0.86747354,-1.734596,-0.82934356,-0.9792421,-0.10451546,-2.0092533,-4.490158,-1.2748783,-12.334977
-1.0732987,-0.26370102,1.0067703,2.790953,0.18552405,19.668827,12.641231,-8.290656,-0.2169337,-0.071357444,0.8614588,-0.27801594,-0.4653473,3.6796684,-2.3379848,0.21147247,-0.21385647,0.10815614,1.2919888,2.5489275,1.8536781,0.3768792,-0.9928594,-9.441195,17.098627,-0.662138,4.3450456,-0.6716329,-4.557464,0.0025537782,0.0126324985,-1.983446,-2.7016194,-0.61255693,1.3858105,4.4345884,15.998825,-0.6218611,10.0149355,10.674561,0.7996601,-1.9287276,-0.5019675,3.0697196,20.52626,0.24998693,39.659893
-1.5425253,-0.3403599,1.0347553,3.0630968,-1.4079934,19.808722,4.651501,-10.362016,-5.3794627,-0.32273683,1.2195252,-0.2595854,-1.195515,-3.8452632,-2.5359502,0.5658867,0.14770627,0.20291696,1.3009803,3.9268937,1.7040832,0.13921121,-0.3993948,-11.608113,22.551863,-0.21942586,4.010543,-0.6179864,-3.874964,0.007882074,-0.03289041,-2.3118346,-2.9780881,-2.348396,1.6231647,1.7289888,14.249351,-0.588253,9.941064,9.407632,0.78763294,-1.8862495,0.4726327,5.333326,12.731586,0.3588897,38.114616
1.94124,0.15079832,0.4296422,0.8672998,0.15714604,24.418255,13.944896,-6.0994005,1.3330551,0.7773594,-0.19479038,1.8202466,0.59634805,-2.0441258,0.10161084,1.9530071,0.4100682,0.60489035,-0.00071101025,7.431782,2.2038496,0.40885618,-1.97449,-9.8428545,25.209387,1.1117369,-0.6727254,-0.05649478,-0.8017586,0.4496219,0.55260926,-3.3675666,8.297113,14.546579,1.3618145,2.3663964,3.323133,0.17005287,18.325819,25.262463,2.3389883,-3.3037207,-0.19530408,11.503347,11.642024,-0.20730951,33.444534
0.70421636,-0.7060731,1.1591907,0.8811932,-0.9048328,20.834972,15.402873,-5.820158,3.128759,-0.19675271,0.5186878,1.3789387,0.4033568,-2.594796,-1.8131557,1.732154,-0.23060513,0.30635533,0.030986274,0.9649444,1.4164102,1.0297183,-1.343137,-11.191357,23.3458,0.91661316,4.1344304,0.057753514,-1.6742182,-0.045213263,0.19556071,-2.337763,16.604647,1.6042917,1.0753946,1.6163245,1.5450901,-0.6088705,15.268655,17.853516,0.30345368,-2.1890042,1.4946235,11.096972,18.266745,-0.022672856,39.839848
3.0517726,0.059642,4.683493,0.8334005,-0.7095335,25.303282,11.573366,-5.619315,-2.2764955,3.6311316,-0.30808067,2.033753,2.396604,-14.072924,-0.012704855,3.4345071,0.20687208,1.1256311,-0.6355521,4.5385146,2.344631,0.2519697,-1.4993074,-10.335894,16.497429,1.8193043,-1.6287607,-0.123997405,0.61329997,-0.54366285,0.27448848,0.5351422,8.131698,1.6647509,6.644041,0.41298097,1.0825367,-0.2134733,18.864271,1.6419141,2.9799206,-2.8723376,0.06936525,7.7333546,5.6777954,-0.16742611,34.352787
6.2217307,-0.3626205,1.0504686,0.934988,0.61808366,24.39784,16.69915,-7.2281394,8.273288,4.183354,0.60930884,1.5549998,3.2065666,-9.453451,-0.10275214,1.5803878,0.16681089,1.0459129,-0.26345345,3.6013575,1.3929057,0.29371464,-0.5758302,-11.157178,23.491304,0.34330538,-0.7044855,0.18991365,1.4155244,-0.29241762,0.18356362,1.5131284,13.855191,10.766711,1.702794,1.8193828,0.56496197,-0.25476852,15.500777,20.155014,7.622176,1.7188826,0.29600847,7.449188,6.387715,-0.22093378,30.592182
5.8789306,-0.63957214,4.5223513,5.4432664,2.3338697,23.873268,10.24501,-4.1397333,9.572213,3.92779,1.0741354,2.1508546,6.2049685,-10.513314,-0.35639802,2.6221712,0.11418627,0.893467,0.052104454,3.9780197,6.814635,0.1656771,-1.4640872,-11.542929,18.83801,0.12454855,-1.0071605,-0.2737293,2.3276536,-0.57198167,0.08703054,0.5968744,9.465711,10.426756,6.0894995,0.5955154,0.5680012,0.6540771,19.341988,5.741114,3.5085454,8.438825,1.3032166,1.0319688,5.4792275,-0.14734897,37.363323
6.0756097,0.15177925,1.8211403,1.3300872,1.8629283,26.417847,5.566901,-6.2998705,-0.36402404,0.23685014,0.34172556,2.1748195,8.2662945,-8.647886,-0.06945154,3.3908474,0.3667099,0.89995795,0.05904083,3.1627016,1.8917835,0.30182436,-1.108634,-11.860094,17.521215,0.01889597,-0.20389856,-0.11206038,0.19237322,-0.71864676,0.35194057,2.3426127,10.516582,21.701056,2.3673782,1.4777954,4.497062,-0.07886244,19.946129,22.167946,7.4318266,2.8592296,1.3943352,11.611983,-1.479223,-1.0035464,32.06838
1.3153838,-0.29473552,-0.1960996,0.34990826,-0.33353135,10.919223,10.195098,-4.1298995,-3.7777112,3.5963838,0.5449665,2.2408936,4.3957057,-14.188667,-0.7400338,5.6990995,0.30744532,0.4799873,-0.14439844,2.638727,-3.3069878,-0.63759273,-0.9542537,-18.393692,10.945119,0.47008452,3.7207491,0.1688194,-0.14936571,-0.50878143,-0.028569276,-2.111071,17.324903,1.6043806,-0.35248736,0.20886226,1.6653813,-0.0033500723,-0.8941037,20.33144,-0.6940146,0.11327891,0.58049417,-2.2389343,10.053362,-0.3040885,-4.103846
3.682701,0.36040294,2.0559003,6.3967743,3.6399543,13.216904,0.32407475,1.0096015,0.92462015,1.1715535,-0.39812443,0.1462489,3.4563239,-8.005642,-1.2619281,2.7462864,0.004248646,1.9575968,-0.057441574,3.7748377,0.3790565,0.041605826,-0.9304614,-8.221924,10.507273,0.23229107,7.9400506,0.16585259,3.3630972,-1.056092,-0.052667048,3.6265945,7.8937497,0.61860436,0.2903055,1.5333158,0.8186631,-0.6979684,20.604786,1.6564236,10.233456,75.153885,0.36652756,-0.67544967,5.7453146,-0.82177293,16.95101
1.3311688,-0.17129529,-3.390894,0.022347907,-0.732629,3.194164,-2.231025,-8.312301,-8.199668,0.5066896,-0.6586369,0.41168904,1.3080816,-13.715021,-1.9224151,1.0460864,0.3792127,0.7553941,0.19624244,-0.10920273,0.31724757,-0.49922088,-1.6174703,-17.858444,-0.92638874,-0.12431208,-0.34081405,0.029956454,0.10389067,-0.8641597,-0.34623352,-1.6316028,-1.5620934,-3.0440955,0.0030086506,-0.18626855,-3.4434514,-1.0035596,-0.87318015,-3.767982,-0.38104793,-0.08892036,-0.17305882,-2.7991722,-4.18171,-1.55852,-13.721313
1.1450782,-0.0721746,-3.3243206,0.1082456,-1.5908735,4.2652197,-0.741416,-7.6448803,-8.139347,0.20516914,0.93220645,0.48227754,0.5172681,-14.060257,-1.9477,0.54127765,0.56014687,0.7438312,-0.4107234,-0.439121,0.9551113,-0.5911608,-2.991012,-17.687567,-0.80742586,-0.1058963,-0.42264616,-0.056074206,-0.31268042,-0.5529082,-0.08053192,-1.7586757,-1.9948543,-2.4541202,0.06357233,-0.5190233,-1.9239302,0.06273283,-0.8548835,-3.9688714,3.3560154,0.13299257,-0.15349038,-2.4860063,-5.6172857,-1.0103173,-14.77486
1.8519328,-0.2146418,0.26810217,0.042645868,-1.3505551,5.1978197,-0.4314794,-8.02141,-7.644985,0.5704018,-0.32171297,0.30139887,2.3084047,-15.258529,-1.6496665,1.0852768,0.19139422,0.68172926,0.072252795,0.37019062,-3.349106,-0.85938627,-1.2057445,-18.823095,-1.4476616,-0.3423463,-0.7255025,-0.06436746,0.46398467,-0.6931223,-0.26730075,-2.2033386,-1.3419553,-3.0458894,-0.75356346,-0.28267255,-3.1265047,-0.501882,-1.1825486,-4.887285,-0.35596558,-1.296246,-0.062216084,-2.279592,-5.4058485,-1.0568384,-13.867195
0.2575782,-0.31320003,-4.235323,0.18564948,-1.5309445,3.446918,-0.29998794,-7.5792885,-5.8277764,0.42636356,-0.5502297,0.49144274,1.6455833,-14.466271,-1.7412512,1.2696812,0.43878293,0.46639413,0.090806514,-0.30641252,-0.099279955,0.058627903,-1.8648186,-16.484001,-2.307241,-0.17809938,-1.4462848,-0.07293456,-0.16185458,-0.58518726,-0.21498594,-1.2077465,-2.2021549,-4.493453,-0.40439457,-0.58011323,-2.6368022,-0.88410056,-0.7419205,-2.4976916,-0.08174597,-1.2604281,-0.117766134,-1.1378561,-5.4277663,-0.9544184,-14.808317
1.1578255,0.0073162145,-0.85369825,0.24182042,-1.5299534,5.653199,0.2352957,-8.068133,-8.867509,0.41139153,-0.5149356,0.43428877,2.119377,-16.072462,-1.4014089,1.1322303,0.3449384,0.7072342,0.08461853,1.2012599,-4.19535,-1.2233727,-1.1302971,-19.003792,-0.96647805,-0.11807322,-0.45080438,0.020235797,0.3700505,-0.7389671,-0.27069825,-2.081318,-1.1403672,-2.8342695,-0.9963693,0.3629508,-3.2428663,-0.38465035,-1.4395736,-5.268953,0.63610405,-0.6378746,-0.054470353,-1.6275085,-4.994148,-1.0662279,-14.862202
-3.2152438,-0.19107485,-2.153227,-0.16229282,-1.0351151,0.20436224,-8.654808,-7.053762,-4.7524576,-0.14512458,0.075216375,0.31651846,-0.5383047,-13.295802,-1.5104734,0.19717295,-0.025927825,0.0830725,-0.33191565,-0.4197477,-3.9657416,0.19452906,-3.0949984,-14.237597,-3.6648939,-0.3891877,-0.6417826,-0.18363574,-0.77952915,-0.72300637,0.3469876,-0.12857963,-3.074182,-8.99683,0.31305692,-1.1370158,7.023125,-1.6859183,-0.6303486,5.9013515,-0.32913557,-1.765974,0.20455496,-1.3072196,1.3226656,-3.060899,-13.284992
-1.4598463,-0.39171168,-2.7581468,-0.48436174,-1.3782294,3.6046739,0.34420136,-7.6985726,-3.4991312,0.15785126,1.0495052,0.33662045,1.2815344,-14.541512,-1.7898291,0.49471965,0.5865049,0.65124387,-0.014052422,-0.6367509,-1.1469451,0.0871045,-1.6781209,-16.543219,-1.7776066,-0.15600096,-1.3531358,-0.009940375,-0.3830092,-0.73534274,-0.30712765,-1.1781576,-1.3831189,-4.3818974,-0.43626076,-1.2361393,-2.8359413,-0.7349237,-0.8276872,-1.0989591,-0.35399488,-1.0741718,-0.79979503,-2.0665622,-5.5686717,-1.6935151,-14.868236
-2.992982,-0.7230209,-1.8923124,-1.0177325,-0.8126445,-3.3178232,-3.0817356,-10.772076,-0.36055398,-0.8194355,0.60594016,0.63030845,0.15154609,-10.751403,-5.8449817,0.43470952,0.0091386065,0.082499415,1.0860174,-0.8280668,2.4904897,0.1528693,-0.14533159,-13.533223,-3.2850237,-0.6489383,0.18752149,0.2738812,-0.41150627,0.08315364,0.39174286,-0.049635787,-1.698467,-1.844154,1.4146043,-0.4512284,-6.279703,-2.0724354,-1.5821735,6.589855,-0.3339826,-1.9461799,-0.016677525,4.157824,7.9404387,-0.11108831,6.8301554
-6.968213,-0.009039229,-1.4457562,-1.9073741,0.42793283,-6.229274,-7.899807,-7.7218657,-1.8988416,-2.2026603,0.4361913,0.7388664,-2.0411453,-5.702067,-10.154512,-0.41444945,-0.30465707,0.1517516,0.61971945,0.09076402,27.029577,-0.36427766,-0.7486563,-12.059326,-4.2028956,-0.7197555,-0.15161206,0.17639297,-0.6823852,0.35898417,0.24019597,2.2276769,-1.562959,-6.3157697,1.3724669,-1.2677861,7.7812867,1.3777134,-3.3645275,6.653317,-1.2344851,-1.4403218,0.20049708,-2.346164,-0.8771961,0.23281987,-2.3653014
-6.0231576,-0.087093465,-0.9050248,-3.6338835,-0.4372556,-8.340643,-9.5597,-6.6434402,0.94699055,-0.77909017,1.2666311,0.65409815,-2.462118,0.05977302,-7.2413583,-0.51454455,-0.40331218,-0.22585547,-0.674333,-0.23237272,30.012844,-0.6525295,-0.9007958,-11.394234,-3.1843302,-0.71507645,-0.5119139,-0.031060826,-0.6688733,-0.5189608,-0.21614873,0.2594901,-1.4915057,-3.0051348,1.169068,-2.238423,7.754535,0.14865126,-1.7038193,9.302687,-1.7447977,-0.8726444,0.093385525,0.9129878,1.1830266,0.17539567,-1.2073712
-2.126749,-0.49070734,-1.5234855,-0.39638972,-0.50603557,-2.1374874,-4.680917,-7.432528,1.6251647,-0.79308975,1.5192026,0.7677829,2.6607957,-14.049627,-1.0771992,0.27983817,0.089683786,0.059320226,0.4035443,-0.54465383,2.7008357,0.29185724,0.52255267,-15.335408,-1.8124167,-0.043922108,0.06958896,-0.073388726,-0.11563067,-0.65192574,-0.2728221,0.04819691,-1.331708,-0.24167196,1.6275622,-0.27387306,-4.849235,-1.2043371,-0.3473013,8.264912,-0.43572623,-1.3092269,0.094893575,-0.2188993,0.58714396,-0.009130024,-0.9514778
-4.93084,-0.8132685,-1.9204465,-3.6314266,-0.95069534,-8.8402405,-10.3459015,-6.929212,-0.246046,-1.2775404,0.50055665,0.5208725,-2.5354667,-1.8692173,-9.2693,-1.0779983,-0.42878923,-0.22582583,-0.012457587,-0.31680968,29.611427,-0.5576781,-0.9469597,-12.210232,-4.97902,-0.72509605,-0.016655399,-0.84107167,-0.3413785,-1.7837042,-0.23988871,1.8782518,-2.3851488,-8.578987,0.9949942,-2.1258287,10.096828,0.54744965,-1.9772707,8.976973,-2.1487072,-0.9502261,-0.026692221,-0.0008631297,1.4387399,0.23661982,-2.1491156
-3.3272476,-1.0865438,-0.335265,-1.0444219,0.5748322,-5.03587,-1.7303178,21.2505,40.04052,0.78386104,1.0786065,-1.3986815,-1.9702429,22.50837,8.201058,2.7974327,5.701401,-0.66023177,0.009021604,1.9569678,18.937311,4.091295,11.439531,40.792194,9.33666,-0.43146434,0.53716975,0.4994847,-0.11144189,3.242559,0.08700685,2.1261263,0.21608943,11.364398,1.4332663,-0.79474825,20.1099,2.8221915,10.647129,6.559735,0.5679145,5.406629,1.8383708,2.181218,9.506987,-0.4218167,19.800976
1.9673162,-0.8455773,-0.89145917,1.3888533,0.5908563,7.604978,1.2803004,22.07028,30.180254,0.63626844,0.94294184,-1.4829664,-1.970448,22.556551,5.17546,0.6557813,3.8902729,-0.6070252,-0.4232759,0.60326725,20.445879,0.3945701,13.340052,42.457508,8.511766,-0.5333363,0.46282008,-0.22414415,-0.39886305,-0.38629517,0.12887147,5.197791,0.3739455,9.799461,1.2717773,-0.5168778,19.166683,2.3486593,7.0940742,12.22659,0.8770041,2.4508047,0.45982617,2.1764526,7.6020904,0.08140566,22.451859
-1.0416559,-0.36557043,-0.56344044,-1.4718584,-0.53222555,-1.235006,-3.2979052,41.40072,38.621063,0.5049672,0.6054615,-1.1145561,-0.90588874,31.606228,13.478344,1.7137582,1.508794,-0.82641363,-0.35963833,2.1691747,19.281591,-4.4842515,4.3740783,54.526337,-6.373536,-0.2738869,0.34372985,0.36680558,-0.18622424,1.8616073,-1.0551472,1.6193309,-0.5808562,11.52487,0.01899409,-2.585598,23.499191,1.2604637,13.260923,20.564922,0.09925125,4.6013727,-0.933565,-2.3505838,7.4539347,0.24845967,22.021503
-6.437605,-0.7092158,-0.82136005,-0.87987334,-3.5321631,-4.356922,-6.984542,26.699923,38.25934,-0.03286296,1.024952,-1.1611423,-1.7332968,33.454742,15.025474,1.2844951,1.3273576,-0.47823194,-0.1518797,-0.55024385,17.967955,-0.6862855,6.0842304,49.31878,-7.2835236,-0.7497279,0.2207667,0.4190972,-1.2701144,3.957965,-1.6831077,2.0796251,-0.4581246,9.2141285,0.064990155,-2.125033,20.512402,0.77050656,15.295067,28.042397,0.018383041,4.42284,-1.1682842,0.022720058,6.712713,-0.33497214,20.020542
-3.9845593,-0.46462852,-0.8770248,-0.67126083,-3.1586485,-3.9287984,-8.554901,32.69702,36.088326,-0.04677997,1.1287433,-0.74595934,-1.016322,40.88523,17.598318,0.2126561,1.3421458,-0.62604946,0.06473801,-2.033445,17.427471,-4.388796,5.010271,53.904484,-5.957701,-0.8517016,0.68562317,0.5805822,-0.4541003,3.0619104,-0.7534172,5.767764,-1.0613128,2.6281698,-0.56614995,-1.9926552,20.132149,1.0470575,16.953716,25.531866,-0.54414344,4.7020283,-0.17795521,-1.6276283,7.4435463,0.04510466,19.873373
2.5448885,-0.9652277,-1.4055396,-1.5860827,-0.23693682,2.6734903,2.1692736,21.572739,40.13253,0.2770379,0.13499247,-1.4420173,-1.9368279,26.07014,6.033479,1.0676855,3.687765,-0.30008334,-0.46900156,0.92131937,20.56886,1.1935568,12.055205,49.81536,6.805258,-0.28119472,0.38753262,0.16574027,0.2237225,-0.22010987,-0.05489792,3.6190336,0.40278405,10.882971,1.6094426,-2.6284428,20.182716,2.9183571,7.557033,9.005172,1.0593929,2.1199534,0.85431665,2.2787938,7.644869,-0.28511888,20.000608
1.7345245,-0.6886268,-0.84063447,-0.89011574,-0.5892523,-2.6548533,-3.0989995,31.957216,35.5743,1.0910609,0.70966965,-1.2366863,0.43072972,37.393253,14.486,3.1656182,1.9823114,-0.7513673,0.036900546,0.29885882,18.266987,-1.5810579,6.3322425,53.759613,-4.923488,-0.73783857,0.22031114,0.095841885,-0.50806075,2.2803752,-0.5595977,2.4345565,-0.7606674,2.1153464,-3.9637928,-1.7904266,22.46222,1.1903062,10.084361,18.07182,0.75052065,1.8924174,-1.0433866,-2.6932542,10.558268,0.1146903,20.099611
0.045958072,-0.43540844,-0.3989169,-1.1627284,-0.07994129,-5.118536,-17.154099,32.236225,37.949135,0.46037453,0.6278803,-1.4406408,0.41685063,41.119534,11.863233,3.0941565,1.4394987,-0.71104723,-0.69449395,2.767187,17.328913,-0.58000994,6.2299576,46.895367,-2.0268216,-0.30274427,0.13555776,0.35346246,-0.3733349,4.819289,-0.67826474,-0.7490867,-0.7951284,0.847419,-3.530304,-0.6020361,19.49441,1.299818,0.15341865,23.718842,0.22507028,4.2304726,-0.8547733,-2.1508536,9.553208,0.36385164,21.300522
0.7244392,0.4346417,-0.47742668,-0.79401517,-0.85212374,3.980899,-1.9295341,20.538822,40.567516,1.4097294,0.78005344,-1.655641,-0.6283329,29.617588,9.809853,1.4450604,6.530109,-1.0838556,0.26682374,0.38052365,18.459867,8.041393,11.664189,49.677032,7.6125035,-0.50844294,0.6551244,0.0487646,-0.32654738,5.182152,-0.41697264,4.9225826,-1.1631805,-0.4542057,-4.3557897,-2.856109,21.263027,2.4908416,2.668644,4.0091643,0.118632466,5.1099696,-0.9414058,0.88826644,10.270629,0.23679648,19.05627
1.888844,0.9837956,-1.1741116,11.253639,-0.39597633,16.662743,19.33197,19.279255,13.174376,2.6595874,1.0345528,0.12517165,1.1322461,24.678583,5.0753274,0.8900186,4.681937,0.58694994,-0.2181546,-2.002446,33.873215,0.10509285,6.708143,-12.386626,23.798779,-0.75218886,1.380938,0.03206382,0.85100156,-0.07997493,0.56171775,2.5147953,3.6238654,17.419214,2.2067676,5.633496,-2.7563677,1.4515425,7.0453253,-1.7211492,0.2655383,2.6999304,3.3992794,9.645075,13.951471,0.25766975,31.047369
1.1262385,-0.23987699,-0.08188414,0.3654102,-1.0321034,3.904326,0.18235065,-7.5652122,-6.855999,-0.64796525,-0.50251406,0.09318253,2.8436575,-14.030406,-1.760721,0.11373991,0.015690498,0.5569331,0.018751992,-0.36297745,-3.0420802,0.5088796,-1.5351244,-18.578312,4.113239,0.2227054,-0.35942924,-0.028859142,-0.114362195,-0.38102037,0.2153088,-0.6393306,2.3311896,-0.6010356,-0.72333056,0.11833956,-6.9740486,-0.29407203,-1.1229353,-4.1643014,-0.36437684,-1.4314404,-0.36064455,-2.4169598,-7.7822285,-1.0965294,-15.930311
1.1386893,-0.26870158,0.050513364,0.18636443,-1.0205605,3.8147256,-0.07209975,-7.6804886,-6.8838253,-0.77116686,-0.503558,0.025564656,2.8389401,-13.890781,-1.8171225,0.029163817,0.066477865,0.54464024,0.005570426,-0.58625966,-3.069817,0.926235,-1.6727716,-18.688402,4.2713857,0.26716352,-0.34445593,-0.02696457,-0.13369322,-0.39796785,0.22971088,-0.6631769,2.2978547,-0.7019932,-0.6614254,-0.2228848,-6.9102798,-0.07839609,-1.1413242,-4.1820097,-0.353138,-1.3668714,-0.37235767,-2.3482134,-7.79233,-1.0744,-14.902429
2.506908,-0.3178842,-1.4505193,-1.5686655,0.6494131,10.790342,9.7285,5.4443088,-2.3834507,-1.298069,0.6681847,-0.97283334,-0.9228475,32.738857,5.3003354,0.3764878,-0.50764745,-0.4918252,-1.7145085,2.1075718,20.914913,0.5220679,-2.9734502,32.298374,-4.931333,-0.59998477,0.07210249,-0.010829499,0.14743426,-1.0526438,-0.22744565,-0.62217474,-0.81784946,2.0657444,0.40886888,5.5147266,16.872162,0.16385077,-2.0884562,1.5565126,-0.9887928,0.03774536,0.47279453,2.5766096,10.7666,0.08716764,24.535654
1.0028642,-0.48017725,-1.4767686,-1.9073728,-0.4027841,5.687564,7.300148,8.615055,2.1623724,-1.7006383,0.8733073,-1.2670671,3.0338476,33.14032,6.777512,-0.1676678,-0.6731395,-0.41397795,-0.16097324,1.9586377,19.6573,0.5363696,-2.8006725,37.860943,-9.455007,-0.35601082,-0.098738365,-0.11652858,0.06299141,-1.1709434,-0.10816304,-1.8023162,-1.0304824,0.06596122,1.6540807,4.91705,17.242514,0.8672399,0.45073587,4.171008,0.7100833,-1.270543,0.301074,1.391058,9.415167,0.34328544,20.555931
2.6920989,-0.4237261,-1.4020578,-1.6883743,0.4683857,10.635569,11.227804,3.7296364,-3.4953349,-1.0376921,0.5250533,-0.97912765,0.0129424445,32.44875,4.6838474,0.84333473,-0.54303956,0.008010303,-0.69947183,5.8779626,19.091736,0.19447488,-1.8158281,30.311365,-3.1094844,-1.1120602,0.21820591,0.060611375,1.2534069,-0.90802014,-0.1852415,-1.6582179,-1.2334058,2.1889648,0.2632783,5.503167,14.638722,-1.1347449,0.79635537,2.9157383,0.37102088,-0.18962827,0.76314914,2.1904895,10.924875,-0.09264767,22.607727
2.1148312,-0.28385618,-1.5077583,-0.98583156,-0.3272434,13.243165,11.486311,1.8614787,-1.5693462,-0.7958929,0.7160871,-0.14887363,-2.0375273,20.937824,5.394673,0.5560377,-0.6562033,-0.0444147,-0.5969043,4.567516,19.040705,0.32861984,-1.9543844,23.451424,-2.684438,-0.9649122,0.1323631,-0.029404888,1.6934632,-1.1177368,-0.032431897,-2.191495,-3.0477097,9.973855,1.7956799,4.7199807,15.323171,-1.4611132,4.9470053,6.044149,0.4323997,-1.3033513,0.56755114,3.8079574,10.383134,0.22570425,21.910414
-4.0068874,0.53197014,-0.32737386,-2.1693623,0.57859373,7.0253267,6.869128,8.1121855,0.009385945,0.21643397,0.5550737,-0.6476503,2.2730222,27.334352,7.4470325,-0.04225561,-1.0648733,-0.57592446,-1.2315699,-2.6111286,22.002914,3.2068222,-2.882272,34.82804,-4.2340207,-0.67479897,0.13815567,-0.006342961,0.80421424,-0.5657504,0.14557202,2.1193185,-0.91923964,-0.66820043,0.72199637,4.526588,18.207542,-0.31891516,16.058153,0.4610221,-0.45425838,-1.763425,3.945753,2.35893,7.645963,0.8221297,23.384089
2.0605032,-0.2449605,-1.0534517,-1.2900785,0.011150092,12.886467,10.626124,-8.082405,-0.21794026,-0.9613146,0.98108476,-1.051812,-1.1685189,17.21151,7.380961,-0.4343321,-0.2830454,-0.19592191,-1.0393114,4.3319497,1.466694,0.22839418,-0.89039373,24.935617,-3.4215682,-0.9072501,0.085032724,-0.089292265,2.3710754,-1.0806682,-0.28793192,-2.290653,-0.9939743,10.484598,0.19637415,3.7232685,17.46555,-0.21790092,6.71123,8.128189,0.3800805,0.3097017,0.5029797,4.4912376,20.437792,0.27969202,29.380714
-3.672291,0.81776494,-1.1384807,-2.0118122,-0.37690866,8.019657,0.11341118,7.181089,7.3923135,-0.7416451,0.57394016,-0.7910623,1.4988594,28.768074,8.785946,-0.5394313,-1.1058718,-0.48874524,-0.3332779,-0.99628675,20.86014,-0.23558964,-3.493924,39.221256,-3.4885616,-0.4035389,0.12378062,0.21802332,0.20420702,-0.008700598,0.18964879,3.8972495,-0.9431104,-0.753334,-0.49027488,-0.78442043,14.7031765,3.0186462,3.415692,2.7442677,1.9036144,-0.16625907,0.5835155,1.5370795,10.041712,0.31724808,20.211739
2.534368,-0.41952565,-0.21370348,-1.6504678,0.6358645,13.8882885,7.783534,8.036892,-3.722386,0.15891121,0.98495334,-1.316535,0.030065978,29.618677,7.8154674,-0.30862895,-0.7302777,0.27652657,-0.78859425,8.09525,19.088865,0.50195986,-1.9694468,27.199606,-2.7902899,-0.47264564,-0.087776504,0.0024865982,0.6403812,-1.2282271,0.13767475,-2.0824997,-1.1088195,2.663805,1.4380198,4.262919,16.204834,2.974397,2.0947468,4.4670305,0.95246756,-1.1271886,0.27048513,2.7177613,12.827967,0.91322184,19.63003
2.1677735,-0.5875745,-0.58692855,-2.004623,0.02443134,13.641474,12.003539,3.2506962,-2.5695426,-1.314364,0.7459289,-0.78503585,0.06336823,26.989462,7.2587337,0.19048226,-0.8596806,-0.7042789,-0.07097494,3.4360108,16.628103,0.91632575,-2.6787503,30.363174,-3.056074,-1.2685938,0.05031764,-0.03890872,0.31938708,-1.3958932,-0.17085163,5.5188174,-0.8004498,-0.6485579,0.40318248,4.4316854,17.165361,1.4201684,2.346006,4.077815,0.61769605,0.8787975,0.27623302,2.534859,11.796165,1.031824,20.705784
2.9343038,0.19747229,-1.0959691,-0.80194485,-0.5991496,18.502203,15.444115,4.818433,-5.723731,-0.33561257,-3.494129,0.45357254,-1.8025765,18.86687,6.110831,-0.3793143,-0.12809426,-0.16441892,0.22436135,6.1217394,0.6522518,0.23590991,-3.0334897,-8.324418,-2.512622,-0.7172041,0.736356,-0.05716894,1.8045264,-1.0865948,-0.037332796,-1.5552721,-1.8715043,13.622279,1.8254359,6.5314054,13.118053,-2.1827881,2.4881194,9.233263,-2.2564642,-0.9080891,0.19518892,-5.7679462,12.745475,0.2875854,34.372086
2.054937,0.00407944,0.22040392,2.4975197,-0.45865342,7.13101,3.3026545,-6.55419,-12.156618,-0.03631751,-2.1377196,0.079793856,3.3404486,-18.211126,-1.1865188,0.48169595,0.0749489,0.4412866,0.030475441,1.4452348,-5.768312,-0.15431452,-0.78420705,-19.72227,5.222081,0.19874002,0.64452624,-0.112183094,0.1547987,-1.0032144,-0.035803653,-0.055357818,1.606166,6.078507,-0.33593276,0.14273034,-8.587335,-0.2152262,-1.1410537,-7.0010443,0.60435283,0.026117008,-1.2419521,-3.923235,-9.399966,-1.1835485,-18.778755
2.0286517,-0.05344982,0.26345608,1.7761192,-1.1836452,5.674906,2.880697,-6.699321,-10.614237,-0.3740749,-2.199114,0.0985698,3.402381,-16.82991,-1.302896,1.07861,0.054472364,0.5494666,-0.07847911,0.72285444,-4.9254403,-0.06069282,-1.0777555,-19.556131,5.330116,0.19919333,0.5007587,-0.06351105,0.2213409,-0.87916857,-0.10392533,-0.07418122,1.7283938,4.96515,-0.3642483,0.1778253,-8.267473,-0.4084762,-0.90513813,-7.2370596,-0.15793027,-0.68386954,-0.43370527,-3.9939113,-9.307035,-1.1606772,-16.403559
2.099704,-0.21637577,0.24145442,0.6681455,-1.1299309,4.9605813,1.2087682,-6.9001546,-9.693961,-0.96445185,-0.71726805,0.0099999,3.6848173,-16.790972,-1.4422697,1.1639469,0.041332424,0.5549669,-0.13455725,0.047342848,-3.653035,0.42258906,-1.4151555,-19.353636,5.865343,0.20156293,-0.14047961,-0.035915077,0.038894035,-0.677056,-0.07432914,-0.28118777,1.9109919,1.6201212,-0.32092836,0.014006056,-7.205173,-0.34791988,-0.70662385,-4.04374,-0.18168572,-0.65936863,-0.36029202,-3.1843853,-9.794571,-1.1390367,-17.315702
2.1192088,-0.22391395,0.27234575,0.68079406,-1.1078937,4.9781446,1.1390109,-7.0908985,-9.652671,-0.9719203,-0.6234876,-0.0010265817,3.9748998,-16.331615,-1.4078497,1.2055477,0.0409486,0.60673285,-0.1431815,-0.022549339,-3.8346164,0.41336223,-1.402972,-19.33982,5.629051,0.18465722,-0.36722723,0.025918182,0.3281592,-0.80099607,-0.046537876,-0.15033191,1.6569097,6.8376465,-0.34219712,-0.035298076,-6.9678454,-0.3429952,-0.7908522,-8.52314,-0.17937039,-1.2236089,-0.8242004,-3.5602577,-9.789776,-1.1510102,-16.899488
1.2352104,-0.28014573,0.33753034,1.6164113,-1.1242815,4.540133,2.2290897,-6.878762,-10.068722,-0.6217609,-0.6813414,0.083905794,3.3348856,-17.524242,-1.5594425,1.1693419,0.07659794,0.5248199,-0.20507781,0.4288051,-5.113089,0.19470203,-1.387238,-19.800304,4.8319726,0.24692968,0.3951024,0.00876795,-0.27407557,-0.6433124,-0.082257375,-0.66953367,2.174475,1.9572122,-0.25048432,0.07628766,-7.556873,-0.25126213,-0.94422734,-3.808904,-0.10371059,-0.43811047,-0.3363649,-3.323667,-8.496229,-1.0600457,-16.167507
1.1537215,-0.2781241,0.2799268,0.4041218,-1.0374556,4.438401,1.2384275,-6.874551,-9.688762,-0.7235436,-0.68359953,0.114592895,3.3729322,-16.982761,-1.5338256,1.253148,0.03745835,0.58804655,-0.21914724,0.37684694,-3.6370356,0.4411927,-1.4421092,-19.27302,4.5638843,0.25324634,0.31285098,-0.056280732,-0.27914062,-0.66767573,-0.15248096,-0.23778112,2.262407,1.8463312,-0.2346771,-0.0043010465,-7.250066,-0.3179007,-1.1220305,-3.6597393,-0.21921462,-0.58028835,-0.37363714,-3.36181,-8.392502,-1.1697378,-16.573792
1.1358955,-0.16706061,-0.061802506,1.2322474,-1.1555109,5.301441,1.2091843,-6.9126062,-9.678719,-0.9396369,-0.71971136,0.043890897,3.6727567,-17.30202,-1.5972362,1.1528331,0.03988105,0.5426786,-0.12113428,0.024985641,-3.6606314,0.4457136,-1.4450822,-19.307781,5.176198,0.20746075,-0.21096162,-0.024013553,0.11715483,-0.64782655,-0.051403143,-0.25100535,1.9632168,1.6729558,-0.30378813,0.1141679,-7.628048,-0.21151024,-0.71065587,-4.0055866,-0.23109813,-0.6442505,-0.36579442,-3.5462089,-8.308304,-1.1514195,-17.403162
2.020924,-0.25892073,0.33237115,1.2552073,-1.144823,5.032831,2.2775176,-7.325424,-10.165965,-0.7269855,-0.89601696,0.10134395,3.2619402,-17.397757,-1.3864009,1.3615847,0.11564302,0.5976489,-0.17315419,0.40490362,-5.016768,0.3847324,-1.2977955,-19.249737,5.4310026,0.1880718,0.2654756,0.0270772,0.22125238,-0.48599714,-0.02436438,-0.3300776,2.1652875,1.8986297,-0.14104253,0.07677541,-7.705563,-0.31952074,-0.881873,-3.8630948,-0.21946357,-0.5752093,-0.3741639,-3.4892576,-10.282558,-1.1465427,-16.588486
2.06859,-0.20263635,0.29952896,0.67393386,-1.093952,4.5335703,1.0810856,-6.8790536,-9.136418,-0.8467578,-0.48835295,0.005300036,3.7394435,-16.759584,-1.4583663,1.1592933,0.033742025,0.55880046,-0.17770958,0.030768478,-3.4593167,0.4390619,-1.3978055,-18.971725,5.388354,0.22768399,-0.32786596,-0.018728184,-0.14422108,-0.6653795,-0.21675685,-0.07109629,2.037787,1.6687727,-0.55088055,-0.3467964,-7.347431,-0.34738427,-0.8543434,-4.0608897,-0.20588927,-1.309457,-0.35716465,-3.0800982,-9.237908,-1.0634747,-17.013844
2.088827,-0.048622347,0.15812892,2.469338,-0.40637282,7.741871,2.452016,-6.551853,-12.035238,0.055275247,-2.164248,0.06582817,3.3317149,-18.37668,-1.1799867,0.48234174,0.078308634,0.47266716,0.021999702,1.5193958,-6.150412,-0.23881646,-0.5856798,-19.660118,5.25286,0.19987231,0.6777888,-0.015477665,0.38689643,-1.0218841,-0.055667087,-0.07944724,1.6154307,6.3429227,-0.35178772,0.1379741,-8.599282,-0.26064155,-1.1762832,-7.251705,0.6969677,0.1085273,-1.2483114,-3.8875427,-9.372229,-1.048212,-18.795197
2.1145391,-0.3321969,0.29077977,1.1765043,-0.85475534,7.1696167,3.1731422,-7.2755857,-11.664883,-0.0374461,-2.1719928,0.12071576,3.2612238,-17.544603,-1.2213473,1.0785799,0.116899714,0.59651756,0.014379944,1.3626188,-4.652914,0.06958324,-0.8010026,-19.625837,5.436414,0.2433827,0.62204444,-0.05646167,0.43867773,-0.9797235,-0.1228058,0.04196806,1.5710715,5.3926315,0.04493013,0.11484646,-8.184608,-0.32887128,-0.7962009,-7.1365495,-0.25438792,-0.047547262,-0.56576097,-3.904752,-9.987256,-1.0436077,-18.95503
0.7990547,-0.25801653,0.2984313,0.3877547,-0.99051535,4.1619024,0.4787365,-7.4452477,-7.291783,-0.75752395,-0.5006252,0.09015137,2.8837168,-14.034684,-1.905026,-0.1625252,0.007664837,0.5613937,0.028045729,-0.27424473,-3.314821,0.8689537,-1.673815,-18.87758,4.4011083,0.30340037,-0.31905216,-0.0564322,-0.121651486,-0.46907535,-0.11164345,-0.31641206,2.37355,-0.6963541,-0.7501832,0.15502985,-7.1157165,-0.27637213,-0.7925164,-3.909079,-0.27170902,-1.1969117,-0.40022144,-2.6140568,-7.7834997,-1.0371112,-15.412539
0.9275953,-0.18529728,0.5400312,0.49314997,-1.0753971,4.261265,0.1486393,-7.3989525,-7.503188,-0.4727491,-0.8544869,0.16070144,2.8406715,-12.882913,-2.0355306,0.04636592,-0.027264874,0.2504999,0.081849284,-0.7097312,-3.1174932,0.87068933,-1.6205997,-18.774933,5.248519,0.27368703,-0.6088945,-0.046820562,-0.15958545,-0.6192052,-0.24366684,0.36083496,2.5349147,-0.41982716,-0.78604305,0.116090745,-7.4993052,-0.2913005,-1.1552278,-4.201232,-0.44800556,-1.1760277,-0.59225225,-2.7577815,-8.527374,-1.0349767,-15.8031025
2.299338,-0.09551683,0.36106557,2.6819856,-1.2944831,5.1666083,1.1989408,-7.4116187,-9.455934,-0.8307554,-0.87349975,-0.07865276,3.8791656,-16.24912,-1.7135749,0.14875619,-0.22329123,0.371057,-0.15422693,0.019437904,-3.622735,0.7646445,-1.3287802,-18.99039,6.150865,-0.024932306,-0.26586914,-0.029756302,0.31509224,-0.72450083,-0.15106107,0.09312695,2.12108,0.77812195,-0.2909283,-0.30100018,-7.860212,-0.34156576,-0.8937473,-4.6190453,-0.25624308,-0.5936048,-0.38657057,-3.4394195,-9.869083,-1.168215,-16.954979
1.9900378,-0.29202154,0.22548239,3.3192308,-1.1567558,5.136095,2.2851775,-8.487329,-7.461439,-0.87149376,-0.7244398,0.043306567,2.8954895,-13.593466,-1.4737359,0.1279196,0.10643164,0.6063878,0.028810551,-0.30312416,-4.7890987,0.4476862,-1.085946,-19.020704,4.5691676,0.192536,-0.31604263,-0.027161561,0.19626239,-0.7800121,0.21753237,-0.5686574,2.1162505,-0.781296,-0.512903,-0.004929365,-8.163411,-0.267047,-0.87166476,-5.303956,-0.15419248,-1.3894424,-0.37977183,-3.0412714,-9.013209,-1.1516664,-16.276855
2.217331,-0.11713774,0.21378879,3.666333,-0.25842154,7.837891,3.0082326,-6.347296,-11.135324,-0.11404235,-1.0022942,0.063214526,3.282595,-17.173565,-1.4020152,1.3016146,0.11636329,0.5244479,-0.18151881,0.33174923,-5.9321775,0.56971014,-1.2020086,-19.288809,4.7938194,0.17724685,0.2755727,-0.09481544,0.09787903,-0.90177333,-0.15147735,-0.34217364,2.06582,1.7391104,0.17302954,0.19273934,-8.980859,-0.33390754,-2.0244825,-4.5284247,-0.048737057,-0.14566274,-0.3019644,-3.2877781,-9.049404,-0.93053204,-18.142464
2.2251966,-0.58135617,-1.2218331,0.32415563,-0.51662445,2.4318988,-3.2611344,-8.898993,-1.771729,-0.85064864,-1.1389978,-0.23977669,1.8048394,-0.6515265,-1.7323697,-1.7251337,0.34712207,0.75282675,-0.86802936,-3.6267262,-0.2226838,0.7504062,-1.806452,-18.248438,4.458193,0.09635885,-0.5125541,-0.3452142,-0.45533815,-0.11309419,0.36963296,0.82898855,1.5539438,-2.40839,-2.0988512,-2.0493033,-9.688246,-0.3983574,-2.5390992,0.9565057,-1.0235677,-1.3265039,-1.3558834,-5.0979776,-8.594218,-0.3911531,-15.237451
2.0371025,-0.23566923,0.18199871,3.6954882,-0.33226106,5.3058276,1.2884799,-8.369245,-9.470998,-0.8343442,-0.9015463,-0.17703858,2.949732,-14.185739,-1.722418,1.1335697,0.008257859,0.66215986,-0.13682601,-0.5801647,-4.43621,0.40132737,-0.29477817,-18.89092,5.7941985,0.24753769,-0.3282282,-0.006480601,0.16287616,-0.8060531,-0.18252797,-0.69579834,2.045564,-0.63593805,-0.5921515,0.28750283,-7.9586067,-0.078184,-1.0103016,-5.5275435,-0.5298702,-0.42546543,-0.04006695,-2.6758049,-9.950437,-1.1004661,-14.808778
2.0933137,0.083405554,-1.3160979,1.0252631,-1.2884638,3.8871748,1.043494,-7.3764725,-8.595796,1.4358218,-0.7667745,0.10930779,1.1884078,-10.9469185,-1.9035584,0.0014801344,0.1432394,0.37600845,-0.05061337,-0.7994852,-5.564151,1.3439913,-0.6076834,-15.916477,5.390663,0.31410828,-0.38645288,-0.071998395,0.23453256,-1.6136788,-0.10772506,0.6847911,0.28356838,-3.992931,-0.54127294,-0.12667373,-9.894866,-0.31010917,-1.168917,-3.8321838,-1.2622944,-1.331083,-0.94094694,4.6348634,-10.590785,-0.7781296,-16.243935
2.099704,-0.21637577,0.24145442,0.66784346,-1.1299309,4.9605813,1.2087682,-6.9001546,-9.693961,-0.9644287,-0.71726805,0.009877727,3.684605,-16.791313,-1.4422721,1.1639469,0.041332424,0.5544049,-0.1354059,0.047342848,-3.653035,0.42258906,-1.4150906,-19.353636,5.865343,0.20156293,-0.1413236,-0.035915077,0.038894035,-0.677056,-0.07432914,-0.28118777,1.9109919,1.6271037,-0.3202199,0.013353347,-7.205173,-0.34791988,-0.70662385,-4.04374,-0.18168572,-0.66010743,-0.36029202,-3.1843853,-9.794571,-1.1390367,-17.315832
1.4103094,-0.18808356,-0.60359657,0.2071292,-1.2614193,3.1582928,0.0508084,-8.391177,-3.373143,-0.60299397,-0.5499305,-0.05505525,2.3280747,-14.555633,-1.7567364,0.4687083,0.17258468,0.40732655,-0.10799049,0.13920107,-4.2515297,0.08377007,-1.271035,-19.500092,-1.8780658,-0.057109486,-0.6836743,-0.06803835,0.32638976,-0.5099076,0.01211613,-1.4767262,-0.9492742,-1.9561895,-1.3715802,-0.62915623,-7.0030394,-0.41609374,-0.6890135,-4.083429,-0.43631652,-1.2517663,-0.28881857,-2.2789404,-5.6799774,-1.6114879,-14.039623
1.1102601,-0.24091664,0.2217923,0.38869613,-1.0685514,5.4720373,3.4036212,-8.5766,-7.481241,-0.6537837,-0.6438034,0.08278516,2.96794,-14.0738,-1.7236278,0.0663016,0.09021071,0.5848614,0.02952817,-0.36055425,-3.9878774,0.4825191,-1.2546201,-18.712868,4.160044,0.25464043,-0.37361655,-0.08054182,-0.14158629,-0.42910925,-0.07142288,0.15502965,2.5080132,-0.5767738,-0.8178961,0.2503433,-8.142777,-0.3109291,-1.0361803,-5.869414,-0.7247445,-0.75761753,-0.4510788,-2.7919633,-7.364524,-1.1755831,-16.393955
1.094863,-0.25888804,-0.0477215,0.15555264,-1.0282321,3.5356631,-0.029911766,-7.6707745,-6.335418,-0.7517845,-0.4612516,0.0058278297,2.8549664,-13.793531,-1.8459957,0.07121753,0.061073504,0.42175728,0.06598356,-0.5896943,-2.7408495,0.9049705,-1.5644603,-18.838701,3.711741,0.07982466,-0.53217244,-0.07732614,0.24953732,-0.31316155,0.25482267,-0.767825,1.9583628,-0.7798189,-0.5772727,-0.068313055,-6.804535,-0.38233593,-1.1651571,-3.9896564,-0.3820876,-1.2770355,-0.28571555,-2.4171228,-7.514308,-1.0401525,-15.245333
2.017062,-0.11749896,0.2989553,2.9444923,-1.1544292,5.2292123,2.0990639,-6.748038,-9.757763,-0.8945315,-0.71481705,-0.03666782,3.5340865,-17.296303,-1.4544677,1.1013525,0.11800948,0.5051974,-0.13356589,-0.02583651,-4.7637286,0.34068966,-1.3391488,-19.579514,5.895775,0.18357332,-0.17355423,-0.033612777,0.005075161,-0.7274945,-0.2146271,-0.02559628,1.9382244,1.5305016,-0.35053334,0.0869973,-7.956565,-0.33795926,-1.1077485,-4.014738,0.0007414717,-1.2972281,-0.39938137,-3.1135266,-9.874103,-1.1440494,-16.713984
1.9749813,-0.11355697,0.25291657,3.1205292,-0.38173026,5.088981,1.506654,-7.5617986,-10.180969,-0.89976335,-0.6745374,-0.029892996,3.581792,-16.174746,-1.4523326,1.2053492,0.13487819,0.622899,-0.1243546,-0.041074947,-5.9124904,0.48638842,-1.1928483,-19.529764,5.4479356,0.18596978,-0.17688641,-0.1899802,0.49545008,-1.410126,-0.17055666,-0.3138782,1.8787067,1.6800103,-0.41623598,0.08526591,-8.453738,-0.29400578,-0.87069553,-4.1674447,-0.39756086,-0.1770026,-0.4230289,-3.1803544,-8.784457,-1.1540056,-16.46906
1.9624147,-0.19184254,0.37038624,1.307465,-1.0813057,4.9996758,0.89988846,-6.9936643,-10.089512,-0.98960376,-0.7002583,0.010471605,3.7721438,-16.234644,-1.4468914,1.1693916,0.046726957,0.5967031,-0.11706614,0.027760299,-3.7461164,0.5036878,-1.3451802,-19.269165,5.491677,0.19250897,-0.1445478,-0.15610716,0.49940547,-1.4375947,-0.13110077,-0.34784132,1.9205921,1.7111411,-0.2780075,0.06795952,-7.873431,-0.36659122,-0.7023343,-4.1135473,-0.48140353,-0.15460928,-0.43096897,-3.2196457,-9.902953,-1.1420853,-16.666794
11.342601,-0.18206894,-0.73770314,7.1394887,0.48208636,27.667427,17.992563,21.936123,17.04512,0.87827337,0.91341364,1.1523454,19.655981,31.296919,0.72017473,0.886551,-0.30138126,0.5049874,0.58041316,-0.26596025,23.73644,0.550794,24.315355,45.632015,2.3910096,0.43421715,0.67949903,-0.13181144,0.61346376,-0.55463415,0.078327484,17.469198,0.31814507,19.670937,3.9132578,-0.15465397,21.86898,0.64558125,4.324288,8.02271,-0.67651564,1.8729731,3.2011235,3.3623772,10.102325,1.0164449,22.231651
7.121516,-0.4278394,-0.3068402,8.272197,0.5236087,25.555304,25.450567,15.999193,11.67754,-0.5524423,0.9128521,0.34816238,26.465277,24.249403,-0.63533884,0.50435585,-0.72157717,0.15254116,0.2793958,-0.90092355,19.885496,1.3622016,10.873965,36.681625,14.738641,-0.247091,0.63930255,-0.42657456,-0.031868014,-4.861945,-0.16033214,-3.8287582,-0.5434833,19.654797,2.9000354,0.32523617,22.909233,-1.081173,-1.9455838,10.085329,1.2545912,-2.397003,2.6637316,4.9246135,8.560777,1.3352158,14.900032
11.704649,-0.48552632,-0.65631574,11.881166,-1.293672,26.816267,29.505793,16.095057,11.767951,-0.2635177,1.7706234,0.17314127,25.146002,26.327728,-2.1824596,0.49329242,-0.73421305,-0.28674516,0.21507578,-0.8656447,18.84213,1.482468,12.073571,42.62084,21.014908,-0.26999664,0.36419713,-0.26810202,-0.22175822,2.321946,-0.040751506,16.100523,3.8829505,22.192171,3.6246068,-0.0038126768,23.98664,-0.46982598,4.8961935,10.971757,0.27091467,3.734085,1.8178816,4.0751543,9.109325,0.4807732,16.095463
3.0975528,-0.31726474,-1.4009072,-3.3759766,0.1415279,5.293663,11.818747,5.511142,-2.8761103,-0.44170392,0.42404693,-0.60620296,0.29681247,33.840527,4.564538,0.53491503,-0.6298227,-0.087554865,0.19375594,3.202592,21.502716,0.634002,2.2635467,30.377115,-1.5785099,-0.12820494,-0.002384468,-0.013096544,1.4618537,-0.2753801,0.24026339,-0.9701839,-0.96256995,2.1470015,2.4019206,-1.070156,14.949704,-0.23307858,-0.7822749,1.2078434,0.7170104,-2.383578,0.67452663,2.0425563,10.853504,0.099638455,20.927961
2.116128,-0.31807247,-1.5168232,-2.1409626,0.75418234,5.8232517,10.992215,4.331064,-3.056958,0.3157209,0.44990873,0.7325018,0.32548952,33.311954,5.0888443,0.043215334,-0.666807,0.14843298,0.31475225,5.394397,20.540138,0.4189015,-3.0622091,30.737331,-2.1266112,-0.21178702,-0.26756254,-0.07489745,1.4107231,-0.35091662,0.3997052,-1.2632066,-0.85567915,2.7439566,2.4202788,-1.8596612,14.566932,-0.31474608,-1.0164638,2.4982765,0.64139426,-2.192787,0.78125346,2.2841232,10.560119,0.064539135,19.347265
2.85941,-0.23045799,-1.5136584,-1.8919749,0.42722106,9.205706,10.416246,2.9530752,-3.5251818,-0.99293864,-0.49300563,0.4562487,-0.5832383,26.508152,5.6910496,-0.34472668,-0.47302106,-0.16996954,0.26570356,2.2834854,19.20643,0.3198465,-3.15841,28.563345,-1.8891183,-0.21452089,-0.21810308,-0.0013960854,1.5181876,-0.40189973,0.045933623,-2.25832,-0.9762581,9.932268,1.927523,-1.5576551,14.015998,-1.3901207,-1.2696667,6.308859,0.6227371,-2.7191415,0.3937516,3.7508912,10.094598,0.1748725,20.10791
2.871284,0.08873197,-1.7298577,-1.5727212,-0.045849808,10.784264,11.870506,1.9609126,-2.6083665,-0.727389,-0.1860383,0.4694805,-1.6215112,26.559677,5.117594,-0.3697909,-0.39703554,-0.086584896,0.20804164,4.8891954,0.7377728,-0.09299517,-1.7906159,30.846006,-1.7098747,-0.17286499,0.07807387,-0.03496187,2.0225601,-0.5464351,0.12725888,-2.2778397,-1.3217052,10.470599,2.459217,0.8395642,17.21347,-1.1673357,1.1023211,5.1910777,0.34653115,-3.164481,0.41844192,4.7338543,12.227205,0.13998233,27.363352
3.4134624,0.34850764,-0.6540101,-1.36978,0.39060214,12.916529,15.096168,1.765963,-3.0642793,-0.09807492,-0.13302861,0.35784268,-1.4131024,22.344934,5.1632934,-0.54796535,-0.43186066,0.23319313,0.22703855,7.5506835,0.5271666,0.5325134,-2.5366607,28.796852,-1.6162262,-0.16899689,0.9995668,0.023681011,2.2502687,-0.71936023,0.027631057,-2.2580333,-0.94017106,9.644089,2.9718323,-0.84685856,17.822735,-0.884613,2.4502559,7.137609,0.4059062,-1.4451067,0.44658053,4.1397367,9.364375,0.13366683,24.852606
3.0132518,-0.191152,-0.5420371,-1.1220357,0.17242637,12.3304205,9.923024,3.0773687,-2.4269073,-0.11187198,-0.1350046,0.734921,-1.4029579,23.44868,5.717048,0.4429915,-0.67373276,0.15383124,0.35542542,7.003813,0.43132305,0.27560762,-1.803733,27.426771,-1.6864905,-0.13155894,-0.15379205,0.036032587,1.9845899,-0.42950118,0.1296457,-2.351543,-0.769871,10.672772,1.6386604,-2.0095456,17.702055,-1.0760144,2.4087727,6.2805448,0.6185532,-2.3238745,0.5197474,5.333003,13.310343,0.2891355,26.574932
5.1679435,-0.35766435,-1.6386011,-1.7784607,-0.08652761,11.240628,10.471048,3.84016,-4.261323,0.20831296,0.6092088,-0.7756716,-3.4688861,27.00209,5.1868258,-0.10021901,-0.41643208,0.016026635,0.24162962,1.5794932,1.5015795,-0.22453864,-2.2684617,29.85629,-1.1096084,-0.344569,0.114496894,-0.08386635,1.7512913,-0.94200915,0.24415365,5.948039,-0.74658453,9.049497,1.7803918,-2.6449473,17.046867,-1.3356074,2.625534,6.384584,0.17466436,-1.6415262,0.7598297,4.342175,13.74955,0.26299873,26.554094
2.571707,-0.060512457,-0.9667403,-1.1621311,-0.26288256,11.443331,10.95673,-8.966276,-2.264374,-0.56509507,-0.43949133,0.4164031,-1.6556231,23.90927,5.545805,0.47588718,-0.3668656,0.12317329,0.06605498,6.29694,0.69799924,-0.49919212,-0.9611444,30.860306,-1.4208406,0.13265131,0.34103107,-0.04600673,2.295526,-0.51922965,-0.07711816,-2.2184343,-0.8223222,11.106843,1.6455052,-1.9605387,17.279217,-1.3527801,-0.9797894,7.5053773,0.76600343,-1.061462,0.47510707,4.6137547,20.743818,0.23030324,25.792763
3.198921,-0.5552751,-0.77937555,-1.5501853,0.18966602,6.7062306,13.14325,-9.348242,-3.6941805,-0.9915599,-0.28770465,0.16451555,-0.8022792,19.907377,6.0469446,-0.40724352,-0.42050526,-0.20519084,0.36218202,5.410641,0.36136565,0.13057707,-1.1674174,36.481194,-0.63775176,-0.29344824,0.21142556,0.020352067,0.099610336,-1.0942817,0.12740046,-0.7948855,-1.4109414,9.86211,1.5699849,2.0191772,17.278616,-1.139844,6.596019,6.9323025,-0.17254433,-1.3803498,0.8303499,3.7593677,20.975872,0.23141003,25.225054
2.1998897,-1.1818837,-2.1073208,-3.038767,0.20853122,6.554932,12.667057,4.550664,-7.2798076,-0.8383335,-0.28507438,-0.40219545,-0.5111507,23.213558,4.568155,-0.31624484,-0.06693075,-0.086378224,0.22610515,2.458355,0.299238,-0.1803796,-2.3133664,34.459564,1.4185289,-0.16089457,0.13544081,-0.12931934,0.38921973,-1.8240538,0.12333054,-2.113072,-0.95631236,9.990333,2.4384797,4.3966436,17.739214,-1.292045,5.361419,6.6621675,-0.49090073,-1.409031,0.77453834,3.8931549,13.363034,0.2957026,26.600721
-0.53506577,-0.8121978,-0.6941472,-3.005442,-0.65067524,10.900361,10.650733,6.312511,8.512216,-1.2810875,0.73307776,0.8411391,0.5873422,35.683426,6.7613573,0.045129836,1.0255561,-0.15046929,0.47240946,-0.38881695,19.682386,-0.44144472,21.44457,43.683727,-2.1516826,0.54631144,0.45825925,-0.121831805,-0.9870003,-0.033837445,0.19876513,-2.4422016,-0.95966935,-9.65903,2.7723043,-1.6482483,20.122364,-1.1556011,0.83913374,2.1211405,0.23353904,1.5962566,1.4798449,2.1272407,11.817822,0.56417394,18.457123
4.1966653,-1.8045926,1.5304714,-2.3967247,1.7321278,-5.99944,2.944262,19.17356,42.199867,0.32029292,0.7266471,-0.16469689,1.4728407,35.01854,7.4850087,2.8313315,2.6076143,-0.76753867,-0.6166614,2.9191196,-0.70509946,0.28921923,11.506924,46.228355,-5.205927,-0.015831523,0.22860394,-0.15564913,0.051477503,-0.45124248,0.31833112,5.4589067,-1.2500973,-2.6956153,1.229944,-1.9538234,22.379871,-0.37313667,4.4897118,4.146632,-0.32297474,2.1522002,0.17110303,1.6920353,8.428666,-0.16727225,28.069193
4.993224,-0.3997359,-0.2934313,-3.3800046,0.67511696,2.8279533,3.4484873,15.515741,32.606876,-0.5144152,0.6671243,-0.36542547,-0.08641121,35.42712,7.179681,1.7332401,2.3451607,-0.61340547,-0.8782477,2.240608,21.994705,-0.34232697,14.744069,46.180565,-6.8891187,-0.21435404,0.38153407,-0.016155876,-0.1844768,-0.9091965,0.17362034,7.903494,-1.0297799,-7.676283,2.7772636,-1.1822497,22.80959,-0.21120673,0.35959786,5.633909,0.15514696,-1.1122371,0.7258159,0.70098317,5.59068,-0.17143017,23.751478
-1.0822145,-0.16201635,0.766749,-0.96211153,2.3561678,-1.9547735,-1.1497812,15.945226,34.84303,0.4952338,1.0767778,0.060343895,2.1676662,35.669937,13.78693,3.1828606,2.7877147,-1.0022124,-0.2531056,2.833805,19.95768,-0.7669413,10.655662,47.12055,-5.258046,-0.3748971,1.0963861,-0.16780753,0.022630347,4.732952,0.19152424,-0.029563807,-0.50569165,-7.12168,2.317858,-1.2167119,22.981092,-0.10050687,2.0600781,4.714436,-1.0462787,4.49317,-0.23198052,0.9240185,6.832756,-4.669841,20.706715
-0.7622903,-0.23789455,0.27186382,-3.263376,0.044976726,9.955473,9.861155,7.955337,5.8541083,-0.9157526,1.1612887,0.23725908,0.44122702,32.385746,6.417452,-0.57284653,3.0931213,-0.7507865,0.25312352,-0.74217165,2.4868896,-0.6101167,19.092232,43.33961,-7.7823024,-0.12164991,0.016415281,-0.07052996,-0.8154796,3.956058,0.34258008,-2.2199924,-1.0452247,-7.4332323,2.544996,-0.96245813,24.861479,1.0215315,1.4420555,2.6455097,-1.0242605,1.9901206,0.40209556,1.6524215,10.599026,0.7639286,26.9941
4.2855396,0.64165187,-0.86256564,-3.9770525,0.14281867,11.77949,12.854326,-0.031747483,5.352992,-0.7288372,0.98248,0.10378447,-1.532015,28.058386,5.4788294,0.63372517,0.7291279,-0.1852216,-0.25342292,-1.6231983,21.613352,-0.17679524,8.415695,38.301647,-2.8790507,-0.092310674,0.3226187,-0.031381372,0.0067377277,-0.08261153,0.33510858,8.955054,-0.34925288,-7.735234,0.09972715,-2.0802655,17.239658,2.1840122,-0.74402446,8.381265,0.54906845,1.4298155,1.2975274,1.483634,11.641302,1.1332206,19.650488
4.4782066,0.35789394,-0.6689982,-3.5295966,0.8075048,10.896159,12.711494,10.092142,12.249749,-0.4147374,0.8970336,-0.3363088,-2.8279128,28.827991,9.541714,0.43052015,0.94326895,0.036382835,-0.16788372,0.17581826,22.140686,-0.20995362,20.316029,46.893784,-1.5130762,-0.13162138,0.54997367,-0.06555787,0.33864552,0.26401025,0.25205168,8.699251,-0.8118176,-6.185143,0.034847472,-3.3075664,18.033054,1.9712874,1.759992,3.3837833,0.3364919,5.6152277,1.6695155,1.2777923,12.360951,0.55031586,18.268524
-6.4805503,0.34877187,1.6432538,-0.7717611,0.62755984,-5.745144,-5.05832,15.749257,34.29535,1.5327677,1.0075173,-1.3107771,4.462553,38.1389,16.54878,-0.5629423,3.3162034,-0.64533657,0.2251764,2.8134954,17.735216,3.0898166,8.776686,48.266354,-2.0002718,-0.41213825,0.17289294,0.41831923,-0.6468021,5.905945,-0.546777,4.6145005,-0.9396339,-6.2067785,-4.242423,-0.40445948,22.939934,0.4958112,2.2326655,4.896027,0.32142842,4.60334,1.2744943,1.0378093,9.2486515,-4.2242975,18.684023
4.280698,0.3821305,0.99549806,-1.5032997,0.06622476,-1.215498,4.759782,17.49301,40.184074,0.08789612,0.7749188,-0.08152246,2.2576668,25.240196,9.082138,2.5606942,0.8466126,-0.5037744,-0.11303216,2.37568,20.558064,0.036269363,15.682273,44.05162,-3.9665587,-0.94358814,1.0607569,0.1326326,0.45553583,-0.673981,0.3004872,-0.37544632,-2.2427351,-6.447653,1.7885811,-3.2044697,21.505323,0.02190143,2.831954,3.7085624,1.0775476,4.4156704,1.3895494,0.944726,6.877869,0.22054847,21.109327
1.6945343,-0.30975187,0.22412027,0.5148924,-1.5475738,5.0226965,1.8204836,-8.443347,-7.1326885,-0.8214907,-1.0452713,0.15881944,3.2254634,-18.01625,-1.8313621,0.8249649,0.115778714,0.7170802,-0.06622514,0.7010092,-5.0350275,-0.031573128,-1.2624677,-18.92119,-0.7377658,0.21060055,0.5516545,-0.007061372,-0.07362658,-0.4490716,-0.08357721,-0.38950524,1.895981,2.0088792,-0.21815002,0.07286719,-7.2003846,-0.55242246,-0.83228594,-3.5817113,-0.23785459,-0.3817038,-0.42598772,-3.4804947,-4.7323675,-1.0395498,-16.09389
1.7077247,-0.21747541,0.49543634,0.5107779,-1.6232285,5.848739,1.5596521,-9.904404,-8.504102,-0.2998071,-1.0222818,0.2072708,3.476865,-17.696297,-1.874698,1.167687,-0.84563667,0.8041823,-0.21128634,1.741625,-3.9052565,-0.4195979,-0.56887454,-19.332504,-0.9070704,0.20231743,0.7304913,-0.0061463327,0.19346336,-0.63162917,0.005153324,-0.30673847,1.8495712,1.764199,0.4342734,-0.008140763,-7.2619276,-0.44218913,-0.69627315,-3.5970056,-0.18046634,-0.46789387,-0.58082366,-3.4646778,-4.975683,-1.0211996,-16.076046
1.514249,-0.25226635,0.21397565,0.2817561,-1.3399702,4.680622,0.11855526,-7.2905498,-6.470414,0.047913488,-1.0133147,0.20312433,3.709333,-18.129902,-1.6170336,0.5061366,0.100710206,0.677284,0.071838774,1.7419662,-3.1741207,-0.8840956,-1.5256499,-19.345741,-0.7844464,0.2138782,0.82663834,0.0047102044,0.02685532,-0.2461493,0.27950385,-0.160797,2.1140397,1.1413016,-0.4594958,-0.18008907,-7.2162046,-0.41211152,-0.7782303,-3.6371002,-0.14905375,-1.1931907,-0.35583982,-2.7745204,-6.4775906,-1.0373071,-15.813036
1.6106758,-0.23534492,0.40414506,0.23564933,-1.4730188,4.78069,0.8592002,-6.8622932,-7.2008715,-0.41292498,-0.78846496,0.2652309,2.9112878,-18.62515,-1.6802654,1.1554995,0.123675175,0.5863512,0.16818148,0.46502617,-3.623466,0.30257514,-1.2014238,-19.350822,-0.68851364,0.26635942,0.46379018,0.010429883,-0.05700298,-0.1885164,-0.14669217,-0.22293831,2.0473552,1.7987931,-0.20498672,-0.108823664,-7.3568316,-0.42939085,-0.86753666,-3.7215533,-0.19890845,-0.6548882,-0.3864185,-2.840773,-6.2110996,-1.0548913,-16.029533
1.2733202,-0.20593879,0.3649793,0.55755746,-1.3117968,4.6525383,-0.0415838,-6.5849285,-6.071343,-0.76227325,-0.49480206,0.17562285,3.0778632,-13.92411,-1.9862208,-0.012213925,0.013142905,0.6055957,-0.16959918,0.20637736,-2.9012055,0.86188275,-2.0117233,-19.518433,-0.9941068,-0.30858222,-0.3031916,-0.040103663,0.0459901,-0.16895007,0.26103616,-0.12543651,2.6997998,-0.4391501,-0.37591246,-0.0011154184,-7.5814056,-0.45281258,-1.0962714,-3.422538,-0.32126555,-1.3801992,-0.52983874,-2.579765,-5.5581346,-1.0555305,-16.689945
1.6945375,-0.24318114,0.7725495,0.3013347,-1.3190581,4.544723,0.3758651,-6.9609437,-7.3534803,0.26245725,-0.98587924,0.16822478,3.9711819,-17.583439,-1.707178,0.8305542,-1.1856742,0.5520276,0.1886825,-0.20902151,-3.2558095,0.5701301,-0.8067286,-19.090342,-1.3409941,0.1806832,-0.31240287,-0.07803361,-0.022794934,-0.2985024,-0.009402084,-0.3450265,2.0443573,1.0449742,0.24741073,-0.16970831,-7.002744,-0.35866922,-1.2295582,-3.8190506,-0.20205645,-0.7098658,-0.5653434,-2.892814,-5.6436505,-1.0249655,-15.060499
2.0887902,-0.26281488,0.47032416,1.8411033,-1.2184739,7.0042763,2.7816768,-8.195795,-9.666574,0.37204424,-1.3158628,0.104074456,2.7192554,-17.606,-1.4427917,1.0225639,-1.5912707,0.5553857,0.049494427,0.31270978,-3.875491,0.30995628,-0.9093893,-19.106602,4.4317217,0.21934478,0.48180026,0.019802375,0.20952758,-0.46311283,0.14428107,-0.37862054,1.8749065,0.7805869,0.6558375,0.49072427,-8.356818,-0.31407943,-1.3224603,-4.2558007,-0.23483433,-0.45916498,-0.5525703,-2.9797883,-8.694943,-1.0009727,-18.782396
1.6811138,-0.25604287,-0.022739628,0.4521633,-1.3289363,4.759702,0.3630168,-7.702142,-7.457933,-0.68690926,-1.1503806,0.22348918,2.192892,-15.37221,-1.9743634,1.2719831,-0.003053852,0.55137885,0.33031964,1.3220751,-3.7862298,0.41870233,-1.0888897,-18.67119,-0.5826147,0.29704642,-0.7361775,-0.2745956,0.4366885,-0.46572506,-0.06111536,0.31364167,2.2477663,-0.29663157,-0.66811556,0.23270494,-7.4899654,-0.41282082,-1.2641045,-2.593472,-0.15184163,-1.3257166,-0.4080223,-2.5974197,-5.606707,-1.0572573,-15.821351
1.8165584,-0.34635055,-0.2954083,1.8668864,-1.4144337,4.833192,-0.21173625,-6.530391,-10.35404,-0.70864004,-2.691956,-0.12874898,2.5300748,-14.940369,-1.336764,1.2375369,-1.3352435,0.0762709,-0.2219977,-0.24220806,-4.396814,0.130334,-0.8547016,-20.015352,-0.5387764,0.2790966,-0.59766835,0.0060446886,0.0006549446,-0.21341465,-0.040464424,0.15360676,2.7408094,-1.6273812,-0.4775266,-0.28975904,-7.818641,-0.7394849,-0.7180243,7.314114,-0.41001886,-1.2318932,0.014083722,-4.0905037,-5.6380043,-1.1666024,-15.501971
0.7891221,-0.13629274,0.45071146,0.3756947,-1.0249115,3.3370094,2.300954,-8.094928,-5.9453945,-1.1391495,-1.2156652,-0.28726035,2.7473278,-8.389546,-1.7144718,-0.5136296,0.17349145,0.6322648,0.014866121,-0.4495662,-4.012967,0.7986664,-1.7136345,-18.716816,3.059487,-0.05108921,-0.33575934,-0.024236877,0.16158389,-0.7823502,0.035068907,-0.068414845,2.883592,-1.0138854,-1.0694327,0.016160743,-7.911855,-0.2057828,-1.3144933,-5.1580276,-0.65595317,-1.5453374,-0.33805496,-3.5941923,-7.776339,-0.60554975,-16.096464
2.0996091,-0.19960587,0.22450086,0.6860554,-1.1357479,4.9842057,1.2096077,-6.920333,-9.723721,-0.96367145,-0.93129885,0.010739485,3.687115,-16.786787,-1.4235787,1.1582252,0.044151656,0.5583353,-0.15804018,0.010174648,-3.6050634,0.43439874,-1.4149687,-19.327974,5.8692,0.19782466,-0.1678555,-0.033730455,0.026609283,-0.6723177,-0.05607231,0.08305606,1.9164149,1.6717803,-0.24894705,0.018060967,-7.226375,-0.33971593,-0.70609796,-4.041532,-0.20118484,-0.7237914,-0.37092522,-3.1843667,-9.917206,-1.1444257,-17.383148
1.4498062,-0.12670818,-1.117144,0.056575842,-0.9935329,2.3313837,-2.6618812,-7.0071983,-5.841746,-0.7238217,-0.5319679,0.11601039,0.95688343,-12.837152,-2.4144914,0.0668124,0.2774137,0.13133553,0.008858428,-0.15402454,-0.58325565,0.83224934,-2.0471926,-17.814157,-0.359595,0.076671705,-0.41221,-0.78911805,-0.17865233,-0.08651688,0.03963114,-0.67488045,1.9586833,-2.2981117,-0.7203201,-0.14131273,-6.484991,-0.20560855,-1.2034513,-2.5132742,-0.44675875,-0.9196826,-0.3835278,-1.9368345,-4.5292144,-1.0850551,-12.471563
2.412796,-0.61971134,-2.5242774,-0.30206096,-0.80360967,5.465207,-4.704955,5.2174983,-4.5606976,-1.4518518,1.1580669,-0.7677603,-0.63026476,25.73106,2.141047,-0.15001243,-0.011469705,-0.14653012,0.6363845,-1.4613098,1.0082177,-1.1120821,-3.5722969,28.265186,-1.9043967,-0.75442713,0.17675076,0.101063445,0.05490527,0.16804779,0.43351138,-3.777055,-1.7627063,0.97465104,1.8906751,-0.56506526,17.448336,-0.26207748,0.7195109,2.4151592,-2.338592,-2.401387,0.35593858,2.4571593,9.814674,0.080302246,20.779099
-0.8725203,-0.5992489,-2.5189126,0.10180361,0.17985679,7.088185,-5.4814453,6.61149,-4.696272,-1.6038827,1.0487752,-0.8556845,-1.1694288,25.144915,2.3750992,-0.026799481,0.044876482,-0.18357006,0.67654335,-1.6792539,1.0194193,-1.2722576,-3.4509869,27.575508,-2.5410314,-0.65211046,0.15982258,0.0071062036,0.25119707,0.12143565,0.4337824,-1.7875977,-1.956783,1.2274305,1.8891466,-0.6112544,17.292368,-0.25725895,-0.41778067,3.2925653,-2.2140377,-2.6289608,0.5857768,2.460834,9.901825,0.19160573,21.319448
-0.5036446,-0.53572726,-2.398032,0.0326535,0.49486724,7.8955946,-9.111791,6.4686694,-4.6706305,-1.4817972,1.0436434,-0.75410664,-1.1233771,23.1751,2.4437435,0.00052051625,0.05917191,-0.18650469,0.4440322,-1.4752034,1.016253,-1.130807,-3.4052918,28.754784,-2.4384272,-0.7559839,0.17093343,-0.05071957,0.060663685,-0.049500074,0.44043526,-1.8083123,-1.42643,1.1447115,1.8636248,-0.64499843,16.601454,-0.33022484,-2.9844055,2.1466773,-1.5913478,-2.7881873,0.6670743,2.455572,9.748437,0.15991892,21.160187
1.4058028,-0.17852409,-0.68824184,0.19450775,-1.2887082,3.125958,0.028117599,-7.694381,-3.4141347,-0.50154483,-0.5532534,-0.047529582,2.3225086,-14.437258,-1.7439789,0.45239952,0.19825594,0.40066558,-0.068729855,0.11638646,-4.20481,0.125636,-1.5801735,-19.466606,-1.9525656,-0.12511286,-0.38585675,-0.05283369,-0.08306636,-0.53539157,0.0362928,-1.7791957,-1.513978,-1.9288219,-1.6888032,-0.6114807,-6.176232,-0.78657913,-0.9982416,-4.093501,-0.43544862,-1.2453393,-0.2923322,-2.258278,-5.877015,-1.6153755,-14.035529
1.4116092,-0.18901604,-0.61100703,0.22102337,-1.2619199,3.1276135,0.11590092,-8.4334545,-3.3208141,-0.6059031,-0.55029356,-0.054057855,2.3262334,-14.530452,-1.7747298,0.46700546,0.35015136,0.40570512,-0.105022684,0.14342494,-4.2625732,0.07575627,-1.2724493,-19.502842,-1.8835435,-0.067362584,-0.6829705,-0.087688655,0.3269432,-0.51371866,-0.0029464776,-1.4866517,-0.94755775,-1.9462668,-1.7391887,-0.6322395,-7.027789,-0.39737415,-0.6460677,-4.075365,-0.4420727,-1.2578932,-0.3093646,-2.269114,-5.7035365,-1.6143669,-14.036175
-3.2574084,0.2362157,0.19230127,-1.375387,-0.003846907,-12.866325,-11.132143,7.925855,5.274043,-0.06751237,1.0280496,-0.9343406,1.803172,17.927729,-5.278908,4.060358,1.5082695,-0.29934332,-0.21003424,-4.998093,19.448166,0.14562991,13.578954,29.04749,0.5314565,0.72007793,1.494213,0.24562263,0.5127425,0.60383207,0.3371403,-0.306394,0.10663347,15.886876,2.0821378,4.961568,16.486164,2.6766062,-1.399844,16.971191,-1.3962184,7.220729,-3.121367,2.1927168,5.8089304,0.0005186805,16.195614
-3.0479188,0.759429,0.3272818,-1.3043374,-0.21631452,-12.921167,-9.653657,17.076818,4.7458816,-0.82584035,0.5812271,-1.1100096,1.6934384,18.723467,0.6577014,3.486857,3.2373085,-0.23400116,0.064438745,-1.0373908,18.70367,-0.28228983,7.8187237,29.015821,-0.5917609,0.68077564,1.2414064,0.12712163,0.37323493,0.5452956,-0.6190991,-0.39180833,0.11196439,12.807004,1.5358976,3.6476486,17.20203,2.9945436,-0.9171085,8.117642,-0.9782672,7.7755566,-3.7057889,1.5439955,7.233597,-0.14226459,15.668774
-3.37981,0.28807566,0.62522745,-1.5043844,-0.24614526,-15.846267,-10.014548,15.553219,5.6277695,-1.4421579,0.57876647,-1.0609249,0.9083002,18.687082,-10.772074,3.27433,0.18767099,-0.4695558,-0.7391878,-3.8813124,19.693224,-0.17533998,9.005962,27.358978,-1.970235,0.6124299,1.1741501,0.8968053,-1.0450774,0.83781755,0.19755027,-0.1939946,-0.17348826,13.543956,1.360205,4.0027843,15.251466,2.3165164,-0.8543347,23.14468,-1.9316735,7.713058,-3.2039666,1.7365353,6.743789,-0.030121338,18.1446
-3.1026201,0.08717452,0.39150953,-1.2613016,0.054423973,-16.290176,-7.96603,14.558881,4.0891085,-0.25119478,0.3390955,0.048789103,2.3008308,31.226892,-6.5857534,3.2104616,0.42973062,-0.4630847,-0.41281816,-1.976117,18.726362,-0.312946,8.288433,28.579515,-2.7059813,0.29062492,0.960381,1.0833542,-0.45035097,1.91225,-0.011436075,-0.5809123,-0.48531178,2.43678,1.15033,-0.28399912,16.902393,1.7108138,-0.7570592,28.354385,-1.1812432,8.168391,-5.0798454,0.88626987,7.6828413,-0.22800638,17.086514
-4.5132265,0.22006802,0.23386033,-1.1651983,0.43619367,-14.087998,-12.85138,38.01129,4.600903,-0.8635776,-2.9504101,-0.76668465,1.4790784,28.959297,-5.3359747,1.7165172,0.018537851,-0.5919593,0.6758913,0.39321396,17.453253,-0.12823497,6.312368,31.231812,-4.4779797,-0.8507315,1.6314179,0.48224592,-0.67257655,2.3524349,-0.55484945,0.26061195,-0.71826917,0.17706342,-4.522451,-1.4833463,12.600741,0.60911894,-1.4763713,26.449198,-1.6762542,6.557384,-1.663782,0.6538403,6.4049487,-0.2960096,14.624534
-5.90127,0.8654421,-0.27062544,-0.8864553,-0.53734,-13.87187,-11.134857,40.291782,6.7541122,-1.0897341,1.0265542,-1.1342635,1.952268,30.112097,-1.9958652,0.7498129,1.6368381,-0.18150651,-0.35036632,-3.6707418,17.816488,0.1565859,7.478763,28.374157,-2.219948,-0.69558823,-0.15645243,-0.021535743,-0.19105248,2.2436633,-0.7909822,0.09891292,-0.53066844,0.42298675,-3.8901432,2.516266,14.779016,0.6934055,-2.540211,18.832035,-2.2814252,5.6988144,-2.7800965,3.4063218,6.178802,-0.34777546,16.204412
-5.8530564,-0.0993115,-0.5806008,-1.127003,-0.33633435,-12.141606,-11.968091,36.823055,6.370147,-0.8126989,0.22291583,-1.2283127,0.9543631,31.465328,-0.66527915,0.29023692,1.2916028,-0.6502739,0.6453302,-4.982266,17.240194,0.09536786,8.252666,31.327673,-4.278425,-0.121516936,-0.020640964,0.5451128,-0.15020087,0.47467256,-0.12794298,0.34387383,-0.6705061,1.5592476,-2.1762447,2.4480119,15.470137,0.9784884,-1.4606142,21.395773,-2.647964,5.7999516,-2.4057665,-0.9095845,6.088753,-0.27688846,15.55831
-6.0112376,-0.22645892,-0.01336065,-1.0585412,-0.30918247,-11.172234,-12.312241,39.48343,5.8136587,-1.546851,0.7300872,-1.3771378,0.83961713,26.570547,7.831583,1.3946795,-0.20380473,-0.86843145,-0.030819861,-5.9116187,17.497253,-0.25570434,6.4095616,32.51957,-7.1709924,-0.55682266,-0.12527241,0.2914228,-0.45186916,1.6012064,-1.1052306,0.36320123,-0.72248536,0.94982404,-1.9772544,-0.19830528,14.643113,0.75480425,-1.1986666,25.081797,-2.5432317,3.894337,-2.71121,-1.149136,10.920474,-0.015189918,15.292706
-4.1384172,-0.076035194,0.39518955,-0.96162647,0.47524792,-9.002386,-16.210783,6.6572566,-11.284712,-1.2130103,0.8485304,-3.1487107,-3.37075,26.029375,8.479447,3.2736697,-2.6852245,-0.09440948,-0.5547705,-1.7415296,23.320036,0.10426357,0.53903717,-9.958519,-2.4860854,-0.67611045,-0.30580905,0.06679682,0.12300159,-0.6224699,-0.055072226,-0.6130575,-1.5187438,3.164463,0.66288215,0.18273976,14.051762,1.3385484,-1.3325542,11.682584,-1.3285562,3.3679147,-0.7321179,1.8214792,8.05483,0.1566481,18.272038
-5.650395,0.21742319,2.4486198,-4.699302,1.1628484,-2.439565,0.95437527,38.70375,14.49588,-1.4346023,0.61226195,-0.62604916,4.499297,39.06936,15.083278,1.683253,-11.632955,-0.5472522,-0.6632385,3.7064793,17.024014,-4.6181192,6.4755692,47.0075,3.8996036,-0.43257013,0.55098474,-3.5752568,0.41922003,-2.3133037,-2.7291064,1.5201544,-0.8624088,-4.2056847,-11.267317,-2.404426,23.918594,0.7136301,2.2595985,20.340454,-1.0556455,5.0086303,0.9161244,-2.4012997,13.5781145,-4.8134785,19.783281
2.094328,-0.5685892,4.4506373,-1.9726542,-1.0792904,6.5656614,1.6345934,16.820614,10.601882,0.2039301,0.30330843,-0.67589515,2.2572696,33.34559,7.475233,0.49074918,-0.6140224,0.11320606,-0.3456623,-0.4072403,22.470467,0.54088736,12.860125,42.83198,-8.303742,-0.30218685,0.18913421,-0.40740532,-1.1513714,-0.73976904,0.04910301,-0.7689435,-2.1851442,7.6244564,0.21879438,2.7742987,21.776947,0.12130762,11.775685,5.3764944,-1.6472416,10.427855,1.4696038,2.9615824,10.158773,1.1585505,22.087328
1.3950078,-0.2409795,-3.1415372,0.07858571,-0.64678687,2.4829485,-4.7337255,-6.5823593,0.5639352,-0.5345464,0.16192827,-0.043156445,3.1196263,-12.30165,-1.6304314,0.39422774,0.27063042,0.82655203,0.16875288,0.71442664,2.003959,0.23425525,-1.953972,-15.347717,0.56804967,-0.109380364,-0.22409104,-0.12455234,-0.348204,-0.58636636,-0.114061624,-1.3426971,-0.9274122,-0.49035668,-0.9494419,-0.9244761,-2.3488693,0.086488284,-1.0523403,-4.3218384,3.1249185,-0.8968121,-0.08420814,-1.6554366,-4.999258,-0.57444835,-11.15869
1.6070652,-0.17929618,1.100341,0.26979214,-1.2498726,3.6917958,-0.2259435,-6.295,-1.38127,2.019601,-0.21640173,0.3279588,2.7463093,-12.0393095,-1.176966,0.93478596,0.33384264,1.2388078,0.199158,-0.33427,2.6426332,0.13971178,0.6398913,-15.192769,0.20007269,0.3794213,0.27055225,-0.03149896,-0.7824603,-0.5359575,-0.13928123,-0.46771365,-0.76446384,0.2866762,-1.3097343,0.42777583,-0.6668302,0.075256936,-1.0529304,-1.7883842,7.876591,0.15347536,0.30073184,-1.8352989,-4.956757,-1.1253757,-12.192651
1.3202609,0.0064451545,-1.2373655,0.034515467,-0.5709669,0.13031031,-3.105291,-7.286113,0.50547117,1.8852545,0.16827166,0.34890178,1.5251533,-11.720016,-1.7746503,1.4947348,0.48113492,0.68833447,0.2416725,-1.0109648,1.5048573,-0.5713505,-1.0968729,-14.852266,0.355555,-0.1425729,-0.2283853,-0.13051751,0.22644617,-0.76658994,-0.3499157,-1.0357484,-1.3442229,-1.3579803,-0.5699091,-0.7630452,-3.0334756,0.4059695,-0.8610192,-4.2508855,7.1003766,-0.7588509,-0.07891662,-1.5770569,-3.6908505,-0.26741588,-10.156173
-2.5919263,-0.79890674,-1.2729236,-1.3627723,-1.5479546,-5.048617,-8.83558,-8.434868,-0.8645572,-0.21328406,1.0783004,-0.9738524,5.3799005,15.511404,-5.9395976,-0.21945536,-0.8302013,-0.37542063,0.54362947,0.5538782,1.4176073,0.68009335,-1.779703,-12.516219,-0.97896475,0.05410656,0.34373543,-0.04398872,-1.0135363,-0.9783922,-0.009962905,-0.85046834,-2.0142093,-8.962388,0.6946463,-2.0410705,15.041615,1.3002906,-0.09882528,-1.9691569,0.27985784,-1.427668,0.37913954,-4.227998,9.143318,-0.10207561,7.387161
1.1203469,-0.2190457,-1.3546839,-0.2924484,1.3723829,0.47884542,-7.859553,-6.679197,0.16813517,1.1382372,0.8980505,0.06918369,2.358651,16.250544,-1.6998076,0.042280138,-0.033798303,0.61752665,-2.7892523,-0.16485623,2.3851576,0.3959863,-1.6479794,-15.230839,-0.9698339,-0.12736158,-0.22272259,-0.14021271,-0.38146234,-0.40148515,0.58357203,1.200821,1.433462,-6.8492823,-0.5568111,-1.059378,-3.7003777,0.031619396,-1.9534365,-1.1600703,1.0692841,-0.5643451,0.16716406,-2.7113545,-0.60267913,-0.5174066,-9.890955
-1.3613833,-0.100562625,-2.358837,-0.5010039,0.0076562874,-0.5268184,-6.902036,-6.281989,-2.4662874,-0.47847483,0.009014854,0.8336057,1.085102,-7.9059215,-1.8595966,0.27229288,0.29138422,0.5720633,-0.6364105,2.348187,3.3743103,0.27390346,-1.5002022,-8.890477,-0.4914176,-0.14528708,1.1704739,0.06445086,-0.500168,-0.20405354,0.5647324,0.015468026,-0.9597187,-7.6750507,1.5644652,-1.4706156,12.418986,-0.12655967,-2.0217817,7.898045,2.2527297,-1.4252273,-0.3521722,-0.7780245,-1.691038,-4.6925006,-9.068605
0.8411657,-0.009267075,-1.6188514,-0.20140052,-0.5878461,1.2153794,-5.1539373,-5.970304,4.139792,0.66960764,1.1557848,0.617341,2.407882,-14.058099,-1.5151273,-0.38244623,0.28926006,0.1319426,0.05307718,2.2096553,1.4494127,0.24127592,-1.3440115,-14.692411,-1.6844355,-0.2631905,-0.05992163,-0.06653515,-0.53231066,-0.47061032,0.5138538,-1.0279117,-1.1407706,-2.71121,-0.20630792,-1.0424738,-1.8314662,-0.31603792,-1.3296133,0.12664545,6.504399,-0.94116855,-0.048311584,-1.1496103,0.30543563,-1.1751211,-12.312145
-0.72284585,-0.012434022,0.31125966,0.26465067,-0.6361163,1.1927722,-5.8717084,-7.123043,1.9565346,-0.21769138,-0.4125886,-0.03495956,0.47648057,-9.530484,-2.1110578,1.7915787,-0.64832443,0.58879775,-0.62760186,0.98272645,2.4968293,0.30760533,-1.4023762,-12.305661,-1.447851,-1.5016642,0.6972413,0.19366004,0.27365395,-0.40411377,-0.08451188,0.7344235,-1.2656966,-1.717855,0.731252,-0.19918557,-1.2360529,-1.2807481,-1.0577041,8.14254,1.6532898,-0.6390128,-0.6835755,6.320575,-0.80601317,-0.42621517,-12.985772
1.8241106,0.08182682,2.686933,0.4700106,-0.5185812,3.5651526,-2.0839832,-7.8977504,-5.734315,0.64303154,-0.5891562,0.29731315,2.5389051,-1.7870349,-1.3624645,2.2134862,-2.2281358,0.98700416,0.1991418,-1.0165756,2.6289387,0.40039217,-0.031257216,-17.077362,-2.032028,0.018544294,-0.10708471,-0.025305994,0.38012886,-0.30511644,-0.07946049,-0.44683006,-0.9338339,-0.35158432,-1.0113837,0.9833288,-1.6629194,0.08489213,-0.8842309,-1.576986,8.760265,-1.1643041,0.37072408,-2.0674894,-2.4696043,-0.24999285,-11.549433
0.70162773,-0.0917874,-0.7934991,0.59844613,-0.50108814,-3.9751446,-5.9378567,1.6440464,-8.030107,-1.3637546,-1.8257216,-0.6841136,-0.46148166,25.08108,-3.1858141,-0.10652263,-1.2643305,0.045234494,0.92194873,-0.7563152,1.3302202,0.7201953,-3.0273378,-14.883337,-3.388744,-1.0042467,0.075800076,-0.4073452,0.14947349,-0.62650365,0.12697123,-1.1291649,-1.6195059,-1.2207737,1.2139161,-1.5065864,14.366504,-0.9458752,-1.0020514,3.6983845,0.47037202,0.7426038,-0.040625054,-1.7106295,-5.039167,0.27250326,7.431617
2.1466315,-0.09143608,0.2403392,0.6273515,-1.1915509,5.1200457,3.141314,-7.9218354,-10.198959,-0.8182659,-1.7005345,0.09965009,3.3602688,-16.723183,-1.351447,1.1475025,0.107782,0.42256552,-0.22888307,0.40103215,-4.714535,0.27114487,-1.3750068,-19.243315,5.3644977,0.20414416,0.31024635,-0.0751551,0.1587601,-0.91386443,-0.11914397,-0.37991223,1.7228142,5.898215,-0.25484592,0.04550361,-8.037261,-0.39694902,-0.8845918,-6.7747216,-0.2218174,-0.40282804,-0.8109725,-3.553954,-9.052945,-1.1634636,-16.47618
1.1642644,-0.27373508,0.35425788,0.37533864,-1.0167071,3.8890638,0.7280383,-7.0766506,-8.208516,-0.84828943,-0.714125,0.028591719,3.8220677,-16.324131,-1.7360741,0.10076135,0.022637328,0.52092195,-0.0053701713,-0.3520077,-3.1111493,0.5614478,-1.3615501,-18.692286,3.9685135,0.20217179,-0.3672949,-0.025076715,0.23944315,-0.8958891,-0.07737726,-0.626234,2.0363212,1.7249948,-0.5001145,-0.10709273,-7.1437936,-0.31614152,-0.8298616,-3.886913,-0.35890293,-1.3671415,-0.34890664,-3.1672873,-7.284874,-1.1522034,-15.713312
2.0452187,-0.26574188,-0.14261258,0.54249364,-1.1199101,4.5218625,1.9837794,-8.40021,-7.7270303,-0.67770785,-0.6980627,0.079847,2.8661048,-12.927284,-1.4537736,0.09030521,0.09096858,0.6520998,0.022101656,-0.28725207,-4.4098673,0.47341272,-1.2584312,-18.736162,5.172182,0.2650491,-0.3417123,-0.04397061,0.27630687,-0.9105184,-0.14406976,-0.616453,2.366095,-0.49112186,-0.53852147,-0.07064767,-7.206576,-0.36437806,-1.0952239,-4.314311,-0.24408734,-1.2922683,-0.12032927,-3.1193185,-9.103129,-1.0879511,-16.468452
1.1848669,-0.27025372,0.026800666,0.69418734,-1.0749366,4.2077384,1.2728622,-8.261008,-7.8321924,0.8476424,-0.85374355,0.044168577,2.6958401,-13.326116,-1.6207944,0.13439155,-0.015147862,0.551978,-0.15132928,-0.45432848,-3.5374959,-1.1742493,-1.1688845,-18.651217,4.639903,0.2797782,-0.6561028,0.0029485042,0.24787018,-0.94543266,-0.19854148,-0.6721561,2.033127,-0.5478185,-0.30885866,-0.047151737,-6.772054,-0.31524613,-0.84548897,-4.0560412,-0.4511343,-1.2871792,-0.33923635,-2.0556855,-7.502073,-1.0834093,-16.488892
0.83200324,-0.26834387,0.9023699,1.6163713,-0.97314125,4.540063,1.0173252,-8.509332,-7.9552765,-0.37875965,-0.76353025,0.07501589,3.6234784,-18.03736,-2.056018,-0.16140282,0.050861813,0.5456202,-0.23434547,-0.41124868,0.03434034,0.6195539,-1.3442562,-19.282299,4.7803874,-0.22742254,-0.5105219,-0.029939026,0.11336073,-0.8394679,-0.048985057,0.25764242,2.5928023,1.7267382,-1.3502158,-0.065713905,-7.3983917,-0.24975428,-0.9099715,-5.3330607,-0.6040062,-1.1387887,-0.32859716,-3.6794007,-7.608194,-1.0822221,-14.36939
2.0108511,-0.29280552,0.2681191,0.4424804,-1.0949385,5.4359875,1.94093,-7.7750797,-9.721973,-0.20528974,-1.2907366,0.05403947,3.751449,-16.152401,-1.3841761,0.32360882,0.07074722,0.6056823,-0.03486432,0.16067874,-4.443389,0.41771257,-1.2467053,-18.973211,4.867978,0.21415131,-0.28391314,-0.045606673,0.11782805,-0.885956,-0.19681355,-0.4679724,2.015217,0.8379232,-0.518367,-0.3018317,-6.826809,-0.8389176,-0.90778804,-4.0335994,-0.329873,-0.32049176,-0.3929778,-3.531944,-7.997516,-1.0902116,-17.169016
2.2786865,-0.13170141,0.370172,2.474635,-1.0415541,4.4956803,1.3547347,-8.394027,-8.8283205,-0.035358507,-1.170271,-0.028937241,3.9610317,-17.265854,-1.2543662,1.2414317,-0.012842813,0.37229759,0.0566239,-0.09715592,-3.7714052,0.5491194,-0.98871833,-19.210358,5.3827887,0.24638772,-0.29713163,-0.017071132,0.49476075,-0.8515695,-0.204522,-0.5871874,1.9556144,2.0399544,-0.4042275,-0.08464054,-7.86703,-0.2662185,-0.9898143,-4.1293693,-0.64335436,-1.3349042,-0.33849174,-3.406359,-10.106696,-1.0471246,-16.01666
1.1231409,-0.20915888,-0.072381616,0.35754064,-1.0257373,3.8468752,0.17052282,-7.5972958,-6.9216757,-0.6734514,-0.5057855,0.093053706,2.8742948,-14.029465,-1.7636068,0.06184641,0.03141713,0.556691,0.017251382,-0.35993895,-3.0545032,0.528094,-1.5286937,-18.598362,4.138604,0.2238562,-0.3582061,-0.033097442,-0.13425732,-0.37977257,0.2494025,-0.64150804,2.3798711,-0.6336295,-0.80057603,0.11989705,-6.96957,-0.28126281,-1.0978694,-4.19149,-0.36624065,-1.3757772,-0.35569516,-2.4161012,-7.730441,-1.0832156,-15.85621
1.154062,-0.3269361,0.18292545,0.44969046,-1.1257417,4.549734,1.0577217,-6.857106,-8.505988,-0.8550363,-0.4538957,0.015240124,3.9246292,-15.902833,-1.6594748,0.39197642,0.0069319913,0.5430208,-0.0430545,0.03584861,-3.0730572,0.45715284,-1.4215553,-18.914007,4.610983,0.21031284,-0.35964602,-0.078425996,-0.17911522,-0.6196585,-0.13899228,-0.34346747,2.0885375,0.76108646,-0.52526546,-0.3197162,-7.3732643,-0.32958135,-0.92012215,-4.0914793,-0.30253515,-1.1641258,-0.36385944,-3.1740575,-7.221773,-1.0772246,-16.944319
1.1938227,-0.26039574,0.18331102,0.44062406,-1.0961517,4.635033,1.1306947,-6.869987,-8.50928,-0.8342122,-0.4592557,0.016363123,3.7349508,-15.862285,-1.6498284,0.53111535,-0.017623989,0.5465611,-0.1298534,0.029834941,-3.3134298,0.4771225,-1.4091065,-18.996094,4.8071685,0.22096285,-0.36993963,-0.03835177,-0.1802658,-0.70137465,-0.15933609,-0.33406872,1.991667,0.83935,-0.51744384,-0.2833809,-7.361948,-0.3348039,-0.9086007,-4.002403,-0.2116052,-0.74094343,-0.3733781,-3.1682167,-7.4849057,-1.0685254,-17.335592
1.0089672,-0.2501337,-0.03858278,-0.050625667,-1.0438663,3.8038788,-0.3095465,-7.70352,-6.244662,-0.74427605,-0.457526,0.0405967,2.8307135,-13.790368,-1.7955619,0.08166186,0.04917395,0.5789668,0.034143813,-0.5879838,-2.9143434,0.9259909,-1.7524616,-18.676731,3.7035184,0.1991434,-0.2966111,-0.068845674,-0.011576848,-0.42096525,0.3126611,-0.6125397,2.1492586,-0.79776824,-0.6981372,-0.23933257,-6.8202486,-0.1590895,-1.1227275,-4.1705556,-0.35009658,-1.3988485,-0.2613721,-2.3354874,-7.8488994,-1.0465819,-14.864158
2.099704,-0.21603484,0.24145442,0.6681752,-1.1299309,4.9605813,1.2087883,-6.9001546,-9.693961,-0.96445185,-0.7173332,0.00998597,3.6848173,-16.790972,-1.4422697,1.1639469,0.041332424,0.5549669,-0.13455725,0.047342848,-3.653035,0.42258906,-1.4151555,-19.353636,5.865346,0.20156293,-0.14132841,-0.035915077,0.038881794,-0.677056,-0.07432914,-0.28118777,1.9109919,1.6201212,-0.32050234,0.014006056,-7.205173,-0.34787852,-0.70662385,-4.04374,-0.18168572,-0.65936863,-0.36027205,-3.184326,-9.794571,-1.1390367,-17.315702
1.9919149,-0.22212648,0.26500547,0.67396903,-1.1250647,4.884276,1.1791618,-7.053388,-9.69272,-1.0236642,-0.7197598,0.009912575,3.6871698,-16.79227,-1.4419792,1.1556096,0.05588118,0.6050393,-0.13162197,0.05189001,-3.71034,0.40824586,-1.264425,-19.343176,5.565445,0.19148764,-0.15268296,-0.06541819,0.10601712,-0.79286957,-0.07555318,-0.30127692,1.9085453,1.6285537,-0.3322253,-0.009723113,-7.1987357,-0.33518857,-0.71268445,-4.060228,-0.17456621,-0.45965576,-0.36060843,-3.19533,-9.798575,-1.1337715,-16.742592
2.0063658,-0.16522346,0.16853875,1.2730261,-1.0483668,5.242855,4.817943,-8.305165,-8.937037,-0.88966113,-1.4172974,0.097592525,2.8376799,-15.200862,-1.4130985,1.1870546,0.07922829,0.594855,-0.20430394,0.044142682,-4.5339847,0.39195427,-1.2019958,-18.854551,5.4256225,0.26752818,-0.17243832,-0.047171608,0.24539416,-0.78748703,-0.0007627901,-0.3037167,2.10447,-0.44350684,-0.24209556,0.262001,-8.411754,-0.29705152,-0.7783587,-4.7500744,-0.20914818,-0.66514134,-0.39597058,-3.4364564,-10.187647,-1.3068535,-16.675945
1.0201964,-0.33452275,-0.9798136,0.44902164,-1.1140589,3.5535016,0.052060273,-7.7349997,-7.2696342,-0.6500352,-0.8307478,0.11076124,2.821409,-14.295414,-1.5902892,0.061988,0.2225621,0.6569444,0.03959699,-0.33392444,-3.042889,0.5750225,-1.4712504,-18.406206,4.1820707,0.20703901,-0.36639118,-0.033448674,0.16849405,-0.5152371,-0.06258563,-0.6579289,2.5382137,-1.8169144,-0.5703906,0.11588987,-7.129727,-0.08343381,-0.6981283,-3.9557223,-0.44195873,-1.3890598,-0.3499199,-2.5755775,-7.900506,-1.176153,-15.8062315
0.8799859,-0.27325836,0.34137002,0.28491336,-1.257563,4.935305,1.4001454,-7.856232,-9.198051,-0.68759626,-0.88364947,0.041845247,3.0395155,-12.829176,-1.669392,0.326623,0.0641792,0.60343474,-0.02620498,0.17552175,-4.4285126,0.45617124,-1.2106812,-18.626642,4.5295167,0.23674121,-0.32938763,-0.024979316,0.23774986,-1.5894437,-0.15611207,0.04241548,2.3542917,-0.9783537,-0.49196437,-0.14649041,-7.51145,-0.39019492,-0.905612,-4.3213067,-0.33599725,-0.41963527,-0.46523985,-2.8825903,-6.6017966,-1.1866703,-16.2542
1.1472077,-0.23679624,0.48598462,0.5441358,-1.0709476,3.8934548,1.479493,-8.359904,-7.6716776,-0.41416964,-0.65972084,0.0849375,2.8551161,-14.083701,-1.706592,0.12615393,0.06550715,0.61344945,-0.11611873,-0.35389268,-3.0390046,0.53708565,-1.3819302,-18.761162,4.841143,0.23516364,0.50504035,-0.003920944,0.27783585,-0.8968995,-0.14350906,-0.67653286,2.3467104,-1.6890538,-0.49937448,0.34281117,-7.224566,-0.32887715,-0.8639272,-3.9919076,-0.431164,-1.103309,-0.33292943,-3.0931544,-8.222469,-1.0331837,-16.389076
0.87917554,-0.23849064,0.089624956,0.2554535,-1.0217814,3.5630157,-0.03820747,-7.41423,-8.143866,-0.8910636,-0.5340821,0.023566661,2.8358333,-13.898929,-1.6720873,-0.007549957,0.046691116,0.6648513,-0.0091835875,-0.73437005,-3.2712114,0.9620862,-1.5516086,-18.35332,5.2247753,0.1628035,-0.25870177,0.02399776,0.33238727,-0.8179369,-0.13598672,0.6653193,2.6620283,-1.8992478,-0.55866575,-0.21519682,-7.031672,-0.42287704,-0.8755833,-3.3296077,-0.34824932,-1.2264369,-0.3983409,-2.797466,-8.337029,-1.0918686,-15.032636
2.164625,-0.16373475,-0.98342526,1.2044514,-1.0256565,5.1877575,0.75488806,-8.253305,-8.5293255,-0.8353939,-0.5903628,-0.00936779,2.9662116,-14.185498,-1.5533748,0.07113254,0.3065794,0.30631378,0.10357977,-0.6635646,-0.6632375,1.0750337,-1.4844438,-18.993654,5.604472,0.088238955,-0.3623626,-0.0321974,0.07400747,-0.8374924,-0.11212469,0.7773789,2.726563,-2.2461631,-0.979392,0.2667544,-7.69675,-0.1426662,-1.0423727,-4.7886667,-0.70969725,-1.2391695,-0.20441194,-3.1431365,-9.254019,-1.1648101,-16.164883
2.071413,-0.293186,0.3072364,3.2367847,-1.1042558,5.6183567,2.090438,-6.924822,-9.412434,-0.22650455,-1.1257454,-0.026195388,4.007925,-16.643406,-1.4799713,0.08853907,0.07521662,0.5572082,-0.1361245,-0.19573186,-4.6249022,0.47205463,-1.05479,-19.001461,4.989074,0.1963908,-0.30522618,-0.06473098,0.23242153,-1.0464164,-0.26722234,-0.40071,1.9459162,0.7865461,-0.2740355,-0.35040855,-7.5991774,-0.24790612,-1.0168449,-4.5185494,-0.13301663,-1.362117,-0.48499244,-3.4039397,-9.045298,-1.0824751,-16.820854
0.1627926,-0.43312913,-1.7897711,0.9006982,-0.7385768,-6.3834386,-15.045181,3.9156656,0.32858744,-2.29943,1.3457416,0.7867116,-0.7856428,-2.3561194,-3.7686863,-0.24876171,-1.1724896,0.13448374,1.2085438,-2.1851678,22.872051,0.3725346,-1.347905,-7.227367,-0.68461424,-0.6427774,-0.30165115,-0.052457612,-0.5442045,0.06586264,0.21322946,-0.59719,-0.27170613,-2.1009486,1.577972,1.5297343,9.912113,0.830103,0.7705662,8.557056,-1.5286847,-0.4715505,0.61407536,2.9342418,5.636966,0.42729422,12.219029
-1.4151263,-0.30815265,-1.3478557,0.7720285,0.25886413,-6.039242,-13.040458,4.177288,-0.81393373,-2.0482283,1.471282,-0.49283427,-1.0963253,2.7686975,-4.0041103,-0.19787385,-0.62779206,0.14264779,1.2653356,-0.7729643,26.19775,-0.24939625,-0.9424412,-4.533398,-1.9707503,-0.6101878,-0.40075892,-0.08205003,-0.57267517,0.27544674,0.026820049,-0.65538424,-0.7194353,-2.1068676,1.0045093,3.245183,9.611696,0.7442471,1.0856272,8.395374,-1.4349288,2.305759,0.5752661,3.2979965,5.9957848,0.38736808,15.706228
-0.68145174,-0.67492634,-1.221266,0.57181543,-0.82309884,-3.360296,-11.566375,3.9020555,-0.67281365,-1.4487457,1.3241519,-0.8413946,-0.80780077,15.377031,-3.3817542,-0.3096095,-1.2681506,0.0050590425,1.2796875,-2.1582103,27.792553,0.31746012,-0.6172483,-4.6559095,-1.4687822,-0.34979194,-0.087829515,-0.1628519,-0.560214,0.53199357,-0.070115454,-0.7785779,-1.278538,-0.83293104,1.4995964,3.8765323,-3.8378246,0.64960456,0.97526896,2.7611794,-1.1332341,-0.47368258,0.21026154,4.7780156,5.34889,0.2196442,18.01033
-3.5282762,-0.73466486,-1.200485,0.719032,-0.6720299,-11.0237875,-14.241262,2.2225227,-3.8139741,-0.55042773,0.9850334,-1.4585719,-1.095761,11.546931,-5.8271646,-0.33873484,-1.4410865,0.0074100015,0.27023876,-0.7033901,21.235523,-0.475332,-1.2204609,16.100122,-1.5808915,-0.40248662,-0.101358786,-0.06666514,-0.303272,-0.14895119,0.13749771,-0.9821801,-0.6782344,-1.0083827,0.85737514,0.30396637,9.699766,3.4136271,0.8235764,3.575338,-1.7982123,-0.3377386,0.4577394,2.7369661,5.8891525,0.14356963,18.131691
0.47283006,-0.36559126,-1.4830891,1.5901663,-0.42853805,-5.9370847,-14.308665,4.3114996,-1.1974947,-1.5975668,1.0328753,-1.3447251,-1.2574649,4.157927,-4.4162655,-0.58850425,-0.951895,0.09656494,0.70741475,-0.3252726,25.494957,-0.11678106,-0.69423145,-8.072123,-1.5077095,-0.40165642,-0.20370196,-0.11290161,-0.28534627,-0.9403695,0.12429628,-0.5073114,-0.83367974,-2.2803025,1.6918365,3.3704932,9.346869,4.5973887,1.1249912,9.122043,-0.6542954,-0.37490642,0.24897245,3.8277931,5.791587,0.21719548,17.29702
-1.0592744,0.14052147,-0.17773417,0.84133404,0.13232993,-6.528616,-17.89174,4.0300837,2.9597836,-0.29808852,1.4618067,-0.9781441,-0.87085164,1.5338887,-4.295596,-0.24061473,-0.8664378,-0.14349562,-0.45619947,0.659479,26.050463,-0.8083534,0.45919767,-5.237527,-1.0871193,-0.45040795,-0.19222125,0.107725605,-0.10390881,-0.43401924,0.32710114,0.20291623,-0.97879505,-2.5085382,1.6104894,0.010570629,10.583595,0.273741,1.5472826,9.343017,-1.3896713,2.4546561,0.484333,3.5653546,5.8013973,0.28110343,15.287245
-0.6915267,-0.52245265,-0.71790844,0.48294985,0.1647182,-6.9312077,-17.876614,4.104922,2.7679322,-0.49205825,1.7748935,-1.0985385,-0.846526,1.5458369,-4.102593,0.049229845,-0.8426505,-0.18506813,-0.6974026,0.50279,25.150883,-0.48456022,1.5323695,-7.0834002,-1.3731254,-0.6755246,-0.27810434,-0.0908969,-0.18705817,-1.7126949,0.30837312,-0.037247203,-0.8054122,-2.8574417,1.6682644,-1.4753525,11.21329,3.0731635,0.9275097,9.975985,-0.5429032,-0.7390062,0.5575117,3.4772463,5.8943577,0.23412353,16.35829
-2.4125152,-0.16785912,0.20543051,0.28212163,-0.40533835,-19.434772,-15.44502,2.1029134,2.546786,-0.98141164,0.5883365,-0.95740694,-2.7799156,24.186457,-5.107096,0.06753391,-2.1738803,-0.57687205,-0.95354104,0.17828922,20.229996,-0.7052254,2.2659843,20.614569,-2.1672919,-0.6454153,0.16321129,-0.3845917,-0.23709668,-0.022539033,0.09426734,-0.3980116,-1.1797297,-5.951628,-1.8375771,-0.7898423,11.571526,1.9553363,-3.6302502,3.9486372,-1.466436,3.4040515,0.27509433,1.6962084,4.7309623,-0.040477727,13.272912
0.4173203,-0.23997258,-0.8988513,-0.6979444,-0.03231201,-6.360273,-18.03752,3.9603035,2.7386703,-0.55855167,1.4716773,-1.5156487,-0.17229287,22.921692,-4.8837924,-0.09944949,-1.6561575,-0.19806625,0.7534422,-1.0185442,24.534079,-0.69949764,0.06652063,-5.674225,-1.2219309,-0.59283185,-0.12730569,-0.3453291,-0.42067224,-0.68880385,0.27988404,-0.81390274,-0.78443205,-1.79078,0.8899934,-0.5785072,11.8475275,-0.64382523,0.66451377,3.7378206,-2.3661072,-0.08182618,0.9893817,3.3383453,5.515276,0.17799364,16.503801
-1.8137771,-0.2856774,-1.0038798,-0.8790597,-0.3775765,-6.762209,-19.055466,4.7082143,0.84968436,-0.36912486,1.3575969,-1.5899969,-1.5884172,20.31636,-5.5798855,0.105842434,-1.3918495,0.08853654,-0.011502134,-0.5600685,24.359411,-0.024345009,-0.026548749,-6.239043,-2.33089,-0.4831857,-0.031765487,-0.7949331,0.31116548,-1.3540685,0.20960633,-0.4999887,-0.5762464,0.2822769,1.3108906,-0.38327646,9.261154,-0.1309741,0.3791661,14.413664,-1.4892839,2.770364,-1.8817451,3.1522858,5.240734,0.15447868,15.262163
3.7656317,-0.28716236,-1.1384728,-3.18843,0.85662353,3.1027815,11.210183,5.1530256,-3.2582495,-0.8378178,0.97971493,-0.499877,1.1966337,33.353012,5.920462,1.1829515,-0.66779876,-0.4602138,-0.08919145,-0.7765293,20.914732,-0.47105688,3.5905502,37.168964,-4.0489745,-0.1300482,0.24228817,-0.15711524,0.7752951,-0.99393255,0.41064662,-1.5761362,-0.9335258,1.884739,2.599488,-2.4849026,15.634614,-0.5605055,0.13741669,2.0150564,0.31468552,-1.3822274,0.45010692,1.8895315,10.91653,0.3628958,21.182114
2.7716305,-0.47670677,-1.2540703,-2.909581,3.1182482,4.5032706,8.725674,11.899497,2.2694192,-0.8997459,0.6732441,-0.05153655,2.2845407,30.568426,5.2574377,1.0168623,-0.8555026,-0.608127,-0.4954479,0.09680449,21.435556,0.8987102,1.7668647,36.572792,-6.254547,-0.58053493,0.306443,-0.010930574,0.6519136,-0.9673277,0.07942203,-2.1122816,-1.3678906,0.6443682,1.7256902,-2.7735076,18.143549,-0.16351919,4.181295,0.88101244,-1.8652694,-1.0613841,0.3550698,2.5965054,10.666304,0.12605059,23.532276
3.768782,-0.21011688,-1.0075648,-2.4396923,-0.547629,1.0219734,6.9242053,12.940522,-2.772526,-1.1870861,0.24765058,-0.058914393,2.2113254,22.117027,5.8060465,-1.1976422,-0.31634396,-0.2063352,-0.98577327,0.033967678,21.029825,-0.0076963156,0.30148458,37.35571,-4.686916,-0.42082655,0.18387541,0.04169255,-0.027730575,-1.5499245,-0.05350737,-1.4839139,-0.853072,10.887677,1.3988124,4.1361146,16.234169,-1.1676105,0.91342103,5.7069964,-0.3416456,-2.8521373,0.68157834,3.2139442,8.55012,0.5054475,22.882027
4.557889,-0.61688656,-1.846011,-2.7893238,1.6834393,-9.091591,-0.3368296,16.984383,1.8025861,-1.2626626,0.25725403,-0.35689795,3.5649362,28.883322,12.54713,0.65555036,0.40347216,-0.32132035,-0.2886734,-0.896741,20.050932,-4.07015,2.1601193,37.427914,-4.9795666,-0.43407214,-0.16824093,0.23062725,0.018415956,-0.2129457,0.2779161,5.0391254,-1.0080208,-1.9316579,0.95996267,4.3793955,15.928482,1.2471011,2.311763,3.102329,0.22600137,-4.37216,0.72103316,1.223642,11.806997,0.17859215,19.764215
5.062423,-1.303507,1.99877,-3.532057,-2.9885473,3.4097826,-1.5596254,17.778025,4.305752,-1.1312343,0.4232075,-0.4347536,0.015323858,32.08733,4.8990993,0.44432935,0.45281795,-2.387413,-0.5137307,0.10190312,21.31885,-4.8396325,2.9902852,42.87983,-4.7582045,-0.940402,0.13096446,-0.39511645,0.4944089,-1.5907879,0.09064323,4.468623,-1.1485105,0.74604166,0.039428618,3.047117,17.321083,-1.5184534,2.9283369,1.7734853,-2.5529985,-5.9029093,0.69111663,1.1448195,9.961793,-0.0011733635,19.992687
1.0042449,-0.44373837,-2.1440463,-3.2635903,-0.08489092,15.546433,11.248283,2.4582593,1.7063372,-0.36687082,1.6912594,-1.2123072,-1.7557545,23.909872,7.396675,0.5485937,-0.8586918,-0.091138154,-0.4091911,4.9561744,22.32791,0.22720796,-2.389191,-9.170824,10.614115,-0.37984148,0.3889813,0.006549243,0.73002374,-1.3228892,0.04548696,-0.63790214,-3.818931,9.296125,1.8046834,4.7908273,13.968988,-1.1305354,9.51472,5.406247,-0.39359358,-1.3535805,0.46070737,4.217254,11.547181,0.23258601,28.630669
3.0117264,-1.4250829,3.7367392,-1.3057554,0.33728543,2.717966,1.9063163,8.669695,-1.0606229,-1.7622547,0.76166636,-0.03827049,3.6610293,35.0587,8.416975,0.8189575,0.18233685,-0.2042199,-1.5164269,0.22946185,21.628544,-4.089784,-2.9429653,39.471733,-1.4620118,-0.20952776,0.11687312,0.094862364,0.47105384,0.13306256,0.4020953,-1.7285316,-1.3276393,0.843013,-0.4058192,5.1345787,16.118069,-1.5259094,2.6188269,2.3206463,-1.9156033,-3.8883505,0.28776446,2.0750167,9.292682,0.09578467,19.620245
-0.8867878,-0.22063458,-1.9556249,0.9441616,-0.81306136,-4.3503704,-8.535484,-6.361609,-2.737402,-1.5491389,0.6489697,0.27679208,-0.62382853,-8.4472685,-6.2501807,-0.3424201,0.057551693,0.005217232,-2.577509,-1.17742,2.448012,0.4877773,-0.7064537,-14.155204,-3.188582,-0.45299086,-0.5379855,-0.107745945,-0.47686604,-0.51289964,0.12891927,-1.1430173,-3.101106,-8.357576,1.0751091,-0.2501615,-5.915342,-2.956672,-1.8377901,5.334696,-0.21565416,-2.0104902,0.3407038,4.0484943,-1.3202152,-0.06096232,12.235617
-1.5153801,-0.3327081,-1.6556804,0.94808,-1.2439533,-9.572849,-9.822823,-6.047173,-6.1465344,-1.3234986,0.63229424,0.29753613,-2.0820892,-9.812734,-6.4579806,-0.3088216,-0.074993856,-0.057092283,0.060006477,-0.83278155,1.0987672,0.6713478,-1.244755,-10.271598,-4.5983562,-0.44262764,-0.47205287,-0.30860105,-0.13332416,-0.9078728,0.025497971,-1.1845033,-4.3242,-8.530824,1.1755136,-2.0660539,-5.632051,-5.054529,4.0327315,4.888654,-0.031056356,-1.5649543,0.12727554,2.9821908,8.885885,-0.0012316057,11.633529
0.30846366,-0.07614407,-1.5678774,0.37963355,-1.0364597,-4.7883916,-8.624915,-8.815028,-7.278865,-0.75992715,0.66220075,0.6962225,-0.47720182,-8.198796,-5.4338474,-0.43365243,0.028605236,-0.22001103,-1.8066741,-0.8021001,27.21596,0.56502324,-0.7140919,-13.673683,-4.174769,-0.40181336,-0.17828648,-0.67369795,-0.0055382987,-0.598493,0.07067332,-1.2135118,-3.4325314,-8.125753,1.489188,-2.0235739,-5.6631722,-4.1978374,0.19813938,5.503038,-0.64895344,-1.2892984,0.64315295,-1.6266667,-3.8838828,0.1766926,-2.2188761
-0.3459273,0.034262717,-1.651201,1.2651639,-0.73878896,-4.52607,-8.5067215,-6.828458,-9.856634,-0.94086015,0.43244615,0.84276915,-0.95266086,-8.539447,-7.4327765,-0.27886873,0.10224701,0.06407469,-2.2567952,-0.710621,1.9613664,0.5914294,-0.28810036,-13.878812,-4.118952,-0.24684647,0.058777675,-0.20775282,-0.29298705,-0.62995666,0.032924585,-1.4670546,-3.1244557,-8.287797,1.6297157,-2.2568178,-5.487338,-4.230051,-1.7453672,4.877221,-0.22023363,-1.3311014,0.6566373,3.3909914,7.1196713,0.22069554,10.978164
1.5489221,-0.15207782,-1.9812399,1.288117,-1.8090111,1.869798,-6.1235228,-11.820173,-1.9785043,-1.2475005,1.0117546,0.5138049,-0.27881774,-7.9102535,-8.216666,-0.34811312,0.12593882,0.0662268,-1.8635931,-1.3697501,2.273606,0.5757361,-0.7933241,-15.446214,-4.551927,-0.37241563,-0.37310022,-0.6829874,-0.4448682,-0.9277183,-0.03294593,-2.120787,-3.503953,-8.58737,2.9687543,-2.392574,-5.6368923,-4.4103155,-1.8513334,3.3254755,-0.29176718,0.92749685,0.3404243,3.2790012,8.255952,0.04594396,14.352542
-2.1859052,-0.3753535,-1.716477,-0.11194099,-0.76665914,-6.223673,-7.1600237,-6.35104,-4.2452393,-1.4594887,0.3696401,0.59076005,-1.3805538,-7.8283653,-8.5111885,0.9472318,-0.033380706,-0.39670372,-3.2225757,0.38136405,1.867792,0.5857881,0.06275572,-12.346254,-3.7022479,-0.40507355,-0.36393577,-0.23149163,-0.2562194,0.06202647,-0.11162217,-0.85234815,-2.8130236,-7.935713,1.1792557,-2.360805,-5.4056115,0.6127486,-1.4775562,6.4153085,-0.32524428,-1.2943387,0.19533318,4.3749266,10.265991,0.02368725,11.546404
-1.596223,-0.19519539,-1.7226491,0.6687073,-1.2150587,-7.354509,-7.4539924,-7.1363826,-5.4808717,-1.5775807,0.21900313,0.2471602,-1.5089444,-9.199637,-8.172243,-0.47666377,0.007617707,0.000649343,0.7288701,-0.4935067,2.1872087,0.524595,-0.46016237,-11.343286,-4.212613,-0.4656348,-0.56232893,-0.42715356,-0.64117265,-0.07555894,-0.3754962,-1.1113234,-2.7785573,-8.273292,0.7684928,-2.2522042,-4.690797,-4.9089565,-1.7130529,5.6633105,-0.42048788,-1.9961936,-1.0519277,3.536956,9.046712,-0.090363055,11.181611
-4.282614,-0.1228131,-1.3491856,0.5158958,-1.230023,-2.8788164,-5.9263473,-9.41915,-3.9032226,-4.4856663,0.5503185,0.12525705,-1.3690705,-10.66023,-6.2796826,0.2855431,0.100456975,0.06192737,0.45920303,0.09543841,3.0843227,0.43611935,-1.2310234,-15.7725,-5.2163014,-0.26774064,-0.21504585,-0.17385218,-0.008054308,-0.7060733,0.050833058,-0.26775715,5.1883583,-6.9081297,0.9972728,-0.7213517,-11.205986,-4.0021214,-1.7413315,7.3162165,-1.8158125,-2.0117378,0.38748607,-0.6135326,8.936462,-0.37691283,8.975437
-3.5055323,0.0060197413,-1.280464,0.28688982,-0.7097244,-8.065596,-9.076112,-12.946481,-3.0998282,-3.4824445,0.21307749,0.19257407,-1.2581617,8.495531,-6.852245,-0.6176332,-0.10495884,-0.28087726,-4.415916,-0.64024967,-0.35102713,0.17144696,1.0230275,-12.723551,-3.1093137,-0.40807995,-0.13763627,-0.5869143,-0.023262948,-1.0407155,-0.26488218,-0.9500293,-2.1782477,-9.339184,0.53745556,-2.0969422,-4.456716,-2.7715306,-2.9093454,6.492874,-0.5125681,-1.6033622,-0.15089355,1.4209619,7.4871273,0.024011642,8.97151
1.1449325,-0.1152615,-1.1738131,0.2957295,-0.69169426,3.7495713,-1.3160435,-7.179633,-6.3692045,-0.9385164,-0.5539051,0.12013381,2.6337829,-13.054324,-2.0555933,-0.02047201,0.2745158,0.29788074,0.081079945,-0.24857694,-0.45886236,0.9557261,-1.567602,-19.362162,1.4952596,0.016278522,-0.35078505,-0.028804312,0.24284647,-0.682684,-0.08578819,0.3083874,2.6749747,-1.5793027,-0.53274065,0.11904148,-7.344761,-0.4523664,-1.1239525,-4.0634885,-0.47070965,-0.8839736,-0.48657227,-2.408501,-7.708105,-1.3952755,-13.931801
1.3946097,-0.15466379,-1.0115722,0.0696332,-0.97868145,2.6467385,-2.1377838,-6.9748206,-5.904222,-0.71944183,-0.5483994,0.13515645,2.715798,-12.812465,-2.347464,0.06576562,0.27087557,0.31641987,-0.0033741146,-0.17276101,-0.6043127,0.8469633,-1.9192994,-19.26919,-0.35744968,0.04528414,-0.37793866,-0.026737282,-0.16075902,-0.43868557,0.14158025,-0.89621836,2.4617622,-1.6897764,-0.61582744,-0.17462829,-6.5847955,-0.20266376,-1.2357417,-4.305692,-0.43079865,-0.96367437,-0.4269429,-2.055121,-4.5669684,-1.3971462,-12.812389
2.099559,-0.21634439,0.23976538,0.66784346,-1.1299309,4.9605813,1.1730678,-6.900049,-9.6618805,-0.963949,-0.7163172,0.009142588,3.6846747,-16.791313,-1.4423624,1.1651907,0.041753735,0.5543924,-0.13533607,0.049188085,-3.653035,0.42202938,-1.4142075,-19.349407,5.862837,0.198389,-0.14138278,-0.035914075,0.039112,-0.677056,-0.07432914,-0.24910665,1.9109919,1.6271292,-0.34679037,0.013407837,-7.2016983,-0.34792358,-0.74203193,-4.042682,-0.18272403,-0.66446525,-0.3633214,-3.1839447,-9.791206,-1.1390367,-17.283878
1.9120972,-0.11431871,0.18758991,0.6652542,-1.0916258,5.557792,2.3152182,-6.85161,-10.422084,-0.9778282,-0.81851774,-0.019823045,3.6519299,-16.89075,-1.444051,1.1711717,0.106588624,0.62459826,-0.12173413,0.028846983,-4.8851123,0.52314794,-1.3270874,-19.298498,5.2784977,0.19209549,-0.14920862,0.019757643,0.14327475,-0.9210343,-0.17055672,-0.32794634,1.9164766,1.7194521,-0.3331987,0.007102592,-7.1986237,-0.33593413,-0.69457436,-4.28676,-0.21636577,-0.2650033,-0.35886797,-3.2454894,-9.777238,-1.1419464,-16.63621
2.0119808,0.09742411,0.26621923,0.6679521,-1.1322572,4.7181377,1.2049153,-6.9045997,-9.3233385,-0.9654085,-0.72783566,0.011690333,3.7210834,-16.791756,-1.4434041,1.1663598,0.03974077,0.5469791,-0.13352753,0.049198,-3.6451504,0.42248005,-1.419035,-19.441494,5.8814273,0.19444253,-0.1483803,-0.065694615,0.03103453,-0.7328626,-0.07369187,-0.31869942,1.8897184,1.6387222,-0.37001756,0.0033672492,-7.2539625,-0.35037258,-0.71558225,-4.004295,-0.1819728,-0.66878355,-0.3569897,-3.1911347,-9.861932,-1.1395692,-17.321014
1.8638489,-0.24498986,-3.6156962,-0.073748864,-0.8022913,-1.2300825,-6.80788,-8.004489,-8.969349,-0.115823545,-0.59581,-0.89479977,0.9820432,-16.385607,-1.0803039,1.2140269,-3.1929128,0.7833749,-0.25035155,1.3535138,0.003664851,-1.1829786,-1.5898298,-17.712578,2.7264411,0.094345674,-0.74436784,-0.021344887,0.22989276,-1.0222937,-0.14233525,-1.6375757,-1.6466738,-6.596217,-0.21891512,-0.21833861,-5.6824613,-0.8385795,-1.8901147,-3.803391,-0.81765306,-1.0584539,0.14142871,-1.4333273,-7.027885,-1.0425394,-10.558388
1.342139,-0.23782495,-3.6193871,-0.051120296,-0.7319247,-0.25234717,-6.4990706,-7.56129,-8.75523,-0.08438618,-0.6989594,-0.5808298,0.822878,-16.117855,-1.5538055,0.8890819,-3.223965,0.7273934,-0.095690615,0.62277824,0.080172576,-0.040696457,-1.975507,-17.82587,2.1966138,0.022583183,-0.3588274,-0.1068207,0.09741587,-0.93508637,-0.24140386,-1.1164306,-0.9972225,-5.84913,-0.7921209,-0.44163677,-6.0985394,-0.4527345,-0.99192876,-4.07769,-0.5580581,-1.0990711,-0.17651077,-1.5499687,-5.977736,-1.2855778,-11.162896
2.0241072,-0.26857644,-0.18913817,0.24077702,-0.69881636,1.4031205,-3.5553265,-7.8516793,-9.390616,0.45761004,-1.1108986,-0.73840135,-0.39351937,-16.669647,-1.4089078,1.0039034,-3.3111515,0.6539685,-0.12068321,0.37253404,-0.8399022,-1.5379491,-1.812524,-17.216702,4.074187,0.019781938,-0.70929456,-0.031760927,-0.031113094,-1.2072965,-0.35356748,-1.3030509,-1.0018969,-3.5713606,-1.7758285,-0.43309826,-6.487407,-0.47833657,-2.2630131,-4.0058303,-0.6435322,-1.4504085,-0.06957222,-1.302888,-7.9058294,-1.1494652,-14.2807455
1.289614,-0.21836214,-1.6385096,-0.09363959,-0.74371237,-0.32988805,-6.7883596,-7.3990974,-8.693733,0.21787737,-0.82545906,-0.76210195,1.0314779,-16.202988,-1.2981639,0.73509073,0.6071009,0.8519205,-0.05499185,0.54420996,-0.051157475,-1.2369026,-0.22772162,-17.705841,1.6126533,0.08558444,-0.78725034,-0.05316585,0.24327481,-1.0385135,-0.37070033,-1.3765881,-1.0280353,-6.2450485,-1.02242,-0.3612519,-6.9835134,-0.93132436,-1.8838125,-3.8932173,-0.8487724,-1.3463614,-0.120160095,-0.9107595,-5.3302054,-0.6559549,-10.126225
0.97737026,-0.075220175,-3.739592,0.04330016,-0.6200723,1.3723578,-5.706339,-7.5966625,-9.328926,-0.5750954,-1.0598217,-0.9481998,1.5400503,-16.243523,-1.6433983,0.56939834,-2.4202642,0.62986314,0.12613526,0.33650786,-0.29992422,-0.94094235,-2.0207283,-17.324629,3.4606159,0.03649462,-0.70871204,-0.088922404,0.30391163,-1.1046329,-0.20734586,-1.5903682,-2.3742907,-6.126821,-0.42303446,-0.3671569,-5.785126,-0.4120421,-1.6065403,-3.9385612,-0.6883834,-1.2589191,-0.23927604,0.6342899,-3.7108638,-0.95450205,-14.986657
2.151281,-0.22606003,0.52586913,0.3610378,-0.22916451,1.4275054,-4.7338943,-7.807349,-9.655687,0.56063396,-1.2307569,-0.91301847,1.1666534,-17.648582,-1.2651764,1.072554,-2.7321131,0.48002654,-0.20729233,1.5306921,-2.7952967,-0.96529526,-1.7886841,-17.240467,4.6505904,0.04896255,-0.7803415,-0.056574967,0.10318314,-1.2816824,-0.24159004,-1.734928,-1.526295,-5.2605634,-1.7225492,-0.12773733,-6.8758974,-0.6246118,-2.312285,-3.8550735,-0.19005749,-0.97809947,-0.2164674,0.052375272,-7.572205,-1.4770689,-15.150781
1.9290966,-0.30161944,-1.0062582,0.05911317,-0.6341906,1.4263717,-4.9087663,-8.482548,-9.495062,0.47477007,-0.7806049,-0.73524046,1.2581996,-17.402145,-1.2701931,0.57559615,-3.0594056,0.7652477,-0.20202589,1.554581,-2.0039742,-1.3772597,-2.0056205,-17.274782,4.655621,0.12034873,-0.48703557,-0.053374063,-0.13289838,-1.1444823,-0.28262275,-1.5133086,-1.1014705,-5.347663,-1.479788,-0.13380724,-7.2200446,-0.3648156,-1.9784664,-3.8564937,-0.5382912,-1.4682155,-0.2643877,-1.2942449,-8.029218,-0.83381647,-14.119034
0.8339998,-0.4480929,-3.447809,0.01889514,-0.725621,-0.67310363,-6.5955744,-7.477967,-9.190876,0.6848258,-0.9782626,-0.82099026,1.0222096,-15.955465,-1.365393,1.0255103,-2.8560157,0.63679135,-0.16019017,-0.38089448,-0.51563185,-1.3527153,-1.3760128,-17.713684,3.7229087,0.062244467,-0.7068457,-0.068147585,-0.33989963,-0.8114357,0.27893323,-0.83208156,0.46414897,-5.890425,0.2100442,-0.6998609,-6.5846963,-0.7248563,-1.8706367,-2.8976169,-0.4796943,-1.1374016,-0.27831626,-1.1169739,-3.7920191,-0.68154114,-13.146936
0.88579947,-0.22625066,-1.8944054,0.16567343,-0.010967051,1.105211,-5.5588307,-7.3771043,-10.284407,0.568099,-0.8100246,-0.92265517,0.17130628,-16.955715,-1.6661155,0.8353016,-3.6105938,0.52967805,-0.0024243603,1.506903,-3.4380245,-1.233648,-1.0209695,-17.79515,3.4094803,0.18835385,-0.38373452,-0.10113425,0.11405666,-1.311402,0.27715224,-0.96799237,1.3415555,-3.6190426,-0.58285046,0.06403747,-8.745149,-0.38061088,-2.6256206,-5.2696104,-0.80580825,-0.096184365,-0.22090329,2.4552026,-5.86766,-1.1151369,-16.108309
2.1090453,-0.17949584,-0.048278794,0.4824508,-1.1007674,4.4550242,0.15312693,-6.824356,-9.547757,-0.7134949,-0.7223136,0.0569842,3.698182,-15.575486,-1.4567169,1.1328328,0.031797692,0.6095822,-0.13596743,0.17661077,-3.4876113,0.41793635,-1.3001416,-19.323605,5.193243,0.3489804,-0.17406979,-0.05272258,0.1853419,-0.7975658,-0.08422979,-0.13419136,2.1928198,1.6978067,-0.40060028,0.17022534,-7.5628014,-0.28281635,-1.173288,-3.7893813,-0.20229107,-0.28378335,-0.5284532,-3.263339,-9.411525,-1.0354955,-17.421644
1.9920708,-0.21498485,0.29636267,1.2701588,-1.1200262,5.0743756,2.2490637,-6.8309407,-10.132938,-0.12708412,-0.8993474,0.06869861,3.493317,-17.816998,-1.40393,1.2478784,0.09550646,0.60073507,-0.1323326,0.32671773,-4.815991,0.48558754,-1.271445,-19.157658,5.5335836,0.21902815,0.30131367,-0.05397049,0.18289754,-0.8163371,-0.16060133,-0.30227184,2.1774893,1.8834223,-0.24480304,0.045608263,-7.782737,-0.37480992,-0.7653309,-3.7820568,-0.38478005,-0.6058346,-0.38449672,-3.5817196,-10.284643,-1.1520288,-16.662132
1.0911585,-0.22014254,0.29155356,1.1946393,-1.1203165,4.806215,0.6478993,-7.7330394,-10.843041,0.1186266,-1.1642593,0.03857789,3.3259199,-16.684137,-1.57986,1.3257391,0.034633137,0.58512807,-0.19198759,0.3271538,-3.6644914,0.46966818,-1.3073119,-19.131172,4.590563,0.20174576,0.28030926,-0.12051119,0.36714366,-1.4498194,-0.20981933,-0.32185307,1.9212956,1.9116172,-0.26322168,0.028210225,-7.5637355,-0.2923995,-0.94243854,-3.503444,-0.24659409,-0.18171299,-0.4450882,-3.5833273,-7.400804,-1.1438621,-16.446053
1.2438488,-0.18975434,0.30701447,1.8644633,-1.0195154,5.595827,1.5258358,-7.7254233,-11.075065,-0.22983098,-1.8001679,0.036250316,3.3846185,-16.254187,-1.3933643,1.1453964,0.08538645,0.5625586,-0.06527919,0.7557539,-5.0323396,0.13079628,-1.3132503,-19.864706,4.573236,0.2097112,0.5416383,-0.23093976,0.3252859,-1.4577625,-0.15792032,-0.27238318,1.7690105,5.2805214,-0.20590295,0.1721363,-7.458036,-0.3044676,-0.89665645,-6.3962426,-0.0921731,-0.1429591,-0.4592587,-4.1622906,-7.3710856,-1.1596515,-17.003012
1.3134897,-0.24093047,0.3921129,0.183265,-0.536098,3.4565346,-4.895507,-7.5455923,-6.3363256,-0.75641125,-0.26809213,0.13166358,1.9342524,-12.581659,-2.3776276,-0.008992978,0.17235975,0.30286658,0.029794987,-0.18582533,0.034761384,0.98997754,-2.1270874,-18.66343,-0.033993628,-0.05783451,-0.4089097,-0.04481261,0.10928919,-0.74372363,-0.20340297,-0.6378312,2.0242467,-1.8534572,-1.3408074,-0.044569492,-7.6936064,-0.19428305,-1.1250807,-4.057767,-0.4583977,-1.2087964,-0.43912867,-2.0565946,-4.439623,-1.3000581,-12.7530155
2.1325002,-0.2192663,0.3377563,0.6679949,-1.1018875,4.976568,1.1353714,-7.055537,-9.807013,-0.9635314,-0.7149853,-0.004501237,3.796058,-16.78,-1.437669,1.1477555,0.038582955,0.63842285,-0.13997985,0.037613526,-3.6561065,0.46624896,-1.3006957,-19.278143,5.6580653,0.20274293,-0.15597144,-0.033190835,0.38932008,-0.8745731,-0.15573746,-0.31386104,1.8891141,1.6745216,-0.35816854,-0.0032253724,-7.1225505,-0.33995214,-0.6845091,-3.9940326,-0.45249864,-0.64619386,-0.36604577,-3.2310777,-9.782905,-1.1409507,-17.292187
1.1094168,-0.2647065,0.3167934,0.37244424,-1.088113,4.0160565,0.21570893,-7.542797,-6.9621973,-0.82374895,-0.5097652,0.08566817,2.8424904,-14.105589,-1.5668696,0.08189767,0.030766947,0.55348325,0.04513201,-0.3580712,-3.0363598,0.45880565,-1.4965098,-18.57131,3.9776664,0.22606863,-0.36563486,-0.03154045,-0.11328654,-0.38963553,0.2590349,-0.63632464,2.3521066,-0.5698597,-0.806904,0.11257539,-7.0688224,-0.3488814,-0.83664674,-4.1627555,-0.3933771,-1.3652039,-0.33182123,-2.460356,-7.778172,-1.0978894,-15.878307
1.12522,-0.24971901,-0.071219616,-0.051744185,-1.0460037,3.8118825,-0.3168393,-7.7416906,-6.1981325,-0.74365693,-0.45656282,0.03170201,2.832256,-13.787059,-1.7791677,0.08804284,0.051908437,0.5744122,0.039394103,-0.58743703,-2.9093442,0.926529,-1.7549372,-18.669012,3.6599965,0.19794728,-0.3217726,-0.027935436,0.009385604,-0.42393416,0.31070402,-0.64444864,2.1602204,-0.79087216,-0.69633543,-0.24008714,-6.8437614,-0.15940201,-1.1540233,-4.1871495,-0.34945706,-1.353134,-0.28045273,-2.335883,-7.8708324,-1.0472467,-14.86699
1.0535158,-0.287213,-0.82281727,0.16477226,-1.0325534,5.015117,-0.07180465,-7.3688374,-6.715586,-0.7690433,-0.5340621,0.018486142,3.040324,-14.083351,-1.8173791,0.10259647,0.17169419,0.5830794,-0.002267103,-0.60022056,-2.79505,0.93774915,-1.5838518,-18.994652,3.9948578,0.17894241,-0.42714372,0.017305939,-0.12658937,-0.5762147,0.23576282,-0.7734291,2.0368297,-0.8742684,-0.6871482,-0.0867806,-6.8187833,-0.21265563,-1.1295493,-5.1174445,-0.70927733,-1.2161826,-0.28131682,-2.3574562,-8.053282,-1.1059811,-14.975672
2.0679243,-0.33104905,0.2869737,0.5142557,-1.0858716,4.469564,0.832129,-6.7711983,-8.369923,-0.835133,-0.46610138,-0.04158712,4.0107822,-15.77131,-1.4691316,0.10959943,0.0017297118,0.544309,0.13835427,-0.20420966,-3.15678,0.49252984,-1.4025153,-18.86337,5.330409,0.24824812,-0.32909173,-0.04199716,-0.1449877,-0.6707054,-0.014807385,-0.33718997,2.17401,0.8007534,-0.6668919,-0.21687838,-7.3193645,-0.30015323,-0.8287844,-4.0813017,-0.29636526,-1.3326399,-0.3952828,-3.0080335,-9.188091,-1.0804466,-17.040545
2.0947986,-0.17709495,0.22509694,0.6717607,-0.47739398,5.113596,1.6117079,-6.837819,-9.665547,-0.84800136,-0.91459984,0.011597489,3.651809,-15.641737,-1.4279846,1.1344316,0.1060305,0.61730653,-0.13262604,0.019904755,-5.5611224,0.53042305,-1.2566742,-19.315634,5.708812,0.19914071,-0.14417319,-0.1684557,0.13266508,-1.4405503,-0.15726821,0.14743757,2.2083473,1.76425,-0.41173306,0.00041010935,-7.2889867,-0.31748968,-1.0083523,-4.1323495,-0.1564026,-0.6175433,-0.44105557,-3.3171132,-10.008293,-1.1445051,-17.269135
-1.7139251,-0.16680424,-4.2156377,0.07733595,-0.30278566,2.0857556,-4.684832,-6.9635034,-7.0209274,-1.075623,-0.98621887,-0.5401863,1.3765987,-10.206522,-2.4691248,-0.88969046,-0.031811655,0.08609875,-0.2803442,-0.37834647,0.2707152,0.6755373,-1.8610083,-16.77693,-0.92618126,0.08921894,-0.2647682,-0.19240072,-0.0038892757,-0.32534692,0.53705186,0.9758616,3.0754976,0.2192783,-0.23755635,-0.51160294,-7.4762163,-0.15018004,-1.0053316,-3.3298879,-0.9764119,-1.942633,-0.47908348,-2.7036226,-4.6536007,-0.85712016,-6.8688827
2.0227797,-0.179103,0.3559665,2.0494199,-1.149707,5.7473373,3.6582654,-6.5711527,-9.817889,-0.92332804,-0.8204942,0.02865066,3.643939,-17.236933,-1.484467,1.1509222,0.07452709,0.5414511,-0.115885906,0.006018367,-4.783689,0.37917385,-1.3855232,-19.678411,5.635296,0.21407685,-0.13034222,0.043946885,0.012651722,-0.73049855,-0.178122,-0.32559294,1.9352602,1.624122,-0.34273183,0.08839194,-9.193026,-0.32059798,-0.71399504,-4.707897,-0.17152897,-0.68605256,-0.36595413,-2.990534,-9.78392,-1.142563,-17.31744
2.0446424,0.0043928768,0.2402634,3.2437224,-0.4641784,5.2768464,4.192668,-7.8876514,-9.567409,-0.93319637,-0.9980766,0.16304706,3.6711168,-17.260654,-1.5095932,1.1836221,0.12571761,0.5989552,-0.10948351,-0.0019334813,-5.4752154,0.3483354,-0.8337905,-19.570965,5.5585227,-0.08130298,-0.48667103,-0.02902476,0.3451802,-0.80814195,-0.10697506,-0.15413947,1.8889304,1.432353,-0.62210226,0.069147736,-8.821209,-0.27184004,-0.98298985,-5.1093383,-0.3675979,-1.2848036,-0.48868683,-3.7345464,-8.614347,-1.3161927,-16.58596
2.1588018,-0.057963233,0.2620179,2.1254637,-1.1369872,5.4648595,1.0716548,-6.447458,-11.859283,0.073009506,-1.8190953,0.11082543,3.4888203,-16.086311,-1.3302716,1.1292703,0.010502432,0.5809369,0.05297754,1.1140274,-5.530493,0.10352445,-0.8850284,-19.447168,5.3464985,0.1556242,0.49466276,-0.16408657,0.28933805,-1.5692735,-0.055435773,-0.12848288,1.7863227,5.8872924,-0.5762121,0.15376924,-8.001682,-0.38905677,-1.1789942,-6.5310216,0.09062494,-0.26207396,-1.2443422,-4.14677,-9.362947,-1.1538087,-16.497416
1.1399503,-0.35304224,-0.15053795,0.4832289,-1.1938983,4.585217,1.8369015,-6.9770713,-8.876699,-0.73094136,-1.3691367,0.009044951,3.9427586,-16.469152,-1.6179948,0.041906502,0.09039133,0.60237056,0.2003154,-0.08105061,-4.702543,0.42991138,-1.2195134,-19.235077,4.662079,0.29587373,-0.35378712,0.025822956,0.22757794,-0.8064804,-0.18903442,0.15409587,2.1955094,1.8249828,-0.4541827,0.06921394,-6.7550287,-0.11918079,-0.75226897,-3.6943989,-0.30363494,-0.5984389,-0.16362011,-3.924776,-7.42122,-1.1656499,-17.40177
2.1190727,-0.07218151,0.20916702,1.2059969,-1.2155079,5.5959444,2.5251157,-6.534437,-11.494358,0.076903604,-1.0183148,0.007721246,3.447221,-16.904552,-1.2772274,1.1952227,0.080526695,0.19681263,-0.15508312,0.032243825,-4.8305593,-0.2965047,-1.1781869,-19.252949,5.122591,0.097008936,1.2887733,0.0006522509,0.07473436,-0.86153734,-0.24504863,-0.4281136,2.12449,1.5853066,-0.5345865,0.20349371,-8.610037,-0.2733198,-0.82937574,-4.386254,-0.24471672,-0.5201106,-0.41080976,-3.4688544,-9.220335,-1.1520864,-15.771324
1.1399133,-0.2522861,-0.16995172,0.41950962,-1.0722013,3.7347226,0.8199647,-7.279347,-8.639985,-0.90743965,-1.1225673,-0.078302056,2.492887,-12.603538,-1.7268852,0.09500503,-0.027628822,0.5962065,-0.034370076,-0.04484048,-3.297413,0.45386538,-1.2189159,-18.924807,4.578222,0.16811317,-0.5630091,-0.028343804,0.19049156,-0.84800756,-0.17370214,0.3256778,2.4409232,-0.62954146,-0.6594633,-0.33697835,-7.0181937,-0.21642096,-0.7157746,-3.7276707,-0.45620322,-1.2265772,-0.39599138,-3.4572732,-7.1465063,-1.0634233,-16.264307
1.0408561,-0.18441896,-0.28857437,0.31868684,-0.91732377,4.0583167,0.28351656,-7.3929634,-9.188807,-0.73518455,-0.61018026,0.08508784,2.4090314,-13.851103,-1.8538069,-0.21983078,0.041868124,0.47866997,0.062718146,-0.3290922,-2.9661562,0.7991813,-1.6574559,-18.886389,5.201977,0.13101727,-0.5856902,-0.055623196,0.109072186,-0.39426512,-0.15530488,0.34192508,2.5279996,-0.7285086,-0.59479415,0.275215,-6.8683825,-0.3201233,-0.84418607,-4.2285643,-0.59719974,-1.26614,-0.25520954,-2.3801196,-7.3513865,-1.0714048,-15.678614
2.3214428,0.105926506,0.18981732,3.9692957,-0.31645,5.074556,1.671885,-6.3795476,-10.660416,0.4752013,-1.728621,0.054758687,3.4748805,-15.574723,-1.3577548,0.62815434,0.14345656,0.45290536,-0.08971219,-0.030438265,-6.0007,0.58799076,-1.3279322,-19.354887,5.525719,0.16298568,0.16209045,-0.16124296,0.2974671,-1.5577583,-0.1871457,-0.278111,1.6920365,5.001217,-0.24491283,0.2851589,-7.7127542,-0.0827734,-1.3849535,-6.4201245,-0.05703156,-0.19987397,-0.40603444,-3.923385,-9.24445,-1.0317981,-16.19839
2.1602063,-0.19128056,0.03520521,0.8895375,-1.0100728,5.042294,1.3392203,-8.505125,-7.7667713,-0.6697598,-0.8844532,0.05242506,3.4150698,-14.83775,-1.7517883,0.38883248,0.14016584,0.536722,-0.11070473,-0.47816396,-2.2026842,0.18496957,-1.332566,-18.471283,5.4235773,0.11405384,-0.59073466,-0.05695699,0.309105,-0.8420736,-0.18118273,-1.6059905,1.8428773,-0.53920114,-0.69075483,-0.031093331,-7.7469897,-0.2747651,-0.92661,-3.8274689,-0.43269563,-1.2444316,-0.3674459,-3.3538804,-9.25488,-0.60419106,-15.234857
2.218864,-0.16964935,1.0751855,2.0778415,-1.2280097,4.4658337,1.3523351,-8.501742,-9.84401,-0.6908855,-1.3831581,0.23465829,3.6378736,-17.275997,-2.1328378,1.2101202,-1.3763108,0.58947396,-0.1659428,0.509984,-3.058327,0.625227,-1.2495701,-19.249659,5.645596,0.17227942,-0.6129357,-0.090582654,0.19828793,-1.436523,-0.16675733,0.3615042,2.1682131,1.4500185,0.24924096,0.34023252,-7.531317,-0.21847357,-0.7492047,-4.0906487,-0.34718016,-0.3519649,-0.27420604,-2.852248,-9.985207,-1.0101014,-16.737875
1.1945949,-0.4169143,0.30901936,0.41953787,0.45901126,6.8495336,6.6858716,-6.776667,-10.948634,1.1108869,-1.3082519,0.006277045,3.5411582,-14.758299,-1.5809948,1.0722215,0.07657899,0.89996713,0.24054715,-0.08426034,-5.644857,0.52533174,-1.1066557,-10.980985,5.004259,0.18328227,-0.4694731,2.3729172,0.26245874,-1.4105403,-0.109686054,-1.1678102,0.9395904,4.7729173,-0.2240157,0.40106165,-8.078902,-0.46175948,-1.1147624,-8.230634,-0.97038686,-0.37828207,-0.4533022,-3.468779,-6.6310487,-1.1779666,-14.916283
5.222776,-0.61408836,0.9642414,3.0103457,1.2957214,24.631454,-2.6577775,-7.7842693,0.8263403,2.5138283,1.9375672,-0.43394247,1.7425342,-14.62573,0.17535433,0.45998996,0.19713534,0.16782914,-1.8118485,2.1384144,-0.8308727,0.3608173,0.06328311,-12.745668,-0.18700157,1.1784873,-0.14147146,-0.14871047,1.7169316,-0.7392828,-0.47092542,-2.6024704,-2.1280138,1.018383,1.6312448,-0.5290637,-2.3156667,-1.6087602,-1.8837622,7.4606123,0.5084094,-1.4261125,0.11219579,9.361197,-3.652121,-0.36822006,32.013374
-3.532619,-0.23865885,-0.55164975,0.7971024,-0.20334807,-13.380708,-15.472561,3.6884565,4.4649773,-0.5784705,1.0538963,-0.94800395,-2.8555224,19.256037,-6.2288394,-0.07322719,-1.9881724,-0.026063219,-0.5979208,-0.9066389,20.491457,-0.661935,-0.94198394,15.94028,-1.3466392,-0.5134083,0.022408614,-0.15191121,-0.24440625,-1.1806309,0.47526842,-0.60837775,-0.9226108,6.6956425,0.99235064,-0.48783252,10.470065,2.786569,-0.31406692,3.6030107,-1.6360229,3.8844886,2.266499,2.7579002,5.949321,0.20138076,14.331529
-1.3693025,-0.52967674,-1.0644761,0.60934526,-0.03948655,-6.577976,-16.791018,4.0135565,-1.3225212,-0.4687723,1.3794953,-1.3500421,-2.164974,15.454898,-4.405375,-0.33711335,-1.4269929,0.07223354,-0.07167053,-0.43617138,23.832186,-0.6874264,-1.131932,-6.425249,-1.3550682,-0.5809167,-0.0090243975,-0.0993899,-0.020627547,-1.2509514,0.18817899,-0.5086417,-1.0454993,-0.0280183,1.3585804,0.5186167,10.001038,2.9970534,1.3776662,4.386568,-1.4160372,4.361625,0.38298208,3.3111744,6.2207117,0.19207044,15.807805
-1.1659137,-0.3929893,-1.4986604,0.6085085,-0.28770497,-6.8778305,-14.834712,3.718347,0.087688655,-0.42436326,1.4882113,-1.4178516,-1.2476832,15.536048,-4.346563,-0.25396413,-1.4427446,-0.098718315,-0.13418049,-0.5491679,23.91894,-0.48326072,-1.005676,-6.3526826,-1.2585577,-0.6284079,-0.013191145,-0.27174285,-0.27601382,-1.2789124,0.312992,-0.45611554,-0.6873656,-1.1156837,1.1342936,-0.17953911,10.362864,3.1959372,1.0988905,4.49443,-1.4468118,3.0306096,0.40296027,3.5139747,6.419349,0.15811595,15.721393
-5.380043,-0.037790067,-0.50827503,0.87594116,-0.51701593,-15.598433,-17.41308,2.937357,0.54379135,-0.6241504,0.92894167,-1.0722061,-2.4187293,16.387817,-6.370905,-0.044064764,-2.6582217,-0.2204056,-0.6750574,-0.9536121,20.588495,0.11247424,-0.051041458,17.702856,0.13279091,-0.6165841,0.79544055,0.040391393,0.17606942,-0.14706904,0.21668848,-0.75474536,-0.78831816,-0.8121852,0.9731125,-1.2591983,10.619318,3.2821963,-0.9872808,3.58829,-1.4096787,2.2044938,-0.7972105,2.3568726,5.9407578,0.023596885,15.006676
1.1492863,-0.15563515,-2.0960057,-0.73861265,-0.42033055,-0.3940081,-5.164274,-8.036953,-9.544916,-1.561985,-0.39903468,0.32607782,1.3131537,-14.292826,-1.5592597,1.0695788,0.5070799,0.4177052,-0.038692065,0.40969288,0.22793068,-1.0684606,-2.1795208,-18.581451,3.6056523,-0.1052055,-0.6839538,-0.050575983,-0.24814786,-0.554043,0.3581458,-1.3750634,-1.6127759,-5.851728,-1.4398363,0.29402867,-7.739522,-0.21132381,-2.0948935,-5.0718694,-0.9273139,-1.2103246,-0.24257374,-2.1775196,-5.664227,-0.6282937,-13.670209
1.06838,-0.10356794,-1.9943907,-0.28657457,-0.45944273,1.7190089,-5.0480456,-6.99608,-8.651652,-0.7433828,-0.34160435,0.25936005,1.5715048,-15.57071,-2.2113233,0.34881118,-0.311939,0.654908,0.057691086,0.93880135,-0.3044735,-1.1184273,-2.3819256,-18.25117,4.0291667,0.108687036,-0.5750541,-0.023283394,-0.27728105,-0.68881685,0.48440775,-1.3378056,-1.0236224,-4.7050185,-1.5016614,-0.014093018,-7.772402,-0.16977775,-2.1016362,-4.706692,-1.0934017,-1.2103536,-0.26692584,-2.022373,-6.3037777,-0.62301594,-15.374081
1.0313107,-0.14186713,-2.379119,-0.1832676,-0.39350483,-0.21840926,-5.019997,-8.149336,-11.199744,-0.96733314,-0.35182258,0.2879796,1.2418326,-15.693026,-1.5881946,0.9123787,-3.5195158,0.524547,0.25897828,1.3883067,-0.8171882,-1.0149885,-2.3119416,-18.477459,4.7611823,-0.039691936,-0.47440258,-0.10811339,0.29692748,-0.6282309,-0.09454671,-1.4821327,-1.4049902,-6.303722,-2.0046017,0.10341039,-7.3796473,-0.08234426,-2.256355,-5.3829064,-0.9143936,-1.2529919,-0.24580748,-2.1943321,-6.605661,-0.64618546,-14.1444435
1.1431396,-0.23182443,-2.143958,-0.6968191,-0.34039515,-0.047878608,-5.3200684,-7.705829,-10.0917635,-0.8154562,-0.45871922,0.2195835,1.5022367,-14.597244,-1.5927866,0.9374348,0.5076228,0.31402394,-0.115210496,-0.04881715,0.0025412375,-1.1528548,-2.0820487,-18.243076,3.6614332,-0.14706469,-0.4910462,-0.07029716,-0.21246152,-0.56724554,0.37633982,-1.4146063,-1.4875387,-6.3931785,-1.5393391,0.06532062,-7.7348022,-0.13788238,-2.0053835,-4.9576597,-0.8358045,-1.2079257,-0.2727263,-1.3753599,-5.6013474,-0.7910752,-13.873951
1.2504458,-0.3049948,-2.1613755,-0.69646853,-0.37162325,-0.1357153,-5.4445686,-7.1391463,-11.102807,-0.710508,-0.27190858,0.15738283,1.3369402,-14.960481,-1.6162182,0.8236932,0.6045543,0.4854152,-0.045075558,-0.2875588,0.64546,-0.99372774,-1.950409,-18.821556,3.7430778,-0.20919012,-0.62880564,-0.16139041,0.519703,-0.94421786,-0.22534852,-1.4295604,-1.6380119,-6.6786437,-1.0803099,0.41360894,-7.956225,-0.1180893,-1.9251277,-5.033933,-0.82881474,-1.2181832,-0.26953647,-1.4935724,-5.330004,-0.83696246,-12.791845
1.1410309,-0.23309708,-2.0034869,-0.35231814,-0.38004738,-0.7422463,-8.962223,-8.09327,-9.760291,-1.0927448,-0.19350034,0.11285536,1.7223998,-13.958069,-1.5214301,1.1081703,-0.39784592,0.10504527,0.01978765,-0.30499682,-0.40366983,-0.98811847,-1.8655164,-18.116272,4.1129932,0.22133063,2.32479,-0.05349723,-0.24019343,-0.0038596322,0.50825447,-1.5651333,-0.6372591,-3.4393575,-1.0520548,0.32420045,-7.512257,-0.16534485,-2.1331656,-4.373522,-1.0426822,-1.091118,0.17056848,-2.4398274,-2.1583173,-0.7100832,-13.581182
1.3388714,-0.23453967,-2.6300573,-0.045617834,-0.46505892,-0.11431201,-4.105171,-7.8813896,-11.369193,-1.1188323,-0.34331703,0.25855473,-0.5494518,-15.036858,-2.2772129,0.18422554,-4.114514,0.7109434,0.10873711,1.5199877,-0.7456562,-1.1715875,-2.1815836,-17.998915,4.0958557,-0.01957371,0.7847889,-0.083998464,-0.4259774,-0.96144754,-0.16015491,-0.614005,1.5732102,-4.2883315,-2.3438568,-0.02870443,-7.2630935,-0.114717975,-2.4313736,-5.6162395,3.4071136,-1.3699905,-0.3617144,-1.9239856,-6.3654222,-1.093201,-14.132382
0.8188748,-0.29528314,-3.900468,-0.95510715,-0.5194119,-1.2019106,-6.9693947,-7.2923965,-10.039006,-1.5555793,-0.31428996,0.30863795,1.575077,-13.827199,-1.8319225,0.92543477,0.39670008,0.49864748,0.104507595,-0.52123255,0.7131187,-1.300272,-1.9309016,-18.66498,4.0681014,-0.32378766,-0.40222174,-0.12171684,0.27420127,-0.93602324,-0.002461557,-0.98454964,-1.2590681,-6.6702743,0.03344669,0.29650337,-7.703397,-0.36783537,-2.1359038,-4.3413043,-0.06318797,-1.0715698,0.19907792,-1.3803885,-5.0065875,-0.65407914,-13.634557
-0.3253401,-0.38217443,-3.321736,-0.16798508,-0.47795683,-0.37767717,-7.263797,-7.7748218,-10.435256,-1.2949653,-0.2880428,0.14847939,1.3767354,-15.290679,-1.786159,-1.0545028,-4.027157,0.8601018,0.14336045,0.5358688,-0.3887162,-0.8818943,-2.904082,-17.597158,5.1575456,-0.07142039,0.47260422,-0.11468158,0.40016216,-0.8136858,-0.29433444,-0.5615577,2.2228546,-6.6882668,-1.079131,0.2800253,-7.7185597,-0.37348723,-2.5674882,-2.3623543,3.4697533,-1.2971002,-0.46515685,-1.614132,-5.8545904,-1.2023532,-14.209459
0.7721416,-0.27690357,-2.6065974,0.022796497,-0.99241465,-0.03079778,-2.6761768,-7.7601094,-11.927182,-1.4141026,-0.4577852,-0.09007993,0.9704726,-13.5737915,-1.6255736,0.18406646,-2.9686365,0.70760065,0.0084407395,0.21899752,-0.30436343,-1.037894,-3.4813235,-17.212576,4.2089543,0.0055991993,0.55614,-0.112550534,-0.7226689,-1.4545939,-0.4333483,-1.0288548,-0.7603452,-6.5225816,-2.031542,-0.107765734,-7.023615,-0.89776856,-2.5750322,-4.768902,3.8709414,-1.3957995,-0.27113163,-1.1352751,-5.8837924,-0.44446516,-13.25486
1.399617,-0.1890238,-0.6126709,0.2232664,-1.3017876,3.2128463,0.09062755,-8.375751,-3.3594956,-0.5963632,-0.54653084,-0.052208997,2.3002055,-14.468905,-1.8760641,0.4713499,0.1940138,0.40388644,-0.07028252,0.12241968,-4.239135,0.07236515,-1.2684267,-19.422928,-1.9038948,-0.2687528,-0.7005416,-0.043671887,0.31143615,-0.52807885,0.00018909012,-1.7666034,-1.5066086,-1.4810139,-1.6501667,-0.638607,-6.16045,-0.39156467,-0.6316755,-3.997401,-0.42520496,-1.2542795,-0.32888073,-2.2315655,-5.6232257,-1.2868644,-14.061711
1.7834,-0.25282836,-0.65849864,0.51287216,-1.298445,3.4123564,0.34093362,-7.585356,-3.420751,-0.93172985,-0.7055021,-0.050634146,2.1725132,-14.323363,-1.7431695,0.47195262,0.3412682,0.4131019,-0.04426055,0.13777588,-4.3928356,0.23482396,-1.5949472,-19.389383,-1.6649326,-0.33955622,-0.48047242,-0.04412457,-0.2367686,-0.12672567,0.2547367,-1.3001205,-0.8295114,-1.8736167,-1.8922334,-0.21740757,-6.6692286,-0.9281169,-0.8757989,-4.431839,-0.41720182,-1.2757052,-0.27055305,-2.4889836,-6.1744733,-1.0596727,-15.224067
-7.1450334,-0.35616687,-1.8196294,-3.5948462,0.16997688,-1.3495442,-9.683277,1.832038,-4.9074397,-1.6715307,0.0067008147,-2.8242633,-2.4978733,14.669269,-8.405724,0.13133538,-2.3952863,-0.35300428,0.2974923,-0.5966563,22.301672,0.34871247,-1.8376665,-15.60295,-3.2292356,-0.22212233,-0.29682493,-0.14099236,-1.9082979,-2.0470505,-0.4227811,0.41032988,-9.049346,-4.4554877,0.15123557,-2.6574347,7.7326837,0.45744535,0.7604518,1.9967461,-3.540787,-2.3562198,0.10620373,1.8830189,5.238745,0.071968116,14.464646
-4.1248918,-0.47455484,-0.9432322,-2.3649023,-0.034859885,-10.539055,-16.274633,4.2463603,-3.584199,-0.81388384,0.10193509,-1.7449297,-2.0934448,23.257849,-5.1966987,0.56178594,-2.47084,-0.16023944,1.4260308,-0.9155431,22.920128,0.17290325,-1.4620727,-13.128779,-2.1107008,-0.59725946,-0.19862787,-0.44913256,0.061514925,-1.3611732,0.5332367,-0.7753171,-1.7721497,-1.6373711,1.74592,0.31018922,4.8860836,-1.1076497,0.9058485,2.9530275,0.14465825,0.019323595,0.2708771,2.900077,4.6814656,0.18589036,2.7637858
-3.210728,-0.49702838,-1.4496574,-0.6882655,-1.7366349,-12.460118,-18.837423,-1.1056805,-4.317754,-2.6128824,0.54052687,-1.8370441,-1.8004712,21.89062,-1.7339,-0.77445626,-2.4593694,-0.2017555,0.78193253,-1.5150893,22.971432,-1.0710598,-1.730404,-12.92469,-1.4010005,-0.30930632,-0.52642673,-0.19611661,0.24183545,-0.8562594,0.44364008,-1.0086749,-1.7533531,-1.490071,1.5485885,-0.030483523,2.070517,-0.9965977,-0.29749042,1.907029,-1.7515055,3.1643324,-1.0589472,2.7211885,6.1397467,-0.08569623,-2.1498287
0.4251492,-0.38606203,-1.9509284,-0.37293765,-0.88804996,-3.968677,-15.639398,3.4717875,-3.2179506,-1.4249269,1.0853944,-1.4495988,-0.22291146,20.074013,-3.0023987,-0.54862547,-1.9562484,-0.18398334,0.539664,-3.7970326,22.330381,1.0081495,-2.2923183,-15.162518,-1.4587842,-0.6233114,0.013798963,-0.28710625,-0.11276293,-0.55523235,-0.570541,-0.8736369,-2.0215778,-0.6806272,2.1503623,0.19593479,7.602692,-1.2209612,-0.4371009,2.2126403,-1.2526234,0.06895365,0.68513197,3.0997145,5.8525662,0.16453926,1.1603422
-5.4774623,-0.61026204,-1.2194475,-3.2899008,0.17442264,-7.643141,1.4425484,6.481004,-0.4571973,-1.6526353,0.9177216,-0.7928222,-0.67664254,-4.1992216,-8.883846,-0.05764183,-0.36063755,0.5333771,0.7499625,-0.40619963,27.9804,0.016661864,-2.899886,-8.283051,-5.204559,-0.61504763,-0.5174915,-0.26715443,-0.10055065,-1.0810142,0.16548505,-0.963856,-1.3250061,-7.749713,1.0235331,-4.6401763,-3.6019719,1.289315,2.4349213,7.7388325,-2.015114,2.178257,0.6034402,2.7234166,6.4120727,0.19348599,-1.850216
-5.451566,-0.6043706,-1.2757293,-3.1184726,0.30549937,-5.6954,0.39848,6.3275337,-0.38883227,-1.9259875,0.8483411,1.054156,-0.67430186,-1.6139141,-8.912622,-0.1819031,-0.34774044,0.47699273,0.49452174,-0.33350345,28.453764,0.015376894,-2.7363904,-7.9727235,-5.047268,-0.7159032,-0.5680786,-0.1580898,-0.11496586,-1.1803263,0.24052809,-0.87381774,-1.0802869,-7.8418455,1.1056837,-4.6393394,-3.5195858,1.0846355,-3.2633169,7.7736306,-2.029319,2.370163,0.58954626,2.8189206,5.8447127,0.25989363,-1.6558788
-5.306878,-0.26551867,-0.8781271,-2.8070967,0.5878233,-5.5784206,-2.307546,6.6110725,-1.808197,-1.9634284,1.4692281,-0.799619,-0.8876694,9.347293,-9.137801,-0.6065346,-0.6375645,0.1606273,0.4700573,-0.55665624,27.211557,0.14682087,-3.059984,-8.410943,-5.0490017,-0.44422153,-0.27031916,0.0013426688,0.0076558366,-0.8979778,0.37603027,-0.7082057,-0.981769,-9.715224,1.095867,-5.311019,-0.9435284,0.6834522,-2.7019987,2.921476,-2.2465012,2.5320454,0.69812435,2.758272,5.8955545,0.2642054,-3.273015
-3.179612,-0.2318728,-3.3401575,-1.0011591,0.47198758,-3.418352,13.596117,3.109865,-2.9335413,1.0121948,1.7232049,-0.1640262,-2.437437,-11.222108,-2.026489,-7.3574195,0.16548976,1.288343,0.80349725,1.5139946,2.9021509,0.19746181,-1.4723593,-15.341059,-1.8314064,0.25556406,-0.19063315,-0.6974931,1.0787089,-1.7060697,-0.114754096,2.2299612,-0.8933907,-2.5691712,1.5337399,-0.8114074,-4.239594,-0.67094004,-1.5687574,-2.5668473,-0.4041041,-4.54324,0.12644888,4.690389,8.955704,-0.38457012,18.822798
0.12957703,-0.06438186,-3.235457,-0.7570132,-0.53040594,2.2727053,-3.0201435,-7.021317,-6.637719,-0.458153,-1.3895351,0.33141935,0.57208884,-8.799672,-1.4689502,1.7345092,0.36738682,0.49033108,-0.27372786,0.2816966,0.40720305,-0.6112369,-1.579007,-16.97817,-0.038383942,-0.07243818,-0.37508628,-0.030037833,-0.31980965,-0.35508814,0.53341717,-0.64456034,-0.507247,-2.181964,-0.13461587,-0.66440165,-6.2647734,-0.037131824,-0.53787684,-2.112619,-0.309893,-1.2018933,-0.31322044,-1.7057493,-4.062645,-1.0062387,-11.267064
1.2970489,-0.089858405,-3.9408743,-0.5380912,-0.43800163,0.11997938,-4.6595907,-7.165302,-7.1945143,0.22839586,0.16176641,0.44474915,0.54568565,-13.868162,-1.7175064,1.3453776,0.35402063,0.6357333,-0.00051506294,-0.3014616,0.88957727,-0.35222596,-1.8635539,-18.219515,-0.92542136,0.47393522,1.1698109,-0.006516448,-0.036388826,-0.32232812,0.67299646,0.5858657,2.6005719,-1.36614,-0.20573208,-0.53566664,-7.3466153,-0.37453634,-0.59753716,-3.0175395,-0.45512715,-1.0740042,0.05168436,-1.6495477,-2.398556,-1.0595009,-10.517487
1.3449833,0.08680314,-2.0636349,-0.13694009,-0.61676997,4.3708906,-2.0089061,-7.04692,-6.515226,1.3317804,-0.3146398,0.36253434,2.0974448,-14.030788,-1.0335078,1.2938111,-2.8732474,0.9617394,0.2875432,0.0014869033,0.61557335,0.030560477,-1.7226286,-18.344465,-1.5197875,0.035979886,2.356922,-0.076431744,0.013193828,-0.42658958,0.47155166,-1.311568,-1.5350156,-3.153042,-1.3474392,-0.19139709,-5.270382,0.23727871,-0.26252,-2.1346536,-0.014157937,-1.2493963,0.20723501,-2.4406044,-3.9595063,-0.98873514,-13.570614
1.178565,-0.19798113,-2.0255861,0.08592472,-1.2820228,3.7668884,0.30650467,-7.3373184,-7.51127,0.7838416,-0.4027454,0.301702,1.0265802,-15.25036,-1.4403234,1.3393959,0.5566797,0.6864135,0.23304528,1.9393318,0.05834223,-0.70950985,-1.5833412,-17.533358,-1.1112043,0.17588386,2.293537,0.0027932404,-0.0613795,-0.53487384,-0.20560417,-1.8062487,-1.6552749,-1.0565817,-0.9846018,-0.20842329,-5.657032,0.091933064,-0.5047405,-2.6769485,-0.26563495,-1.3513099,-0.0036291943,-1.5443501,-5.272882,-1.3783578,-15.154691
1.2909889,-0.05455767,-2.3844955,0.3183944,-1.326026,4.974918,0.58403957,-8.2226515,-7.1223807,0.6099885,-0.237085,0.3290768,1.9983971,-15.003777,-1.1520761,1.3872075,0.41313145,0.58044064,0.004733796,0.7886562,0.5596086,-0.82247007,-1.4703195,-18.25049,-1.000028,-0.023604639,-0.476498,-0.02884474,0.04541201,-0.5495255,-0.25048083,-1.4819812,-1.5401049,-0.19533369,-0.5346977,-0.33277762,-2.2080204,0.33551797,-0.46928662,-3.273903,-1.0769345,-1.2756304,-0.045929957,-1.5625445,-5.1911173,-0.8532986,-14.734502
1.0166712,-0.15652257,-1.9004921,0.41487062,-1.5040151,3.9694386,0.4152113,-8.064645,-8.0630245,0.649766,-0.5168137,0.45659038,1.3700234,-14.417331,-1.8366457,1.0687537,-2.6596801,0.605998,0.03490044,2.0984654,-2.2929716,-0.93398225,-1.2094725,-17.771158,-0.5493687,-0.17371704,1.7880911,-0.03158942,0.3779955,-1.3737509,-0.22472411,-0.43525633,-1.0102702,0.34074563,-1.4238951,0.04599764,-4.826012,-0.3281892,-2.4523692,-3.443715,-0.4181901,-1.2453905,-0.1516846,-1.9600449,-5.5249577,-0.87222856,-15.060261
1.205364,0.05089308,-0.90840584,0.032136682,-1.9114922,5.4098005,-1.3388053,-7.4448266,-7.3968954,-0.58586335,-0.27955264,0.31219777,2.5635233,-14.26398,-2.0357533,1.2443879,0.3226937,0.7162271,0.14193106,0.5372053,-2.255872,-0.24627097,-1.1222565,-18.871447,-1.5516539,-0.0048885783,0.4892991,-0.057275213,-0.10550965,-0.77414876,-0.15478073,-1.8161566,-2.2570775,-3.7641776,-0.5880151,-0.5955673,-4.9267883,-0.6330043,-0.6904351,8.140625,-0.25034285,-1.2427459,-0.20123416,-1.9059302,-5.546672,-1.3302276,-14.91904
1.140763,0.021870239,-1.2600676,0.18628925,-1.4426534,1.9914978,-1.1590865,-7.002097,-6.2558274,-0.26768622,0.29183108,-0.121267416,-0.2054959,-12.912972,-1.6375909,1.7031988,0.28877366,0.71589375,-0.38138682,0.13239945,0.61723095,-0.90925366,-1.8424965,-18.49952,-4.2971826,-0.09759196,-1.6557102,0.10799764,0.04861281,-0.5166576,-0.038736813,-0.28340122,4.564738,-2.5296483,0.25027376,-1.0160866,-9.880183,0.14073959,-1.1602819,8.321126,-0.6431885,-1.1009164,-0.26255682,-2.2523685,-4.8906097,-0.5151315,-15.43861
1.2040803,-0.25582778,0.18739872,0.4401051,-1.0866634,4.658283,0.8343558,-6.8122807,-8.825613,-0.73546576,-0.6676834,-0.00036859105,3.7329211,-14.751262,-1.6518059,0.5700678,-0.0101877395,0.59382474,-0.13739455,0.024027333,-3.29177,0.47928515,-1.3765128,-18.976435,5.093552,0.22132456,-0.37106138,0.00011828117,0.08660201,-1.4646965,-0.15780419,-0.3365473,2.0366898,0.8247596,-0.4781116,-0.2830293,-7.4916496,-0.3238717,-1.1611464,-3.981625,-0.19138305,-0.7519447,-0.4446904,-3.2069757,-7.490317,-1.0711105,-17.314362
1.0919877,-0.3239039,0.2700795,0.46924305,-1.0850968,4.460614,0.7783868,-7.0678782,-8.057172,-0.890724,-0.6908317,-0.028473115,4.024853,-15.770843,-1.5811073,0.13991666,0.015788265,0.5831997,0.15447727,-0.18471307,-3.6275291,0.5024072,-1.3405659,-18.827002,4.9007864,0.25314853,-0.3652474,-0.0006673479,0.012036864,-0.84778684,-0.21840103,-0.8145124,2.117431,0.8272795,-0.46696922,-0.19842571,-7.24459,-0.096757755,-0.8086522,-4.251312,-0.29218215,-0.36657754,-0.3495173,-3.089164,-8.069262,-1.0903555,-16.4075
-0.70184046,0.02130701,-3.4745874,0.22733289,-0.3536748,-2.462783,-5.6518183,-7.3729963,-6.22042,-0.41529518,-1.4796913,0.38734272,2.3364897,-16.786366,-1.4609854,0.109183095,0.2439123,0.35797936,-0.60117215,0.122429706,1.9911433,0.019379895,0.44164297,-17.543987,-1.8956819,-0.08706457,0.08153935,-0.015338497,-0.3186155,-0.5929641,-0.24485058,-1.3764591,-2.1381674,1.7166773,1.4721624,-1.056996,-6.216453,-1.170478,-1.6723777,0.8854289,-1.0291091,-2.044082,-0.0066842604,-0.16172522,-2.2693462,-0.28559306,0.49162766
-1.1563635,-0.16879553,-1.6152323,0.16568269,-0.6227633,-4.415807,-5.932494,-6.6779246,-6.595777,-0.664665,-1.525308,0.40998074,1.3165534,-13.838524,-1.4146893,0.42779237,0.12333147,0.36026448,-0.70034355,0.1320946,0.9616923,0.024514636,1.02087,-14.798428,-1.8363249,-0.03695627,-0.0030612305,-0.040095333,-0.1630235,-0.57970333,-0.17884085,-1.4844133,-3.3509476,-4.3626847,1.5209006,-1.1431378,-6.168024,-1.4376067,-1.5346863,6.1411376,-1.0474937,-0.8849995,-0.0639882,-0.1627989,-2.4664915,-0.31858563,-2.0077794
-0.18496442,-0.15860236,-1.5589815,0.17007264,-0.54404956,-2.0134184,-5.379339,-7.083975,-6.254403,-0.4179106,-1.4781601,0.40098906,1.2657535,-13.788886,-1.3856299,-0.025813445,0.16359979,0.3819307,-0.5572082,0.12767372,0.9023889,0.09164511,0.62047416,-17.593628,-1.692573,-0.09584707,-0.019357348,-0.062215317,-0.32337916,-0.5341288,0.1418244,-1.3955727,-3.2800405,-4.9006524,1.183599,-1.2055792,-6.197292,-1.3558029,-1.7242471,6.747505,-1.0423263,-1.3987134,-0.03425276,-0.17841962,-2.4413369,-0.31486273,-2.7164376
1.12987,-0.017194396,-0.31556576,0.2959122,-1.476922,5.03114,-0.14136022,-7.979878,-8.507343,0.48646605,-0.3620966,0.43489504,1.9929115,-16.053564,-1.5210763,1.028333,0.22657157,0.5986212,0.5004267,0.79594225,-4.0947256,-1.3609595,-1.2559669,-19.751528,-1.0960661,-0.15703082,-0.29687944,-0.026320724,0.37396565,-0.8221218,-0.3167555,-1.8613234,-1.2704635,-2.7236829,-1.0656669,0.7523735,-3.4976401,-0.41382596,-1.0834172,-4.293824,0.5298731,-1.0186522,-0.32275036,-1.6490016,-5.208794,-1.0478675,-14.032418
1.1304104,-0.18237807,-0.56847155,0.30564627,-1.4190922,4.535817,-0.16282547,-7.6214504,-8.5890665,0.39652008,-0.34471366,0.5355603,1.7992326,-14.218897,-1.6267884,0.9974589,0.21326572,0.6824632,0.009008999,0.5751995,-3.6085033,-0.8638504,-1.2642795,-19.146168,-1.191516,-0.012912669,-0.7207606,-0.008358082,0.43725482,-0.7502642,-0.11531085,-1.85757,-1.0774795,-3.1138759,-1.1067686,0.10418562,-3.423704,-0.22818044,-1.1747993,-3.7385416,-0.372778,-1.0048056,-0.07030077,-3.3278413,-4.7606997,-1.069343,-13.821801
1.5450644,-0.1070565,-0.0054690572,0.38048777,-1.5299549,4.738734,0.4860855,-8.790917,-7.7442894,0.5125842,-0.3333143,0.48909003,1.9651845,-15.637065,-1.4513686,1.1187959,0.18551354,0.57646847,0.12723948,0.56931347,-3.6852832,-1.4327018,-1.0609454,-19.110975,-1.1804574,-0.14044039,-0.77978814,-0.06105255,0.039584022,-0.8686266,-0.34327835,-1.8202,-1.100967,-2.8135922,-1.0608261,0.19735722,-2.9085946,-0.44909602,-1.8003651,-4.455233,0.3644602,-1.3053329,-0.061866608,-1.7126642,-5.1981645,-1.0462075,-13.9573145
1.4425666,-0.09364389,-0.94903755,0.3767816,-1.5571965,4.441075,1.5759959,-7.7213197,-7.700685,0.6221599,-0.40244737,0.36568865,2.3873544,-15.760845,-1.6369442,1.0270784,0.48194095,0.6440214,0.23338531,0.33171856,-4.468305,-1.3109572,-1.486016,-19.027615,-1.2112217,-0.034266874,-0.5527798,0.008058661,-0.079103686,-0.4613288,-0.15710434,-1.8773068,-1.2565216,-3.7115598,-0.9028796,0.031839672,-3.0096614,-0.59932053,-1.4748266,-3.7054892,-0.33664727,-0.96385926,-0.09693835,-1.626021,-4.9113584,-1.0608824,-14.794708
1.2102628,-0.09975589,-0.39007828,0.44817588,-1.3318723,5.787186,2.866184,-8.057566,-7.793326,0.5252587,-0.26119226,0.36054006,2.8899992,-15.843359,-1.6642971,0.971785,0.34341258,0.6121202,0.14174192,0.32343784,-4.1747065,-1.32237,-1.4029574,-19.136196,-1.350577,-0.14414951,-0.66829497,0.0200866,-0.065888815,-0.466324,-0.17175226,-1.9238726,-1.275391,-4.1645055,-0.8252285,0.05814522,-4.423534,-0.6075863,-1.1196547,-4.9231243,-0.55352616,-1.0565265,-0.07768604,-1.4424168,-4.6421213,-1.0354176,-14.841741
1.1248865,-0.130721,-0.09458299,0.3546563,-0.82682693,5.9136186,2.4852047,-8.65011,-7.9618406,0.4875733,-0.3583581,0.490326,2.900606,-16.490356,-1.4024261,1.0762125,0.22586682,0.649542,0.12781924,1.0402253,-5.78285,-1.304856,-1.0539775,-19.068842,-1.4056972,-0.035027575,-0.5374155,0.021570176,0.38213357,-0.6485755,-0.19836906,-1.884284,-1.1127286,-3.390366,-1.0212487,0.18157566,-4.442849,-0.38012144,-1.8641895,-6.2075973,0.5413951,-1.0647104,-0.07932279,-1.437561,-4.775142,-1.0252922,-14.504687
-1.5123361,-0.52537805,-1.1667187,0.5518715,-0.18674043,-5.8206787,-16.756342,3.5853693,-1.6132358,-0.49808878,1.0580891,-1.3814198,-0.73405117,15.377074,-4.5109386,-0.37785816,-1.4347917,0.03170064,0.08115826,-0.5170592,24.08563,-0.43932176,-0.92415065,-6.5852365,-0.74319124,-0.5409227,-0.23939152,-0.10410569,0.123029426,-0.81626004,0.06657106,-0.43296298,-0.47438744,-0.7857698,1.4636685,0.7525133,10.147642,3.276963,1.3858708,3.5530682,-2.1993892,3.4006526,0.19285294,3.6307333,6.24884,-0.04395622,15.951582
-3.6202238,-0.46566203,-0.446771,-1.3955244,-0.44387627,-11.642375,-10.4229765,3.424257,-3.793188,-0.07967185,1.1724987,-0.53373784,-1.244688,11.137723,-6.631083,-0.03587848,-1.4841806,0.02825904,-0.1688183,-0.95753646,21.359898,-0.6507783,-1.0906702,18.24416,-0.15478276,-0.39079309,-0.08391279,-0.23129964,-0.06107311,-0.95048183,0.054147363,-1.0122383,-1.1664557,-0.8327903,1.8698379,-0.43986705,9.686914,0.30486077,-0.9387185,3.3043747,-1.5198653,1.8871087,0.5700889,2.5758283,5.6884117,0.120172404,14.814111
-3.1226544,-0.42336917,-1.191595,0.5886537,-0.21163787,-12.955474,-14.529611,3.5374317,0.79504687,-0.97187316,1.0275975,-0.8188494,-1.6950305,15.389175,-6.65868,0.16725673,-2.0266986,-0.14888655,-0.34281382,-0.88239557,20.53674,-0.37621418,-1.4434526,18.418703,-0.7192525,-0.44607744,0.28449574,-0.31344667,0.27724174,-0.113209106,-0.07049847,-0.72632307,-0.7536953,-2.9395902,0.94174683,-0.4917789,10.117563,0.6198899,-0.5170844,3.7717793,-1.8379372,2.0320525,-0.18961552,2.2007883,5.7331247,-0.020926224,14.006026
-0.26040426,0.13759896,-1.0975405,0.7926452,-0.30819845,-5.7406588,-16.361895,4.953889,-0.95459896,-0.8514628,1.1229289,-0.9714274,-0.97978896,16.665201,-5.096005,-0.14451814,-2.0135317,-0.09943523,0.8033409,-2.0563622,24.567867,0.0069353785,-0.37473527,-6.4490337,-0.3835057,-0.35316744,-0.086006716,-0.20286445,0.4099463,-1.0792978,-0.22432654,-0.54863125,-1.566152,-1.847403,1.1807482,3.3278058,9.884567,3.7669473,0.8868811,4.2507424,-1.8016667,3.37756,-0.43174416,3.7760148,5.960445,0.044970088,16.086615
-4.3501606,-0.010131068,2.3515515,-1.4294667,0.81061846,-15.042914,-14.500251,4.7935696,-3.3355403,-0.83940345,0.56439066,-1.0916553,0.61697215,32.90809,2.363188,0.9041835,1.5037305,-0.40199256,0.0914321,-0.25986502,1.6352108,-0.4499992,0.3863675,29.677816,-2.409246,0.13161497,-0.121442296,-0.09588936,-0.32153308,-0.15192918,0.58687055,-0.7909709,-0.9205472,-10.498607,0.39581963,-1.6190147,15.325283,1.3938091,0.5212165,3.2295816,-2.0177047,3.6260152,0.5274862,2.1770172,8.511254,-0.04883036,21.570395
-2.8806734,0.221722,1.6987492,-1.6394889,0.62181175,-14.527879,-15.825277,0.5903069,-4.2358375,-1.0066911,0.52355856,-0.38969305,-0.4496459,29.15886,-0.16657828,1.0483111,-2.174073,-0.29127017,0.5362693,-0.30336034,17.566488,-0.24280478,-0.2507464,27.624357,-2.4383752,0.27763385,0.71095717,-0.43748814,-0.38519746,0.006302524,0.31318882,-0.8515741,-1.0031384,-5.9714637,0.5642471,-1.1497371,16.353756,0.43002036,1.353964,3.7645953,-1.7621616,3.6072924,0.21121372,1.3083047,6.08512,0.018336313,13.50289
-1.6668235,-0.08045351,1.6625525,-1.5232645,0.60933185,-14.222371,-10.787364,-2.2492242,-5.0275393,-1.2755154,1.1176317,-0.39916074,-2.2084634,26.083212,-4.788251,1.0394549,-2.0449727,0.1619917,0.5412574,0.13818711,20.388641,0.75677526,0.4719552,27.160812,-2.8053582,0.76159334,0.41305494,0.052821673,0.09513042,0.045625076,0.43913978,-0.7194093,-0.9551263,-3.9644356,2.177019,0.5537278,14.243207,-0.14988863,-0.32582265,3.7152236,-1.7384148,6.108968,0.6936322,1.6184598,7.9528613,0.4033463,13.219788
-1.1259704,-0.111132406,1.6712314,-0.059307374,0.17912072,-12.985544,-10.736989,1.0741549,-4.7877316,-0.83954453,0.7591945,-0.12159851,-0.7657493,29.377842,-4.1853337,0.5271803,-1.9455483,-0.17257148,0.9446218,0.066647954,2.060795,0.020097932,0.418873,28.230324,-1.60136,0.5043584,0.2351961,0.029484075,0.065478586,-1.2496092,0.6590155,-0.8391091,-1.003272,-5.4310718,2.152668,0.15801854,15.997154,-0.52129364,-1.2979937,3.4536726,-2.1879098,4.782353,0.5982002,2.64059,9.625555,0.4411451,20.781548
-3.200593,-0.18487863,0.51838696,-0.73696315,-0.3099667,-9.666571,-13.0664,-0.018079361,-4.46893,-1.4202937,0.5345445,-1.1665082,0.14262487,22.639479,4.695621,-0.46075156,1.8343233,-0.2723345,0.034641158,-1.2746842,19.585064,-0.54370767,-1.8976777,27.606617,-1.6747687,0.026400773,-0.39979482,-0.33018246,0.117153496,-0.37784967,0.41819724,-0.90537465,-0.87851167,-6.6959343,1.4385004,0.5939648,15.894502,0.514311,1.0831456,3.449042,-2.4283462,3.2559993,-0.43805408,1.300426,8.356049,0.06968153,14.771737
-3.399377,-0.06377621,1.2596526,-1.750419,0.36380094,-12.294364,-14.776923,0.40108195,-4.315561,-1.3309839,0.7058217,-1.1528543,0.54815364,30.520247,2.8788087,-0.44686323,1.8553041,-0.7168885,-0.5417548,-1.1712241,20.477411,-0.83826065,0.24402456,28.707727,-2.1012175,0.13642861,-0.51675385,-0.3247081,-0.24815267,0.8729084,0.62590027,-0.1727211,-0.9406949,-8.681025,0.6240472,0.5920316,15.431578,-0.83456755,0.4680461,3.5303211,-2.0337474,4.3326783,-0.96747273,0.65784365,5.9618864,0.036163352,11.327404
-7.6032715,-0.047577027,0.8707054,-1.2905737,0.5941861,-10.738409,-17.461195,3.3732483,-2.6121042,-1.0286437,0.8661062,-0.85924673,0.594915,30.322786,5.741457,-0.4533072,1.2586693,-0.7334862,-0.37922972,-1.4610868,19.04789,-0.76112056,-1.633301,28.60603,-2.177956,-0.91737694,-0.029432504,-0.12430138,-0.71447045,2.400727,0.35046944,1.6892226,-1.0664274,-9.4136305,0.4517455,-1.6815307,14.15271,-0.85346293,0.9183039,8.153932,-1.9300491,4.186494,-1.6609085,0.547501,6.2640038,-0.047197506,12.051743
8.288028,-1.1544372,-2.815514,3.317178,-2.0143037,-0.992208,0.90766716,-12.648627,-5.2149878,-0.6529831,-0.53283226,-0.079720154,0.6431922,-5.8777595,-0.5898467,0.5626633,-1.1091522,0.6832724,-1.6763427,0.5082468,-1.5340625,0.041817863,-2.757094,-8.291885,29.837458,0.057768077,-0.4779665,-0.08066991,-0.65773857,-1.3728133,-0.451736,-1.3213215,-2.1646137,-1.911405,0.98000973,-1.469985,11.073119,-1.000781,0.24316221,6.500573,-2.226373,-2.1260378,0.3970533,3.4231932,16.123281,-0.719768,19.855017
0.06640072,-0.17893362,-4.4216003,2.8625362,-0.32740512,-4.6776834,6.1884937,5.418917,-5.9523125,-1.7804962,-1.259003,-0.59738386,-0.46622872,1.4402264,-4.814791,0.09105429,0.1340113,0.78300375,-2.3025017,-2.2703354,-0.3525541,0.2468949,-3.5327406,-12.321509,12.764536,-0.07427075,3.6208942,-0.37898466,-0.046421353,-0.50126487,0.5666004,-2.7379117,-2.6348386,-4.6743298,1.7528663,-7.528945,17.197329,2.17434,-0.23825395,10.479587,1.0274125,-0.19932331,0.13085419,4.2640204,11.766751,0.38006547,24.75363
0.016523836,-0.47382718,-3.4205067,2.3801856,-0.99206156,6.7059155,7.553361,-8.443886,-0.54949677,-0.91227376,0.70707124,0.22596408,6.6776943,15.050344,-5.900113,0.7111404,-0.7142678,0.08064389,0.90762323,-4.5103855,1.353926,-0.10771802,-2.3836749,30.08459,12.028693,0.04265328,-0.52002275,-0.4158906,-0.09183183,-0.6596586,-0.0031714106,-2.478372,6.022801,-12.042653,2.8535511,0.13799793,-4.343599,0.28398174,-3.719598,5.1992903,0.1507659,5.041688,0.14342013,3.368541,20.740196,0.048781283,18.853241
2.1260571,0.10713964,0.60950756,2.1604915,-0.33571818,7.424784,1.7184687,-6.078864,-12.166397,0.24322356,-1.4809859,0.04679961,1.5171516,-18.650124,-1.8177987,0.5352937,-1.4324962,-0.057618015,0.01141739,1.6117386,-5.8822474,-0.50851786,-0.49201342,-19.644253,5.427052,0.26076964,1.3033569,0.01166619,0.12493596,-0.9673553,-0.10517334,0.1914096,1.6067005,1.9909236,1.6916046,0.02294313,-8.409365,-0.5104883,-1.3270952,-4.4086637,3.2150402,-0.04487258,-0.4321206,-4.2341247,-9.348163,-0.99683124,-18.693722
2.1344879,-0.06345297,0.12962562,1.8956788,-1.0412258,7.536234,3.5035622,-7.0310597,-12.319298,0.19173248,-1.7129196,0.1074496,1.8073435,-17.452593,-1.5691453,1.1291747,0.034150902,0.7252956,-0.21966065,1.4543159,-5.37991,-0.15122508,-0.6772691,-19.247833,4.671911,0.23539717,0.6545885,-0.001447905,0.37874204,-0.8273545,-0.11259607,0.1546536,1.7679793,2.007998,-0.098070286,0.14422016,-8.355645,-0.32124135,-0.7400316,-4.787014,3.7658536,-0.11357307,-0.53305507,-3.3856208,-9.528797,-1.1890427,-18.682829
2.0620515,-0.09030985,0.46151766,1.134673,-1.2313594,4.963545,2.5964732,-6.662904,-10.152854,0.2299239,-1.4735979,0.089409225,3.3059573,-18.29003,-1.3569878,0.6200653,-1.6808563,0.47780168,-0.2685915,1.7571852,-3.7876463,-0.66366386,-1.2502582,-19.191385,5.1591325,0.14382277,1.0936948,0.032246415,0.2589669,-0.8302127,-0.21016319,-0.08695019,1.8663636,2.2980793,0.06384737,-0.095067546,-8.562724,-0.38607913,-0.8126397,-4.268161,-0.13684502,-0.51690847,-0.49148908,-3.4864316,-10.48061,-1.1603909,-16.772167
2.0671527,-0.13050295,0.5580492,1.7127228,-1.2036992,5.4197965,1.8455461,-7.7154503,-11.1306305,0.15853132,-1.5788625,0.08811593,1.8335459,-17.807293,-2.266903,0.40001896,-1.5268822,0.41936845,-0.09854559,1.5706475,-4.839772,-0.3440016,-1.0710895,-19.596407,5.5303245,0.23979932,0.5509915,-0.005076436,0.08001097,-0.977991,-0.12973377,0.16604044,1.5604091,1.9256185,0.868716,-0.01520151,-8.101713,-0.44383335,-1.3882263,-4.701665,3.0707872,-0.30300084,-0.41401333,-3.5467603,-9.427507,-1.1056447,-16.852978
2.1032825,-0.27002147,0.34992775,0.5096539,-0.99794585,4.5071254,0.3514824,-7.0090117,-9.508425,-0.89338505,-0.5926182,0.07441736,1.5010765,-13.5413475,-1.6279626,0.30232647,-0.034621965,0.6279965,-0.055380218,0.11692781,-3.537762,0.4793647,-1.2712018,-18.369566,5.93383,0.25003222,-0.33102918,-0.06391121,-0.047910973,-0.8195544,-0.040878747,0.4998108,2.1302638,-0.5175301,-0.30170467,-0.24961351,-7.1539545,-0.30676103,-0.8581831,-4.24528,2.7638845,-1.239474,-0.3596478,-3.2604141,-10.704147,-1.0445763,-17.297493
2.1007042,-0.31536642,0.3660648,0.36338896,-0.9617363,4.5268755,0.8398008,-7.0289416,-8.843905,-0.96398205,-0.6488988,0.013087967,2.8554745,-13.060215,-1.4909099,0.10788624,0.042583503,0.6333964,0.023397828,-0.20757744,-3.3641026,0.429444,-1.3589473,-19.529459,5.519428,0.19870383,-0.5556618,-0.020960167,0.23584986,-0.8962225,-0.120084964,-0.81655073,2.1665766,-1.1430423,-0.35904962,0.14513,-7.0621853,-0.35480997,-0.7475072,-4.202907,-0.27572018,-0.7363886,-0.35822484,-3.0346675,-8.944057,-1.0265666,-17.097662
2.1839974,0.0024471008,0.35842717,1.8915353,-1.0692182,5.5613275,2.1157174,-7.3037133,-11.352498,-0.057579722,-1.8268602,0.06517147,3.3344538,-17.503502,-1.3238697,1.1644727,0.035744447,0.57861686,-0.116368115,1.7426252,-4.924087,0.16109565,-0.9493366,-19.80241,5.520732,0.18496388,0.4686766,-0.0033333476,0.27580094,-0.8885589,-0.11595363,-0.24097578,1.536791,4.671321,-0.3794191,0.1034261,-7.316718,-0.3004132,-0.8575308,-6.788264,-0.12355756,-0.5345231,-0.6767341,-3.5198836,-10.459709,-1.1760045,-16.432423
2.195429,0.26123735,0.72051966,1.8699857,-0.08044094,5.7098174,1.6271921,-7.4256644,-9.473458,-0.11095469,-1.1746042,0.1503365,1.4241663,-14.893885,-1.3560522,-0.11934962,-0.8697478,-0.38803843,0.22339179,-0.4189671,-4.929092,0.664173,-1.3671695,-18.790174,5.4438043,0.16271992,-0.38204607,-0.0024835875,-0.14893812,-0.9406145,-0.16418973,-1.4952996,1.5858177,-1.5360913,0.33592874,0.16647935,-7.1206717,-0.43256572,-1.0618302,-3.4718897,4.1284204,-0.26863822,-0.41998482,-3.8365974,-10.727656,-1.169187,-16.161623
2.0029554,-0.3142589,0.5332758,3.2573388,-1.113113,3.5434046,2.3039048,-8.234377,-12.206284,0.9583025,-1.263456,0.12433434,3.2639778,-11.179476,-1.5940789,1.127118,0.29676118,0.5983906,-0.29135433,0.15100925,-4.5720515,0.19189903,-0.3110814,-18.615778,4.6041093,0.220607,-0.09607887,-0.021442007,0.20546122,-0.9303436,-0.12083212,-0.28509894,2.1036544,-4.7150545,-0.4106419,-0.09850751,-7.870421,-0.36290178,-0.8480248,-4.6976857,-0.20974626,-0.3586696,-0.5183319,-2.8848338,-9.554324,-1.116598,-14.784227
1.8680202,0.101550065,0.29139856,1.2821158,0.2186119,5.289159,1.4792764,-7.339345,-9.62427,0.68598235,-1.3663836,-0.2752932,2.2169542,-15.412695,-1.4565454,0.039574753,0.0009788119,0.90850073,-0.006310813,-0.52011454,-4.453336,0.35790592,-1.3411223,-17.159128,5.4200206,-0.04161433,-0.36416948,-0.0065512145,0.46805882,-0.8686871,-0.23198688,0.084935576,1.1911179,5.3971386,-0.05762132,0.23909158,-6.7318325,-0.23770756,-1.1247398,-7.798805,-0.6659882,-0.30406946,-0.38251656,-4.4098754,-10.035203,-1.1798717,-15.603086
1.2312982,-0.2579008,-3.6500843,-0.14738746,-0.7382506,0.05425817,-5.1545463,-8.088568,-9.379434,0.023848439,-1.1768798,-0.7814922,0.7632818,-15.48219,-1.5032597,1.0324304,-3.3497658,0.7170015,-0.12824692,0.18411814,-0.025397547,-1.3806809,-1.9866843,-17.65466,4.4689093,0.053640608,-0.7884436,-0.04332558,-0.01902619,-0.93152046,-0.27428874,-0.98960733,-1.0611953,-2.3003254,-0.69573104,-0.31628513,-7.450273,-0.69043064,-2.2672832,-3.8417022,-0.52235895,-1.1978453,-0.15148412,-1.1269441,-6.3286834,-0.60201627,-13.239628
1.3606339,-0.2850343,1.6924,0.03453995,-0.87166905,3.6110747,-1.4763515,-4.4333014,-6.8082585,0.7602672,-0.40920904,0.4574868,3.4786289,-11.028054,-1.6327829,1.1361116,0.173164,1.0603667,-0.07979242,0.52741456,2.1520448,-0.53959036,0.24899642,-15.9626665,-0.7247021,0.39317662,1.3421297,-0.07210102,0.020716779,-0.48875165,-0.10665918,-1.2415147,-1.0229853,-0.432461,-0.89535654,-0.34270325,-1.3417656,-0.26400185,-0.60732454,-2.593174,6.060912,-1.3607385,-0.2953987,-2.225589,-2.6507215,-0.8119893,-10.653862
1.5583183,-0.2586298,1.6168869,-0.01270959,-0.83842456,3.6992836,-1.6373898,-4.709892,-6.761996,0.7323805,-0.4249945,0.43309337,3.3943045,-12.132462,-1.7730938,1.1101493,0.1167351,1.0481668,-0.11718369,0.40169334,1.9222869,-0.49523968,0.32818094,-16.203245,-0.7207355,0.34513903,1.1767832,-0.037798706,0.009852297,-0.50729203,-0.12863015,-1.2194915,-0.96889335,1.164495,-0.8483352,-0.27341264,-1.4714259,-0.30813518,-0.6804291,-2.1751902,6.23375,-1.2591616,-0.22322388,-2.2067864,-2.5766857,-0.8403648,-10.495688
1.6247991,-0.26206815,1.0773271,0.1311408,-0.7859325,3.9967625,-1.0558807,-3.0762384,-7.174038,0.8866211,-0.64299446,0.24834934,3.2103546,-12.938277,-1.8125701,1.0736756,0.08380352,1.1231422,-0.18446764,0.4039213,-1.9403688,-0.41070396,0.40799817,-15.930647,-0.3697773,0.37639552,1.9769955,-0.04319388,0.07311455,-0.61085266,-0.089414775,-0.9162311,-0.79416794,-0.45368218,-0.1951401,-0.112126775,-1.4866089,-0.1437986,-0.6393982,-3.2356732,6.2704864,-1.2948133,-0.26267642,-1.8397973,-2.7825773,-0.73690075,-10.389737
-0.8292862,-0.14120771,-1.9508858,-0.27618185,-0.7607449,-0.5056566,-8.181365,-8.30526,-12.049422,-0.9447403,-0.2534947,-0.4952964,0.5249302,-0.13230139,-1.9250709,-0.7661382,-0.07560698,-0.28691453,0.38091606,-0.077766046,0.76152754,0.058787588,-1.9896797,-13.481856,0.16041261,-0.10556091,-0.51677924,-0.38084358,-0.5241663,-0.49985102,0.47369397,-1.0039485,-0.44635835,-2.856271,-0.20276283,-2.1828566,11.306519,-1.1005166,-0.73972017,7.0494037,-0.69088286,-1.1046329,-0.5724021,-3.6431997,-2.9939783,-4.490018,-9.720388
1.1075624,-0.1686219,1.600648,0.11152726,-0.8437915,3.6049807,-1.5023638,-6.578508,-6.6049495,-0.86253786,-0.42497444,0.49620354,3.3144028,-13.352602,-1.5836822,1.0408117,0.13280027,1.0719624,-0.07759957,0.5168059,1.8273573,-0.75324434,0.11904456,-16.659595,-0.78703004,0.4265004,1.3607581,-0.04559796,0.06632026,-0.51549774,-0.2719183,-1.2844219,-1.0133245,1.3386688,-0.92145336,-0.2476192,-2.078523,-0.6667009,-1.0528039,-2.64475,6.0777435,-1.3625069,-0.20812166,-1.8727912,-3.5196567,-0.8920945,-10.555534
1.1022667,-0.066745244,-0.5461234,0.038961083,-0.41179827,2.4899037,-4.9299917,-5.2020826,-1.096411,-0.85485286,1.0843161,0.41598573,2.0766308,-11.858897,-1.9612737,0.9200088,0.52188927,1.1786934,-0.8477829,1.2949526,-0.50989884,-0.87632734,0.6521718,-13.963942,1.00179,-0.036049068,2.2939136,-0.072826214,0.11151256,-0.5429915,-0.024134919,-1.0192866,-0.06899613,0.30922088,-1.8108609,-0.10469856,-2.007125,-0.4382193,-0.4944314,-3.1680036,6.896018,-0.77164155,-0.27677974,-1.8185678,-2.6112401,-1.0693202,-10.14888
1.7769941,-0.2036164,0.9993221,0.08200545,-0.6641178,0.4091627,-8.033893,-5.9718056,-6.653009,-0.6765465,0.4734802,0.36290714,3.8778079,-11.931712,-2.703764,1.4294848,-0.0050693513,0.59192264,0.023244772,-1.6380404,0.8835902,-0.6961813,-1.5617874,-17.690905,-1.7722687,0.34068707,2.0451112,-0.12175017,-0.27012667,-0.44982165,-0.10797059,-0.91183007,-1.0191737,0.1795733,-1.7501503,-0.110884964,-0.93473995,-0.45153424,-1.0207409,-2.0155733,7.0411296,-0.9593688,-0.26129824,-1.5426092,-0.9214953,-1.2196627,-8.768343
-1.2144228,-0.41817775,-2.005465,-0.008526751,-0.7685223,2.848649,-0.5461391,-8.449509,-5.211486,-1.2904181,-1.342976,0.18512991,2.6960378,5.2271657,-3.090581,0.78201807,0.22826529,0.63017154,0.15550101,1.2107722,-0.066337384,-0.20165507,0.23725279,-14.697706,-1.8724598,0.3194844,1.2662289,0.5654562,-0.41588804,0.16307454,0.17298445,-1.4487057,-1.9050875,4.532848,-0.76119155,4.316476,-6.405101,-0.18998589,-0.8001231,-7.237351,7.109721,-1.5193323,-0.31514618,-1.7817512,-4.4324245,-0.23345336,-11.233466
4.384711,-0.5442099,-1.2476435,-1.5040598,0.4869829,-4.650994,0.8962415,20.599463,32.55937,0.24037068,0.5867539,-1.3620439,-0.8994633,29.879211,7.615254,2.6061013,5.7859344,-0.8100068,-0.4693036,1.9266734,18.443253,4.146508,9.431752,42.56565,9.369703,-0.53162646,0.20334479,0.4296279,-0.11324524,3.9309237,-0.29262063,4.6292944,0.13499138,2.1089628,1.7602406,0.06425068,21.242275,2.154409,8.883645,4.516638,2.284048,-1.7564718,0.3822763,1.1931711,7.97233,-0.24996537,21.589283
0.8238352,-0.605877,-0.7687134,-0.3334614,0.30055243,1.3180377,1.3383547,21.584108,34.555344,0.31656244,0.97339714,-1.010329,-1.4703461,30.682281,8.55106,1.101237,5.8659053,-0.50489545,0.02852485,0.7237548,20.24173,0.5250529,13.242285,43.726673,8.4695835,-0.43382987,0.28392872,0.5462401,-0.018690452,-0.30454746,1.1383651,9.503349,0.14413404,2.0386019,1.6425331,-0.60308963,20.483639,2.9403644,7.785601,3.374888,1.0172777,1.1798292,0.75720274,1.1885842,7.502929,-0.4218317,20.332872
2.962093,-1.0032585,-1.2980942,-1.17332,-0.18323952,1.1462396,-1.1097863,36.19235,35.804768,-0.53535354,0.4246782,-1.3929025,-1.1144775,26.510523,11.620888,0.13546543,1.4957752,-0.6965875,-0.25225386,0.7456363,19.907263,-1.8094857,7.4507036,53.50728,1.3986448,-0.55907035,0.293774,-0.21082513,0.031308245,-0.4295241,-0.358447,4.2726808,-1.1295959,10.069703,2.1632693,-2.0609782,20.565279,2.6795068,11.408702,5.0687437,0.17012933,0.7462927,0.8431005,-0.44542804,7.007571,0.63448864,20.850744
3.5501575,-1.4132651,-2.0866141,-1.6656858,-1.3794739,4.995494,-0.42942306,22.006197,38.487865,0.29890412,0.6963281,-0.8724492,-1.1430657,23.138098,8.303353,-1.1170706,0.44728047,-0.17459619,-0.019379262,0.3280352,18.526022,-1.7298704,18.392609,45.83937,2.6315966,-0.37110037,-0.04408763,0.13210656,-0.20117557,-0.9200157,0.09369076,6.0220804,-0.85782754,10.475995,1.244634,-3.337931,22.76211,2.5057302,8.990776,9.397114,0.26340196,-1.2294033,1.4156721,2.1678743,7.018717,-0.29675934,22.510101
5.523109,-0.7242614,-1.1978669,2.333111,0.55327314,3.6557932,2.3999045,18.067583,30.831964,-0.15889792,0.49354863,-0.20994017,-1.3084749,23.390362,0.5477679,1.0458415,4.7275624,-0.41907558,-0.51506275,0.37743905,21.698446,0.65475535,16.342993,43.985653,3.5295506,-0.181204,0.2862172,0.34810966,-0.38401237,-1.4134765,0.18992026,5.165186,-0.39874396,11.5311365,2.2109022,2.4548063,20.685621,0.15988019,10.706029,13.110046,0.9572863,-3.1803508,2.3792572,2.1133974,5.5565047,0.22421187,22.248552
2.099793,-0.2181277,0.24254213,0.6675304,-1.1302183,4.989726,1.2083482,-6.9021297,-9.690446,-0.96557814,-0.7173315,0.017177941,3.6845965,-16.790758,-1.4418827,1.1635339,0.041239403,0.5543649,-0.13547666,0.047245063,-3.652797,0.42323476,-1.4187435,-19.347685,5.865346,0.20063493,-0.14214027,-0.036555655,0.03579905,-0.6746183,-0.07428522,-0.28282315,1.9110442,1.6202958,-0.23393981,0.013809356,-7.2050314,-0.34289002,-0.706692,-4.042873,-0.18165946,-0.7238614,-0.360379,-3.1842752,-9.793871,-1.1354431,-17.381416
1.1211116,-0.22441243,-0.024608469,0.1947913,-1.0569507,3.8368614,0.0024481376,-7.7863984,-7.339426,-0.71512115,-0.9448262,0.060510162,2.8294296,-14.134305,-1.777317,-0.04989497,0.057813495,0.5967816,0.026420832,-0.592333,-2.762809,0.9306726,-1.5368994,-18.961807,4.3604274,0.22815889,-0.337795,-0.01903065,0.32111654,-0.57677823,-0.1789731,0.41876262,2.4158413,-0.56246936,-0.6167946,-0.22124548,-6.931707,-0.08001746,-1.1597005,-3.9249008,-0.31790015,-0.9634531,-0.411796,-2.8956187,-7.9581375,-1.0458127,-15.365466
-0.33581504,-0.10411244,-4.2320867,0.023523849,-0.8825972,0.38179174,-3.7349713,-7.4242983,-6.9668074,-0.74495584,-0.6287214,-0.682786,1.2135218,-9.748192,-2.5335126,-0.58339775,0.09621846,0.091096714,-0.2313325,0.31091186,0.3978406,0.3901533,-1.4441336,-14.397216,-2.7052557,0.032395802,0.41460565,-0.15018289,-0.023174753,0.06248489,0.18821709,-1.375,-1.867963,-3.7391014,-0.3569456,-1.1855234,-4.9491177,-0.22229,4.22723,-3.0957046,-2.8446097,-1.9759687,-0.4178899,-1.9117804,-4.48259,-0.49392733,-5.4278054
2.0271335,-0.23437192,0.31409317,0.68506277,-1.169058,4.82509,1.0710514,-7.029941,-10.064722,-0.9626865,-0.56605506,0.008879673,3.8007753,-16.78491,-1.4460121,1.1563817,0.051252313,0.5924714,-0.1191247,0.035113476,-3.7276118,0.49476758,-1.3621253,-19.296272,5.440728,0.1673539,-0.14293985,-0.136936,0.31127322,-0.8838109,0.057933144,-0.33907032,1.8935454,1.6630205,-0.339207,-0.005581361,-7.1137557,-0.3278896,-0.7581548,-4.1007075,-0.44836256,-0.17444415,-0.37424093,-3.299982,-9.803262,-1.1343718,-16.74852
2.0240624,0.10623718,0.34462085,1.9366393,-1.0754828,4.8226194,0.87291396,-7.0269747,-9.927529,-0.96438915,-0.5335858,0.0015452823,3.6110268,-16.109598,-1.4424887,1.1863492,0.022239365,0.57816774,-0.12934135,0.028604155,-3.6953151,0.5354338,-1.3596611,-19.776077,5.395432,0.1517158,-0.12754035,-0.15220954,0.16313834,-1.5479158,-0.13737212,-0.3655307,1.9108049,1.5924978,-0.23049243,0.05434516,-7.654914,-0.35165703,-0.8185992,-4.1614676,-0.4474954,-0.12159349,-0.43937123,-3.3229833,-9.838621,-1.0678366,-16.708252
1.3656389,-0.14555924,-1.1245486,0.32785824,-1.0169176,2.4297867,-2.653322,-6.8589396,-5.97143,-0.7163855,-0.3216053,0.118229285,0.86337465,-12.9229765,-2.4369564,0.099091,0.26577207,0.27832198,0.06350797,-0.13605498,-0.416148,0.82174546,-2.019099,-17.61039,-0.33703935,0.0025649345,-0.455158,-0.79730743,-0.12218569,-0.0045551606,0.07155049,-0.64966124,1.8606377,-1.7105615,-0.51719743,-0.12961254,-6.497789,-0.17919733,-1.0667125,-4.049192,-0.43560717,-0.93228596,-0.4594518,-1.9655998,-4.662541,-1.1099362,-12.449324
0.6660987,-0.023939708,-2.2709332,-0.24232426,-0.5465879,1.943113,-2.9846766,-6.9099336,-6.8774056,-0.7042313,-1.1133454,-0.3170274,0.9631956,-10.231315,-2.524381,-0.4324317,0.27137688,0.11874547,-0.12684312,-0.3013131,0.24413544,0.8208849,-1.9505256,-16.85343,-0.7834291,0.056364268,-0.21592186,-0.087868415,-1.8021938,0.16144262,0.23510553,-1.2604681,-1.5154687,-3.0923038,-1.1124172,-0.46040216,-6.0277615,-0.31888452,3.9932525,-2.0807517,-2.4898224,-2.0062647,-0.33575132,-1.8595576,-4.8146706,-0.27573895,-8.690655
-1.213192,-0.19644782,-1.3381938,1.1194435,-0.17660195,-5.0967746,-9.897883,2.9727595,-2.238062,-0.5356901,1.0820101,2.6293418,-1.1778417,-0.92163944,-4.191317,-0.8115854,-1.2712404,-0.1775244,0.7162654,1.2131771,25.271559,-0.20582525,-0.80714685,-5.175332,-1.7616594,-0.36550233,0.008001502,-0.20419434,-0.0058872267,0.08024107,0.20610262,-0.47075388,-0.70537984,-5.3447785,1.7033758,0.4920975,11.1474695,7.1177425,-0.58185625,8.625646,-1.7034496,-0.07505749,0.4380687,3.738477,6.7479916,0.4542935,19.986166
-1.3260779,-0.19242209,-1.1515338,1.407391,-0.029535066,-6.4223866,-8.491474,2.8476772,-1.8669888,-0.7010065,0.62382203,2.1785212,-1.0387058,-1.0436863,-5.115362,-0.3509282,-1.2395859,-0.14210242,0.8049666,1.4361564,25.791224,0.43929484,-1.3567677,-4.997508,-2.7311985,-0.45780507,-0.22692987,0.033130597,-0.21319996,-0.060604814,0.5134718,0.21218918,-1.604794,-5.318372,1.3910033,-0.8286288,12.731433,6.74136,0.80466664,8.949148,-1.7521961,-0.13225225,0.6413612,3.5294852,6.287867,0.52644974,19.928038
-1.2465379,0.10874886,-0.18988015,0.94382954,-0.32729325,-5.6888576,-9.35057,3.067183,-2.991085,-1.0054127,0.7113918,1.5403522,-1.1055036,10.712707,-5.7100987,-0.21944481,-1.5933583,-0.25428206,0.7532757,0.5876404,24.239649,0.20240265,-0.93803746,-6.5655313,-2.005363,-0.81786776,0.39899865,-0.11728703,-0.18294117,-1.0891513,0.18952774,-0.52482927,-1.0217448,-9.04776,1.1293674,-1.6741835,11.604293,4.252683,-0.7446136,4.0807986,-1.7726655,0.11056886,0.44955924,3.6958146,5.944851,0.4341621,18.588072
-0.8813717,-0.20946245,-0.79490966,2.886516,0.0018909938,1.0916866,-7.1735873,-4.9549565,0.14703874,-0.1882248,0.879362,1.125007,-2.6145158,-5.861831,-6.9098563,0.7625179,0.12023981,-0.19061054,0.9925453,1.3618138,34.105873,0.51718545,-0.40640613,-6.031009,-4.202251,-0.23204775,-0.44243202,-0.2602284,-0.09782153,-1.0874883,0.1552385,-0.6630115,-1.1606101,-6.2739244,1.5181875,0.55861104,16.209389,5.781615,0.5848144,10.48145,-1.4832408,-1.5785526,0.4153845,1.5248525,2.4435081,0.1127237,19.064463
-4.580625,0.33043414,1.174716,1.9373449,-0.18109378,-15.417095,-17.058018,3.7904828,1.4304528,-0.62604266,1.1967171,-0.7944586,-1.8499658,13.866866,-0.19839314,-0.08589892,1.9675608,-0.7222881,-0.48834285,-0.34036613,20.056303,-0.28892672,1.7585189,19.728203,-0.2936635,-0.35605085,0.442365,-0.061865963,-0.067288846,0.56879634,0.536377,-0.30726507,-1.2252502,-9.5920515,0.47316507,-1.9366862,12.0999155,0.4147864,-2.1038382,4.1342854,-1.7199124,2.313945,-0.14796479,1.3163254,6.4263334,-0.19967929,13.758033
1.17785,-0.06075941,-2.2812777,-0.034910213,-0.56992877,2.6256697,-4.33579,-7.179142,-9.792057,0.71654,-1.0079095,-0.83984566,1.2284212,-16.364315,-1.3640196,1.7800354,-2.2546477,0.70784545,0.058652792,0.35008955,-0.25545084,-0.6614883,-1.6901699,-19.236849,4.382914,0.18009973,-0.6000362,-0.011047894,0.48925075,-1.0130178,-0.19130677,-0.89511144,-0.59756285,-2.9700222,-1.6302522,-0.078438364,-6.9905534,-0.029720815,-1.9734168,-3.7310972,-0.62960577,-1.1875197,-0.16590102,-1.436072,-6.053172,-0.48892635,-14.229553
1.2250576,-0.30419773,-1.1890143,0.039350506,-0.66690654,-0.3382356,-5.4110775,-8.027257,-8.792393,0.3635874,-0.7771952,-0.64872986,0.32645622,-15.920541,-1.3842772,0.80028486,0.39993638,0.80554193,-0.09623059,1.5929304,-1.4614856,-1.0520629,-1.862862,-18.019943,1.702071,0.037540965,-0.6962342,-0.10259471,0.4058829,-0.97253776,-0.16981572,-1.4258595,-1.1019307,-0.63894004,-0.43231124,-0.34739342,-6.7448606,-0.20155227,-1.558784,-3.930332,-0.6001678,-1.2824993,-0.14477947,-1.0028805,-6.10245,-0.57426697,-11.542502
-1.5893614,-0.46358877,-3.4416983,-0.2865404,-0.48705977,-1.3616959,-6.3194184,-7.9574823,-7.0119486,-0.7784024,-0.76088417,0.3628232,1.877152,-14.498336,-1.9831955,0.8973457,0.49158037,0.54645103,-0.5937605,-0.36388692,0.7154485,-0.08958248,-1.7065785,-16.945414,-1.3969471,-0.19467598,-0.06285737,-0.24566007,-0.56236583,-0.52982324,0.15283436,-1.4685925,-1.8006235,-7.6385074,1.1795542,-0.88783664,-4.8997803,-1.1316885,-0.9187598,-3.0165637,-1.413321,-2.2236907,0.105688885,-0.4436881,-2.707081,-0.34087217,-6.249535
-2.211349,0.14322515,-1.2580885,-1.3694564,0.59831494,10.790841,12.082601,6.7928267,-3.7067823,0.36684433,0.7335725,0.8735259,1.7932663,33.834816,4.5631514,0.8852402,-0.5484964,0.23602375,0.14206056,6.7993593,1.9487826,-0.036547136,-1.9682095,32.08377,-2.3126345,-0.56531405,0.018036358,-0.016887857,1.0235572,-0.018700497,0.42559218,-0.9608265,-0.76244086,0.43976814,-0.43667656,-0.62513983,16.224493,-0.79337955,-1.9927613,2.3642228,1.0581974,-0.13101299,0.85406566,3.3192878,14.009793,-0.22179769,28.964363
-2.0484872,-0.5621053,-1.4960434,-1.1573626,0.4339333,13.975355,11.469223,7.18773,-4.2606206,0.015402572,0.55068356,0.62224543,-0.15839723,33.18225,0.09092278,0.862822,-0.89445794,0.123907275,0.7902836,7.826082,1.4650344,0.022055782,-1.5906657,29.635769,-2.8531148,-0.5535382,0.024309859,-0.0035153942,0.80228347,-0.008445218,0.3165569,-0.37035418,-0.6988229,3.6017897,-0.41778496,1.3170654,19.367119,-0.65128934,-2.3106296,3.4427042,1.187881,0.15079246,0.81154877,4.3284116,11.962739,-0.07500286,27.657034
3.388308,-0.20067169,-1.564131,-0.8801062,0.5737184,13.630293,16.366838,4.4945707,-6.319825,0.12475967,-0.15974501,0.6661478,-2.5090146,21.45012,0.4649877,0.8736609,-0.8500551,0.13107803,0.5483789,6.942122,0.90580535,0.14634413,-0.9868172,31.186413,-2.8191931,-0.3854148,0.028018458,0.00047736743,2.6136003,-0.47031638,-0.14435357,-1.301427,-0.30789608,10.2624,2.435237,4.5138035,18.352016,-0.6720254,-2.2927089,7.915836,0.48585525,-2.42217,0.34748086,5.067176,7.9850607,0.15691788,25.42092
3.653552,-0.0835808,-1.7116514,-0.7805317,0.28464103,14.018429,17.040218,3.9349065,-4.603695,0.37278596,-0.081456974,0.47049335,-2.1151474,29.694118,0.6350167,0.80658656,-0.15477772,0.10689117,0.62289083,6.8542647,0.8931238,0.23537594,-1.3687198,29.327478,-1.9820983,-0.45478454,-0.011704915,-0.105680406,1.3831546,-0.53265244,0.23940668,-1.2463299,-0.7392194,3.4097345,2.7209525,4.6777606,17.838327,-0.79822814,1.2322454,5.2457457,0.12011757,-2.6996388,0.29456124,4.033868,7.5285764,0.18410383,24.689466
6.094031,0.2445403,-1.5564753,-1.9459304,0.159078,14.661225,13.295725,4.688377,-3.3649695,0.317403,-0.3109511,0.41767794,-4.886625,20.132092,0.46289542,0.7610918,-0.5486908,0.07995625,0.7869417,5.129777,1.4053619,-0.0686291,-1.6104548,35.6226,-3.548976,-0.4125145,0.065401256,-0.097959146,0.9122348,-1.131143,0.30164284,6.930317,-0.96856296,10.257757,3.5009463,4.28913,18.098495,-1.0172889,1.2045547,6.0977616,0.24734575,1.8944575,0.55995524,4.9689918,11.1750765,0.08591396,27.857841
3.6493008,0.11040658,-1.3544195,0.010702007,0.5385751,14.806894,15.877483,3.662388,-5.23938,-0.045507707,-0.22733599,0.6636858,-2.2835884,21.75835,0.30449498,0.9469554,-0.25166312,-0.017649239,0.4619373,6.5806217,1.0909877,0.21477747,-1.7590468,28.644,-1.7183932,-0.5523363,-0.019348579,-0.057658236,1.36689,-0.41519368,-0.10351559,-1.803422,-0.88429815,11.160074,-0.6500265,4.6703186,17.76565,-1.0090439,1.0964534,7.308355,0.19219366,0.65358114,0.315946,4.8987164,7.5072556,0.0034708576,25.395178
6.180007,-0.015898094,-1.0143808,-0.512117,-0.028356783,13.530664,11.962132,5.2455945,-3.5932074,0.14082053,-0.3188984,0.20623851,-4.44365,27.321592,0.6624186,-0.22588864,-1.0982332,-0.05342433,0.6998651,0.4523708,0.957016,0.2815788,-1.2523509,34.906784,-0.25175238,-0.48899812,0.06510042,-0.16068847,1.2213647,-1.1401025,0.15551306,4.3834844,-1.183979,2.5976527,0.11448298,3.0797882,18.321663,-1.0547183,2.8135145,3.4966493,0.14309527,-0.04086817,0.46120787,3.9855125,11.226116,0.01617228,25.724934
3.7378528,-0.16247162,-0.9892205,1.0810862,0.52851975,15.709992,14.09402,4.152923,-5.074808,0.28052193,-0.27413234,0.31293896,-2.033468,27.945803,5.165042,-0.38486278,-0.15847827,0.07558501,0.3195634,5.2217684,0.28495994,0.29322278,-3.140803,27.112856,0.05552339,-0.32789546,-0.26031604,-0.06574501,0.9470467,-1.8727689,0.45399094,-3.6951778,-1.2934204,4.8333764,1.5661823,2.847479,20.13647,-1.6836541,0.9872299,4.957342,0.19181238,-0.6033453,0.3584631,4.326862,12.252394,0.057161994,25.331163
4.392764,0.027836641,-0.91458446,-0.79976505,-0.19599257,13.093972,10.366791,3.2174559,-2.98355,1.1185428,-0.2229339,0.55380636,-1.722296,28.223566,0.15816863,-0.36427015,-0.7336219,0.08397535,0.57160896,5.635745,1.437583,0.07075196,-1.4673383,33.634857,0.024448728,-0.47395876,-0.09072369,-0.05723139,0.8444082,-0.8877436,0.42304945,-2.15296,-0.92957824,0.33131152,1.3069054,-1.7812454,17.93905,-0.7383526,2.5527956,4.04554,0.3489146,-1.0554948,0.65088105,4.355825,11.982127,0.1821436,25.300362
4.1949987,-2.0203998,-0.8124987,1.503824,0.961726,17.874691,22.677872,-8.208934,-6.8354626,0.12664582,-0.121444985,0.27438805,-1.7321658,19.18989,0.34998527,0.5217724,-1.8954715,0.059067104,0.042193413,6.265538,-1.3413378,0.8805125,-1.3231683,31.407488,1.1360536,-0.46670595,0.7570165,-0.22996281,1.2736349,-1.1242777,-0.0932989,-2.2005074,-1.2777611,10.510402,2.2112665,3.9862323,18.566677,-0.27456802,-2.7857094,10.931032,0.071691535,-1.5783223,0.16452941,5.132034,15.468395,0.15406996,20.92988
2.111718,-0.21159755,0.23993416,0.68755,-1.1204251,4.9515905,1.1867698,-7.0810094,-9.614766,-0.9631919,-0.7177895,0.007289071,3.6890376,-16.798967,-1.4519433,1.158752,0.04557809,0.60517263,-0.13707294,0.05312839,-3.6523092,0.41355655,-1.2827564,-19.348642,5.6667886,0.19087648,-0.13261211,-0.037056934,0.3140635,-0.7967216,-0.075489864,-0.24883313,1.8988948,1.620113,-0.3315412,-0.0017520076,-7.1716037,-0.40810165,-0.74132395,-4.05694,-0.17950791,-0.60079193,-0.39067152,-3.220983,-9.776228,-1.1440034,-17.23668
1.1229756,-0.2107527,0.15629531,0.21542816,-1.0257777,3.825594,0.07616914,-7.685755,-6.8956,-0.622451,-0.50635755,0.093486845,2.8751466,-14.029475,-1.7587408,0.06304236,0.035290297,0.5546472,0.016957045,-0.35839468,-3.0512915,0.5308408,-1.5331026,-18.595194,4.137924,0.22395866,-0.35391745,-0.030250128,-0.15012269,-0.37991777,0.2505725,-0.6601038,2.3512833,-0.6427377,-0.71744585,-0.1759564,-6.975767,-0.29186657,-1.1173431,-4.1459537,-0.3662095,-1.3949292,-0.359001,-2.4169204,-7.7301874,-1.0863783,-15.528765
2.0675077,-0.22800529,0.22307442,0.36199334,-1.2258445,4.817084,1.2581074,-8.905331,-9.244997,-0.7142294,-0.7539189,0.09446796,3.7177448,-17.929747,-1.2723925,0.8016782,0.13023944,0.42750692,-0.008922492,1.6362095,-4.5850453,-0.19467644,-0.8415961,-18.85433,5.994262,0.25516227,1.5795872,-0.011164581,0.058891315,-0.75509167,-0.11927503,-0.3595879,1.7667587,0.91138285,-0.2870353,0.3750668,-7.2600436,-0.45373425,-1.0346799,-4.3384643,0.09318053,-0.5558897,-0.5392504,-3.0381205,-9.529193,-1.1280957,-16.519775
2.2086618,-0.2083462,0.32416365,0.71713555,-1.0853857,4.9931912,2.2638712,-8.393159,-9.537652,-0.7704144,-0.67939913,0.07146129,2.9269006,-17.968555,-1.3866129,1.1346341,0.14418693,0.62824893,-0.008740861,1.7451228,-4.9894247,-0.44638357,-1.2678372,-19.078594,6.0958614,0.23478083,0.90098965,0.041582014,-0.112782896,-0.68825716,0.16298129,-0.7390557,1.818199,1.1854379,-0.37235746,0.2554746,-7.258676,-0.41452378,-0.78777945,-4.0458126,-0.1799483,-0.6336741,-0.40894622,-2.6562495,-10.832687,-1.0348753,-17.391474
1.2766925,-0.15941106,0.46033344,0.31906515,-1.1080359,4.4314327,1.3838624,-8.775025,-8.533776,-0.76206374,-0.4311246,-0.07205542,2.3104658,-14.453866,-1.7383004,1.0788671,-0.010514718,0.42420793,-0.2351911,0.12745814,-3.7930255,0.30193815,-1.2144413,-18.490244,4.814117,0.26184914,0.7527656,-0.024600461,-0.5517055,-0.3769529,0.36129478,-0.24214831,2.1222587,-0.6384531,-0.37331626,-0.14421047,-7.2802296,-0.4366437,-0.82349247,-4.649001,3.407067,-0.641778,-0.42322484,-2.8104894,-8.91586,-1.1524845,-16.51218
2.099027,-0.15803549,0.09677708,0.3678356,-1.300074,5.2990413,1.8469027,-8.220893,-8.718709,-0.35821992,-0.6606163,0.19643903,3.82839,-16.142382,-1.5141432,0.048648965,0.08759579,0.016372498,-0.2063025,-0.46870372,-4.0787706,0.29371876,-1.1363634,-18.43565,5.8089695,0.19942628,0.42387006,-0.054405384,0.046086658,-0.70175475,-0.22358227,-0.33474225,1.657198,0.7934043,2.2197304,-0.22024624,-6.832279,-0.56220937,-0.88324994,-4.0517592,-0.049440745,-0.7259894,-0.41707814,-3.781142,-10.776708,-1.1771016,-16.649353
1.2045524,-0.2839026,-0.16181757,0.30586913,-0.9616604,3.8994966,-0.15209925,-7.5692797,-7.4073076,-0.57329917,-0.23487186,0.0066390047,3.1895607,-14.533247,-1.6042982,0.23871939,-0.058379304,0.5985511,0.07513722,0.04066107,-3.3729613,0.40802678,-1.4659456,-18.610016,5.235018,-0.09534074,-0.5943548,-0.061183095,-0.3495098,-0.09692839,0.24152371,-0.48486164,2.1015496,-0.53310215,-0.661245,-0.18545534,-7.1569934,-0.3598485,-1.0112526,-3.999687,-0.22181517,-1.303767,-0.25201905,-2.3274205,-7.958162,-1.067944,-16.421455
2.1003225,-0.2782746,0.41730744,0.22409704,-1.082448,4.0081787,0.17438807,-7.6866255,-7.66121,-0.76375663,-0.631092,0.07291114,2.8297231,-14.106543,-1.2067742,0.007071179,0.017857565,0.52847236,0.013172254,-0.40892524,-2.831841,0.7510805,-1.6590328,-19.161745,5.7028656,0.051734973,-0.3089331,0.013251226,0.11459454,-0.21351859,-0.016243724,-0.035160955,2.3026624,-0.7168044,-0.6518461,-0.24957234,-7.104494,-0.30534276,-1.0869411,-4.3815327,-0.43672854,-1.3244301,-0.38746142,-2.3611937,-9.742223,-1.0477113,-15.72157
2.236934,-0.05303314,0.42132452,1.9029624,-1.0646572,5.726001,2.6285524,-7.7228055,-11.574085,0.41711825,-1.160441,0.07975565,3.4067495,-17.698225,-1.3547225,1.0854298,0.06795537,0.5958276,2.793514,0.011622729,-4.499473,0.2983739,-0.8210484,-19.614151,5.6354995,0.18931215,0.48469326,-0.07598632,0.35124823,-0.87874955,-0.12323288,-0.058741868,2.5497265,1.5402032,-0.16404971,0.09461218,-7.277219,-0.37002164,-0.87210506,-4.1914673,-0.074023925,-0.37518814,-0.52329767,-3.6725373,-9.295021,-1.1539106,-16.468388
2.2552063,0.10513582,0.17783953,1.198965,-1.2333127,5.506914,1.8614913,-7.427507,-12.169465,0.5411567,-1.4722694,0.2291877,3.4635527,-15.17284,-1.4087455,1.0690037,0.06614377,0.5696351,0.17516677,1.5697896,-5.276804,0.47497988,-1.2839006,-18.837896,5.8567314,0.18299624,0.47731495,-0.097924344,0.1794696,-0.8934273,-0.062235102,-0.09511211,2.0520015,0.9197895,-0.25096586,-0.010211118,-7.290288,-0.2993961,-1.2929962,-2.0804417,-0.57414156,-0.38542414,-0.7850656,-5.3648386,-10.541052,-1.4097972,-17.149372
2.3207865,0.08603577,0.7759303,2.2164607,-1.119675,7.446228,1.5279659,-4.557404,-11.081127,-0.0029269003,-1.8772771,-0.019932516,1.841863,-16.556076,1.5676061,2.7377326,-1.5836246,0.8299094,-0.014970321,0.16706824,-4.071264,0.46808347,-1.122244,-19.09983,4.811235,0.22453965,0.16695143,-0.05642386,0.29766047,-0.577541,-0.046893883,-0.41644862,1.5437185,6.84236,0.4868288,-0.016066138,-7.469822,-0.2444967,-1.3617412,-6.50567,4.215899,-0.11925049,-1.1346605,-4.932797,-9.164083,-1.0155288,-18.32655
0.83939534,-0.2167259,1.0064273,0.28716785,-1.1765777,3.213598,-0.27700415,-7.0682535,-7.2378955,-0.6728287,-0.47269052,0.19151558,2.9765909,-15.742518,-1.7439383,0.14826067,0.2294239,0.4243656,0.045765642,-0.40136686,-0.07923072,0.7716854,-1.754498,-17.85068,4.3419127,0.23640133,-0.24391605,-0.034365144,-0.12269213,-0.43353587,0.14004007,0.56160134,2.3538733,-5.4346557,-1.1535299,-0.07634915,-7.505338,-0.1260104,-0.96595806,-3.8354805,-0.38196942,-1.2930473,-0.26915115,-2.9361463,-7.907834,-1.0774977,-15.191899
-1.1784643,-0.26468456,-4.7874136,-0.26294836,-1.1409578,2.3700259,-2.8866646,-8.846134,-4.8066807,0.2163743,-0.2210563,0.3758137,1.6336335,-13.969646,-2.077247,-0.29414797,0.48406658,0.7421545,0.39093062,-0.2730698,-1.2675873,0.035605263,-1.3834426,-13.906972,-2.3809812,-0.17048939,-1.5889169,-0.04731518,0.1792194,-0.9520836,-0.292719,-1.0932527,-1.4652078,-5.5671964,-0.53995246,-1.4741472,-0.6089631,-0.8970029,-0.8997826,-2.7634776,-0.38285154,-1.0502609,-0.7835285,-1.8242472,-3.3573909,-1.2171303,-12.214719
1.0382282,-0.2081876,0.23084274,0.13259348,-1.5205973,5.415001,3.4892528,-11.569462,-7.8156247,0.60561675,-0.49133724,0.43489882,2.401338,-16.03591,-1.5072179,0.7380878,0.20344986,0.33755103,0.13344404,1.454282,-5.4183416,-1.1320589,-0.7628626,-18.97629,-0.96487117,0.24580798,-0.16883725,-0.24019031,0.33787856,-0.68674886,-0.24651197,-1.6871611,-0.9665912,-3.0306776,-1.0480937,0.16345957,-3.9198189,-0.45611662,-2.1218486,-5.386947,0.58930904,-1.2229412,-0.002566583,-1.7340462,-5.003147,-1.0845814,-13.47225
1.3603188,-0.3328481,-0.39254197,0.14105022,-1.4966195,7.8683133,2.1703255,-8.550315,-8.070441,0.63251436,-0.21609543,0.29943857,2.3736606,-15.856556,-1.7140473,0.89047325,0.31381425,0.6565881,0.10292887,0.3189943,-4.034048,-1.2661679,-1.1880425,-19.103292,-1.403601,-0.16689517,-0.6718397,-0.14327554,0.44317448,-0.69410104,-0.33067328,-1.7602876,-1.2602018,-4.015253,-0.36388135,0.06745746,-2.5804062,0.008410759,-1.3257377,-4.571689,-0.6702131,-0.6937601,-0.006569416,-1.653462,-5.398172,-0.92405015,-17.475403
1.2305043,-0.06681037,-0.9008684,0.4842125,-1.3211884,3.9594288,0.43922862,-7.0134387,-7.4939184,0.74793994,-0.40397653,0.43189266,2.695217,-15.919665,-1.5979998,0.9832465,0.40560275,0.62219656,0.2213595,0.25385728,-2.6197915,-0.89114106,-1.5491542,-18.0882,-1.3122076,0.044333924,-0.46356922,-0.03085804,-0.048467852,-0.5063339,-0.14522372,-1.9680867,-1.2371182,-5.1240582,-0.6382568,-0.23098703,-3.6392956,-0.6331454,-1.414529,-2.787184,-0.3323336,-1.0532701,-0.10061989,-2.119544,-6.1054564,-0.84443825,-15.127471
1.1558987,-0.28215548,-1.5521371,0.32721967,-1.4550431,4.9293237,0.30604428,-8.976412,-7.8233094,0.5867145,-0.7170472,0.39112553,2.6244645,-14.76472,-1.6030716,0.87425125,0.28332213,0.25449166,0.21503109,1.695113,-5.261152,-1.1415477,-0.59230155,-18.552778,-0.98124254,0.20481461,0.6749494,-0.16778105,0.26883918,-1.4166949,-0.17694442,-1.7583158,-0.9780351,-3.0028718,-1.2497004,0.5082363,-2.9843428,0.010160642,-2.3932776,-3.6836157,3.68981,-1.2493049,-0.10156228,-2.108846,-5.179845,-1.0968252,-15.793606
2.0774436,-0.16477813,0.321659,1.2997731,-1.1511482,4.6819086,1.9369814,-6.918794,-9.966592,-0.92858,-1.1156113,0.063476585,3.6189153,-17.085215,-1.3943515,1.2313038,0.08197946,0.5792686,-0.151567,0.11356933,-4.840324,0.47428167,-1.3635054,-19.399982,5.625173,0.25829232,-0.18867207,0.011196861,0.20769511,-0.83505297,-0.14172801,0.22725458,2.181323,1.8669039,-0.29701418,0.024593426,-7.634232,-0.32592914,-0.9371834,-3.7021825,-0.18335117,-0.2428538,-0.39263266,-3.2652047,-9.887574,-1.1379299,-17.166805
1.1916468,-0.28458408,0.2606211,0.4897672,-1.0744203,4.425632,0.603903,-7.2605543,-7.7198896,-0.7610746,-0.6729587,-0.024344351,4.038691,-15.688386,-1.6515701,0.08379077,0.010900198,0.6494941,0.1376703,-0.2264019,-3.4910796,0.48580703,-1.3620355,-18.543264,4.7716904,0.26546928,-0.38136452,0.004677656,0.32355115,-0.9753381,-0.18085657,-0.78930837,2.1478279,0.8132078,-0.45263758,-0.26181933,-7.20314,-0.4043369,-1.0898966,-4.0123715,-0.24485166,-0.65019274,-0.17555715,-3.0806,-7.9494476,-1.0438876,-16.835094
2.107465,-0.24497007,0.24475816,0.6907362,-1.0836993,4.9516206,1.0851585,-6.9949584,-9.577475,-0.81837684,-0.7143784,-0.00938672,3.6934319,-16.706207,-1.4424655,1.158991,0.041241307,0.6121887,-0.13508031,0.029867047,-3.648586,0.5287364,-1.308124,-19.369587,5.6860757,0.2000933,-0.12079114,0.035888452,0.01828895,-0.9214951,-0.16673651,-0.25131366,1.9011685,1.6914444,-0.3148605,-0.0052621383,-7.036615,-0.41543317,-0.93391,-3.9980433,-0.15782906,-0.6208213,-0.39578795,-3.2321951,-9.777129,-1.1442544,-17.236784
1.9607006,-0.16071902,0.4321471,2.080343,-1.1810353,5.0317354,1.162633,-7.017586,-10.082792,-1.0159357,-0.7030921,0.002501922,3.6127799,-17.325476,-1.4367843,1.1451246,0.022324668,0.6016751,-0.114364415,0.029903647,-3.906668,0.49901772,-1.3261847,-19.662788,5.564901,0.1911521,-0.19806261,-0.17533945,0.4802862,-0.9580823,-0.10605471,-0.33846587,1.9389459,1.688235,-0.24329974,0.07348928,-7.5358124,-0.32629493,-1.0738304,-3.9826622,-0.56185514,-0.12776783,-0.37695625,-3.2328992,-9.946162,-1.1551725,-16.709843
1.548099,-0.0303532,-3.6071973,0.23627235,-0.96893233,2.5251684,-2.618465,-7.217855,-6.2910466,-0.7358838,0.37446323,-0.3318944,0.9991479,-10.297608,-2.5322468,-0.5355375,0.46706527,0.068912685,0.038053658,-0.24293111,-0.06793326,0.8772546,-2.0882664,-16.835798,-1.027498,-0.18726085,0.069409676,-0.097569406,-0.0059818984,-0.122103974,-0.13743792,-0.7438048,-0.46747252,-4.2189317,-0.40443608,-0.39857045,-6.981874,-0.6583472,-0.3269758,-3.9979246,-1.2793764,-0.9119814,-0.31103772,-1.8892609,-3.8572235,-1.0364397,-9.743494
1.052336,-0.18844026,-1.450408,0.1418147,-1.1170043,3.5660965,-0.08327097,-7.036023,-7.3268,-1.1220567,-0.36121786,0.2029855,2.2799292,-13.086515,-2.0035334,0.19628987,0.26859748,0.28905752,0.100998834,-0.642977,-0.8100219,0.89894986,-1.988884,-19.259571,1.8967754,0.029503554,-0.36250317,-0.44216233,-0.09704028,-0.077471666,0.16939911,-0.88504595,2.263219,-1.4170928,-0.5746783,0.15093185,-6.805226,-0.18396302,-1.077104,-3.9815881,-0.39822042,-0.96794033,-0.28573146,-2.0149887,-7.338142,-1.1163415,-13.33422
1.0328242,-0.235949,-1.0564051,0.44416618,-1.2280102,3.7813303,0.3757483,-7.4194803,-6.465244,-1.0946479,-0.5540021,0.17594609,2.668593,-13.957421,-1.894578,0.04480554,0.28347948,0.30329204,0.10121245,-0.29972127,-0.8948738,0.9283243,-1.8543266,-19.32262,1.8729113,0.04423864,-0.3732269,-0.075909756,0.08242657,-0.24336658,0.3126166,0.1690376,2.7640066,-1.4845219,-0.89145714,0.04662158,-7.2139096,-0.29256967,-1.1543425,-4.1533403,-0.43102488,-0.92856526,-0.36730507,-2.9552386,-7.9126754,-1.0820577,-14.2599325
2.083509,-0.24557897,0.3578339,0.48574823,-1.0939504,4.522516,1.7340652,-6.820326,-8.807995,-0.8742649,-0.66232246,0.00599436,3.8433402,-15.934411,-1.4359698,0.493673,0.08227952,0.5968662,-0.1107783,0.05321514,-4.376038,0.45019642,-1.270733,-18.89263,5.360726,0.24621135,-0.33367613,-0.071966246,0.2257299,-0.81437224,-0.07848726,-0.058250558,2.1069474,0.84059256,-0.54717636,-0.31598213,-7.307894,-0.10107203,-0.7897241,-3.990068,-0.29706147,-1.24064,-0.36793333,-3.4760406,-9.251292,-1.1739746,-16.932487
1.1795037,-0.22368878,0.08743114,1.0158472,-0.9901545,3.7395663,1.1567113,-8.568633,-7.7329903,0.6252996,-0.92072266,0.032866456,2.8504329,-13.698755,-1.7039258,0.041561585,-0.0024700607,0.6200737,0.15484244,0.2172137,-3.5294216,0.8779959,-1.3693827,-18.585249,3.7629077,-0.107852854,-0.3309886,-0.08330287,0.28427002,-0.7918462,-0.29661092,0.4602997,2.6615143,-0.54813164,-0.4574654,0.04042014,-7.2954745,-0.4495847,-1.1407819,-3.8204117,-0.23301421,-1.2401203,-0.37827808,-3.3540554,-7.7466607,-1.093391,-15.835316
1.9617435,0.11068443,0.20598446,0.54918337,-1.15775,5.1413054,0.6518802,-6.7954288,-10.61979,-0.63281524,-1.7197553,0.0069838744,3.5856419,-15.782273,-1.3711188,1.1365536,0.0068998835,0.6226443,-0.1034255,0.111657985,-3.7339177,0.44337413,-1.4586152,-19.22636,5.365453,0.1659442,-0.23434944,0.033317152,0.32945922,-0.9642414,-0.24816322,-0.40063038,1.8311492,4.6384025,-0.3260796,0.14668041,-6.8709745,-0.40876272,-0.76001,-6.509311,-0.31329483,-0.31972647,-0.40444332,-4.054238,-8.996157,-1.156881,-16.438175
2.1602674,-0.26182958,0.48098847,1.8275983,-1.2055064,4.337904,1.3910187,-8.371705,-7.65236,-0.01067947,-0.40755036,0.21788523,3.2834935,-14.817751,-1.1660988,1.1188625,0.008384561,0.31328157,-0.22692418,-0.46311015,-3.2122562,0.6751724,-1.3086816,-19.392265,3.9177847,0.1283788,-0.31759292,-0.057094887,0.250522,-0.82953995,-0.09690015,-0.6684926,2.345706,-0.6332702,-0.7375513,0.16582204,-7.229517,-0.4829282,-0.8626262,-5.5424504,-0.48502994,-1.341204,-0.523568,-3.6204367,-9.24612,-1.0916734,-15.721859
2.018687,-0.1286513,0.3727066,2.194824,0.019172164,4.7578588,2.0467048,-6.900552,-9.17359,-0.16694382,-0.8835301,0.13278626,3.6646018,-16.093325,-1.4016207,0.12250076,0.023349844,-0.091320306,0.17855681,-0.057458393,-5.493765,0.5088114,-1.221258,-19.105967,5.1518497,0.20719768,-0.3351264,-0.1794778,0.32670608,-0.9515685,-0.18934892,-0.30472085,2.2525163,0.91239345,-0.4871083,-0.22239123,-7.8354764,-0.2301174,-0.8440142,-4.044333,-0.61272293,-1.3361111,-0.26366878,-3.4526975,-9.067789,-1.0928581,-16.90474
0.8443779,-0.0018668401,0.042723015,1.3088977,-0.9229846,3.3907733,-0.8441776,-6.410774,-11.89208,-0.7183439,-0.38488388,-0.36895642,2.0141568,-14.449388,-1.6689916,0.14176491,0.022111308,0.5749042,-0.027745435,-0.032762937,-1.652311,0.27317706,-1.2161762,-17.778994,3.192587,0.08839545,-0.29439875,0.024149433,-0.036341272,-1.4784052,-0.06283311,0.38946903,3.4212093,-1.789843,-0.79568124,0.6398977,-10.785731,-0.8644816,-1.1057963,8.514361,-0.50784445,-1.1082029,-0.622514,-3.1925147,-7.3447065,-1.2269672,-15.708451
1.4807606,-0.21992739,-1.3716012,-0.100435264,-1.6422296,1.8342259,-1.446147,-6.9309454,-11.703752,-0.7553476,-0.17038515,-0.44850558,2.7541368,-11.450765,-1.5747559,-0.034167703,0.13150385,0.16748446,-0.26448268,-0.07757125,-0.8267521,0.39781493,-1.5187472,-16.385223,-0.4971765,0.1003071,-0.17757615,0.059888616,0.2199873,-0.379068,-0.10934249,-0.298073,3.5595584,-7.1337843,-0.743991,0.054214466,-9.676451,-1.1330798,-0.6959468,8.769043,-0.9407647,-1.4923153,-1.0268248,-3.6374223,-7.046795,-1.2025214,-10.5244665
1.5744088,-0.38810846,-0.34627527,-0.052964944,-1.5169408,2.978967,0.25717476,-9.951767,-4.4097905,-0.80936736,-0.9951131,0.2197686,3.0220895,-16.153543,-2.3241117,-1.6053555,0.11626636,0.35760328,0.07934271,-0.37254888,-0.2272623,0.69410646,-1.3776766,-19.505665,-1.163852,0.23312329,-0.1813264,-0.035068113,-0.029294185,-0.5227827,-0.0369766,0.33049402,3.170999,0.8594373,-1.5366954,0.9827482,-7.6798296,-0.3799338,-0.8074087,-0.8753472,-0.8482887,-1.0647593,-0.57812935,-2.8980815,-5.4656973,-1.303714,-13.458626
2.0644848,-1.0776496,4.1831393,-1.9616424,1.7021073,7.989207,4.717941,10.891975,9.902136,-0.6032298,0.8208077,2.9218848,3.8832688,42.371387,7.566202,0.5849369,-0.60130227,0.07897023,-0.39139396,-0.2854588,22.377163,0.20326157,16.459045,39.465572,-6.7655945,-0.76908827,0.15478629,-0.08560011,-0.32211804,0.15672906,0.11410042,-0.02601133,-1.3187292,-1.1461173,0.47981605,-2.054935,20.751762,-0.47247422,4.6478724,2.6023827,-1.4509835,9.374057,1.767676,1.6389225,11.423657,1.0442842,20.499632
2.5266163,0.62015843,3.2563567,-1.6463406,2.291221,11.889142,7.3722563,11.973204,11.116147,-0.60220426,0.96130973,-0.13241205,7.916112,39.019707,6.8851385,0.44909674,-0.510525,1.1331282,0.043394253,-0.27403924,22.860159,0.21017548,9.22984,36.09757,-6.111538,-0.058155343,0.23028365,0.21458915,1.1845481,0.39531535,0.26789564,-1.2102602,-1.146123,-5.2333364,0.6952785,-2.5531704,18.861696,0.2512084,4.5075564,4.3848934,-2.010941,8.951104,1.7150947,2.3536012,11.052312,1.806933,23.04276
0.65515184,0.07994325,2.3412488,-1.5010123,2.6827028,9.697317,5.7643366,40.31261,8.47519,-1.3560157,0.7768211,-3.6794436,8.813895,40.94162,7.166164,0.27756298,-0.39709935,-0.15439366,-0.1350331,1.9223183,21.147158,0.18795148,10.975118,44.34032,1.4315387,-0.9427597,0.054619987,-0.07022846,0.3973723,-1.4351903,-2.8192956,-0.41831,-1.0822823,-4.678892,-0.31472763,-2.1442995,20.191784,0.2403099,4.501854,3.2453713,-2.2919703,8.244927,0.86971366,1.1828411,10.144303,0.60023683,23.343372
1.2645491,-0.8621431,3.4605908,-1.8607123,3.0915344,5.2916737,1.8593041,38.926025,7.2627625,-1.0095433,0.9508785,-1.1565001,5.251053,42.64762,6.03808,0.45408192,-0.781059,-0.37959316,-0.15576345,-0.68547606,21.670977,0.20952858,3.4027596,41.749844,-7.2381516,-0.20764942,-0.5486972,-0.14656368,-0.5015303,-2.0465865,-0.4168361,-0.8519021,-1.2404424,-0.5356341,0.09169798,-1.720985,23.954765,-1.1496263,9.287649,4.114736,-0.8313696,5.51225,-1.5319748,2.3299778,8.235367,0.2114306,23.30658
1.7577748,-0.71167386,2.989295,-2.170498,-2.2042592,14.15901,4.7102733,13.773899,9.966216,-0.44696805,0.19032429,-0.55945027,3.0815651,40.760574,8.204364,0.16134597,-0.77606976,0.5866035,-0.21728607,-0.11377628,22.432379,-0.9470122,8.956537,35.323166,-7.371861,-0.47746032,-0.12421755,0.03179693,-0.6425911,-0.48785263,0.110503696,-1.0760273,-1.7535534,0.37444678,-0.02093073,2.1505675,21.779423,-0.41975263,12.785649,6.5243354,-1.3074547,8.646895,0.37032074,2.808561,11.146509,-0.21784908,22.859987
2.3217285,-0.46862596,4.8649244,-2.5520587,2.0992935,6.9364977,8.275553,10.243715,5.133411,-0.4105709,0.76453173,-0.95245945,3.339827,43.637547,5.843331,0.49480128,-0.95762014,0.07514807,-0.14875202,-1.1030514,22.367516,1.6455562,7.9741554,39.728806,-6.235624,-0.14045027,0.09866335,0.06957051,-0.07646364,-1.3667481,0.1772569,-0.39092076,-1.1101512,-1.2054085,-0.059904356,-1.2233696,20.311533,-1.6806514,12.852163,3.6066582,-1.6047013,-0.110158086,-0.6281656,1.9738845,10.754146,0.95191944,21.553432
2.1196334,-0.7717238,4.550199,-2.8051088,0.44235262,11.594029,7.5271387,7.881479,6.055341,-0.7127534,0.9136088,-0.37923026,3.3305266,41.96522,7.7490196,0.07899453,-0.9322349,0.2503215,-0.16759513,-0.12820178,22.645754,0.9722741,15.105305,38.657146,-1.6699307,-0.45675796,-0.057297226,0.017674405,-0.54051095,-1.2969364,0.5037497,-1.9860584,-1.2960104,0.16839983,-0.05152618,-0.68227,21.869278,1.6110536,12.405902,3.2910547,-1.6077788,-0.35001802,-0.39250037,2.2957666,12.6340275,0.4919407,23.771744
2.9754598,-0.54300666,-0.8956438,-1.5730854,2.880103,9.867466,9.049056,11.259755,-4.1456676,3.2705352,0.88593113,-0.39366162,2.1124957,34.92718,6.3784194,0.1542179,-0.025793225,0.45302728,-0.5995198,-0.27118412,22.61261,0.97173905,16.126785,42.770283,-0.16637422,-0.40998074,-0.095751844,0.06657908,0.3720313,-0.42055106,0.32598877,-1.1117045,-0.58142525,1.043568,1.7807822,6.243179,18.778156,-0.752102,14.90396,3.3233716,-0.46886945,-3.3455,-0.12074156,1.4359599,12.014586,0.33883741,22.978252
3.6916127,0.25611952,1.3352641,-1.5292526,1.5260768,-5.853576,2.0944533,45.194378,5.8083725,-0.695828,0.6103631,-3.8107297,7.6358013,25.70895,13.022248,1.7194705,-11.577427,-0.17916964,-0.37304038,2.1088142,21.004503,-0.33205742,11.097276,48.958508,5.1904845,-0.7470276,0.14067619,-1.088896,0.43748665,-2.2427063,-3.4867315,-0.5793018,6.1178927,-2.38528,-1.6369616,-2.76554,21.119265,0.53053904,12.601196,18.696875,-0.65940017,5.0761256,0.29956403,-1.9273925,13.321472,0.048348367,23.346014
-6.6497283,-0.2809859,-0.94970334,1.8735229,-0.7422716,-14.288369,-16.3697,-0.08582258,-0.14053527,-0.26065835,0.6424635,-0.740638,-1.7676824,10.742189,-8.779699,-0.6163392,-1.8120179,-0.30647793,0.013702328,-1.5705954,19.512161,-0.941797,3.19172,18.365896,-2.731733,-0.44862255,-0.1888868,0.0660693,-0.11478742,-0.2718018,0.13341694,-1.0876538,-0.946439,-1.202208,0.5035267,-0.01607978,13.603624,3.2089312,-1.4356143,2.5620024,-1.7400821,2.5194337,-2.0952907,1.7689047,5.189421,-0.177358,13.964452
-6.1531153,0.20924158,0.48945335,-0.21183455,-0.6444589,-17.29041,-12.445395,3.9772027,2.6422212,-0.48696998,0.6988928,-0.5388219,-2.5974042,20.849596,-9.358312,1.5658582,-1.9221292,-0.6549774,-0.34971592,-2.5271773,19.21476,-2.7554612,8.326682,22.175884,-2.3262708,-0.6573395,0.32577646,-0.08094099,-0.32749236,-0.46639356,0.15906553,-0.8434579,-1.0588878,-1.080696,-2.007019,-0.011108117,14.239161,2.5980885,-3.7404757,2.4104655,-1.7059274,3.2457623,-2.8981004,1.8482652,6.2991085,-0.18322699,13.812492
-8.466216,-0.21131337,-0.10797247,-1.2154881,-0.9167291,-19.172483,-15.7812,5.2621813,4.156312,-0.9112033,0.78661644,-0.6463681,-0.67583174,18.175928,-4.263356,2.3685987,-0.10015279,-1.2469069,-0.8303417,-6.161967,16.078497,-0.5106712,3.8172417,23.054853,-2.5990093,-1.0867836,0.30946243,0.16156234,-0.20329632,2.6110191,-0.6786529,-0.66753495,-0.8204782,-1.9130441,-2.9600272,-2.6957538,14.270462,1.0223616,-4.852459,3.1386764,-0.25799507,3.161888,-5.1093845,1.1562431,6.279485,-0.5348591,9.164977
-5.6522927,-0.14524963,0.024533331,-0.33929646,-1.4010787,-17.773323,-14.12033,1.8122805,0.8982932,-0.73749423,0.7720632,-0.95907056,-1.5324512,20.263678,-1.5212213,-0.7745451,-1.8664261,-0.8418655,-1.3961153,-5.311959,17.173027,-0.75327027,1.3417405,22.472132,-3.1634214,-0.8161301,-0.55137384,-0.18075566,0.03649147,-0.31962267,0.27446786,-1.0146375,-0.77578473,-1.3182199,-0.8854089,-2.9301689,12.808629,1.8911161,-3.6666412,2.0766225,-1.6661302,1.5434787,-2.6092453,1.8667066,7.199706,-0.20557898,12.072377
-11.614113,-0.055260893,-0.45804644,-0.5730523,-0.05742634,-21.431501,-15.67619,13.923741,6.340869,-0.8831791,0.5665585,-1.1793364,-3.2305827,20.87273,4.3111286,-0.49723908,-0.7916587,-1.102451,-0.33074316,-8.163312,14.721448,-1.8556647,2.7893884,22.600256,-1.6664656,-0.95434606,0.41898617,-0.12448619,-0.5646222,2.536189,-0.71485794,2.1754775,-0.9060591,-4.9962926,-3.3476923,-1.8209503,8.670281,1.1271358,-3.5794287,2.71664,-1.4973997,3.8215365,-4.639147,1.1786122,5.9533277,-0.79823166,7.9704185
-4.3255897,-0.5816041,-1.4300772,0.4233146,-0.8772775,-19.533018,-19.75602,6.209374,1.6656449,-2.7656236,0.5418272,-1.5207338,-3.3360975,17.595083,4.5914297,-0.6650891,-0.3993022,-0.7548243,-1.1303608,-2.8626456,19.78532,-1.4727169,1.0596566,25.718292,-2.011409,-0.5481897,-0.6263828,-0.14583261,-0.13151285,-0.23152526,-0.09319678,-0.774195,-1.0658255,-1.8545784,-3.0086424,-2.2977855,7.465435,1.7140638,-3.8355775,2.416872,-1.3225313,2.1800725,-3.0084043,1.2826204,7.120067,0.07104655,11.93178
-5.433399,-0.024354704,1.020176,1.69443,0.1332281,-15.554835,-20.752508,8.870587,2.075418,-1.2003354,0.89375204,-0.36987254,-2.3368037,13.6561365,4.0866623,-0.08950169,-1.830266,-0.5449405,-0.0991946,-3.202165,20.04065,-1.7254384,3.7325618,25.59257,9.342231,-0.47243917,0.20937333,-0.07191417,0.031342104,1.1892061,0.07672521,-1.0862386,-1.0966544,-0.38922963,0.54432577,2.8120239,13.527424,-0.20340306,-1.857457,3.0415728,-0.63783276,3.5152261,-3.252834,1.6945785,8.026627,0.083358034,15.664596
5.243072,-0.2081671,-0.14736363,-1.9638801,0.8252886,16.313612,87.860634,-4.0945444,-6.9621863,0.60655266,-0.15045509,0.3903101,-1.5755959,18.095198,-2.1204689,4.1535397,-0.6190096,0.6621616,2.0664907,9.0276985,-0.1637209,0.9769498,-0.8047635,27.654299,6.39356,-0.20158696,0.5418019,-0.43976665,-0.048036434,-0.6332827,1.5666273,-2.133267,2.8746614,14.221902,0.18318468,2.7683764,0.2460924,0.21698265,-1.9660516,11.388037,-0.6367382,-2.6902533,-0.4537507,-0.7322459,-2.2155588,-0.79265875,-7.916628
0.1466347,0.024608368,-0.3705217,-1.8056052,1.4259415,35.175564,92.00525,-0.12124538,-5.9385185,0.4276408,-0.5467394,0.33758554,-0.4693701,23.485668,-1.3358063,3.3163214,-1.020396,1.2249799,1.269396,9.005394,0.03661625,0.47290707,-0.027102714,-2.4093761,27.838041,0.09696574,2.3959956,-0.37150875,0.54561156,-0.2388778,2.4110363,-0.41478816,2.2588453,11.437741,0.04639599,4.344239,0.10288297,1.1351168,-0.96548086,14.599353,-0.36912706,0.8659272,0.42352724,0.6506588,-2.2651742,-0.84699404,-7.0759974
5.7698956,-0.14370753,0.45003325,-1.7127662,1.062443,25.536304,84.114334,-2.8724978,-6.530815,1.4065121,0.045324687,0.8767566,-0.29280853,21.401707,-1.7848641,3.8582838,-0.38475916,1.4287645,2.4026556,9.419143,0.34445533,1.4935313,1.373206,21.819109,23.359165,0.23585413,1.5087562,-0.17623988,0.38191247,2.2462776,-4.192106,-1.8762304,0.49564376,13.393619,2.0768452,3.2967448,-0.3652146,0.47981933,-1.2592375,12.74215,-0.14505917,-0.53081256,-0.20724499,-0.59182686,-1.9673514,-0.8048484,-6.560968
2.5485187,-0.044675644,-1.6587232,-1.6852094,-0.6298144,29.666372,79.64447,-0.95479536,-10.108571,0.40478715,-0.5858168,0.47574714,-3.2394364,23.534645,-1.2020775,1.9574658,-0.953884,1.0601811,-0.40813553,19.986013,-1.0425621,-0.12811053,-0.46688974,-4.0349975,20.694677,0.25898856,1.4462384,-0.6913899,-6.6960964,0.9994843,-4.276861,-0.4481594,0.07068327,9.437327,0.9508354,2.5766168,-2.9499433,0.43882394,-0.79629654,8.668622,-0.4859099,-0.879055,0.73591524,-0.18714818,-2.165211,-0.7941063,-8.605698
2.4318078,0.0592576,1.2253599,-1.8203359,-0.10890631,36.556114,88.37715,-0.80104685,-4.870763,1.3809013,-0.27164435,0.5191809,0.15255466,2.6589212,-0.7358384,2.9864755,-0.39016694,0.57194734,0.9428135,22.72341,0.19633935,1.6840255,-0.08559645,-8.203267,24.87367,0.17597108,1.1911087,-0.35971305,0.44172278,1.0539562,-4.1968164,-0.7664738,-0.3900791,19.334717,11.793962,5.528662,-0.13657528,1.9304453,-0.026827777,9.333897,3.2495847,0.50032336,0.56811684,0.2334693,-2.4149702,-0.8201366,-5.5025234
0.9850373,-0.15661003,0.36743808,-1.7283161,-0.42222017,29.719488,79.823524,-1.6034863,-4.240084,1.6400343,-0.961382,0.026760172,0.4439422,2.762868,-1.1095446,2.3821867,-0.3760723,1.0355303,-0.39771512,19.794968,-1.4857658,-0.17937842,-0.60005826,-9.30122,23.62964,0.41934294,1.5339239,-7.6122065,-6.5773892,-1.1185606,-3.9577703,-1.0603983,1.5648879,-0.9204233,8.876522,2.1295612,-2.7110965,0.4535376,-0.3562175,0.32003602,-0.29031086,-0.64921933,0.9162524,1.2009939,-1.840149,-0.7019207,-7.6918674
1.905149,-0.09448004,0.78781325,-1.5161617,0.007329184,36.539505,96.25692,-0.6441012,-6.250675,1.0783306,-0.052144494,-0.07954808,0.86440015,2.216307,-1.1124687,2.7542667,-0.4759944,0.81688446,1.4828051,21.393702,0.084556565,3.0388439,-0.77824277,-7.179675,25.084518,0.10931163,1.929201,0.07968521,0.4729925,0.1657508,2.4571743,-0.31955528,8.756726,0.62081164,12.394261,5.023618,2.6191967,1.668959,-0.035339262,5.5857024,0.5202384,-0.38015473,0.5464953,0.10959604,-1.7429852,-0.8430646,-4.9882903
1.9646482,0.99498177,-0.76778996,0.634524,1.7252162,20.567295,82.336395,0.60594136,-4.796848,0.1890611,-1.0040063,0.036074672,2.7353442,-6.105862,1.309444,8.367459,-0.39011943,0.38979304,1.4672458,37.15741,-0.00844405,1.4882182,-0.86144286,-5.4765816,18.253086,-0.019644095,2.0739539,1.2042593,0.56915146,-0.80159044,1.9750124,0.553143,0.9221381,7.4005017,12.544379,1.2947313,-0.08405,0.7742097,-0.1523669,0.047708422,2.4344573,32.210674,-0.7594585,-2.8835456,-4.6734495,-0.79338795,-3.8166292
3.1442695,0.5727663,1.878939,-1.364203,0.7558332,18.22215,96.78755,2.9845166,-3.2140908,2.0310698,-0.027079213,-0.0022695118,5.6842675,-10.112103,-0.8462377,1.7290275,-0.44249365,0.11882411,1.7504995,37.117374,1.2298914,2.9303463,-0.32752785,-5.3968487,22.909378,0.24550417,1.8677434,-1.4263483,0.8708461,0.04488399,2.3658898,-0.19787228,1.7951229,9.070885,17.529861,1.1314497,-0.58400077,-0.059091076,-0.14519307,4.1969376,4.4353576,-0.07427892,0.3144001,1.5106685,-1.8495264,-1.0369383,-7.426572
2.8347392,-0.51997167,1.154883,-0.03708826,0.16656557,39.256336,106.98813,-0.30602494,-7.047629,0.8732989,-1.5557607,0.1830833,3.7484722,-7.0646405,-1.2374611,2.467103,-0.5974823,0.64586395,1.3090937,30.955862,0.80258423,3.2203898,0.111717924,-6.0071964,-0.44413272,0.1068182,1.4237348,2.1657417,1.0189908,-0.5124354,1.2227609,-0.2511985,4.694004,13.479389,11.171765,2.0470872,1.0668892,0.8124236,0.01806027,11.167849,0.046244346,-0.37573513,-0.31869394,0.41114354,-0.6780605,-0.86849207,-6.9059663
1.2918966,-0.22382103,-3.6137135,-0.11382897,-0.6587106,0.042373516,-5.181705,-8.047046,-9.234619,0.076662906,-0.8417123,-0.7468239,1.1376308,-16.52039,-1.3871859,0.91817856,-3.25785,0.76736015,-0.21785985,0.45177898,-0.25911176,-1.2309234,-1.537313,-17.75411,4.5573845,0.1450236,-0.75300545,-0.040911935,0.07137064,-0.9972621,-0.2870651,-1.2596283,-1.0561358,-4.9220066,-0.64742726,-0.10239348,-7.2097573,-0.62933725,-1.8039883,-3.7631123,-0.65956175,-1.0807041,-0.12803875,-1.2064099,-5.911951,-0.59697586,-13.145492
1.2115854,-0.22776473,-3.6137753,-0.13537073,-0.66207546,0.044493195,-5.238206,-8.070595,-9.254026,0.27966478,-0.77568495,-0.75767636,1.1638933,-16.49576,-1.4328704,0.90980166,-3.2874622,0.7909139,-0.20100753,0.43076053,-0.2674792,-1.2010406,-1.9248223,-17.851273,4.5523305,0.08757734,-0.71409345,-0.0030132958,0.06895424,-0.9711615,-0.23710787,-1.2802283,-1.0645366,-5.220907,-0.64011866,-0.10938019,-7.052035,-0.620628,-1.7352571,-3.6268508,-0.49448773,-1.1221218,-0.12305863,-1.1472577,-5.929527,-0.5869881,-13.262389
1.636091,-0.18706721,-3.4518135,0.10593154,-0.79143465,-0.6035259,-6.4672723,-8.002502,-7.864957,-0.49856728,-0.58968395,-0.48985612,1.1713458,-16.065882,-1.6761538,1.1925668,-3.433938,0.67623043,-0.61095774,0.2858276,-0.24965611,-1.1184485,-1.6054786,-18.179647,-0.16864909,-0.14643426,-0.613954,-0.13917384,0.19775914,-0.92729425,-0.21720836,-1.4900011,-1.623891,-5.6064367,-0.65329653,-0.12142237,-6.399698,-0.2151628,-0.5436283,-4.1313477,-0.6746728,-1.054755,-0.05455706,-1.1778789,-3.381832,-0.8810644,-10.88015
1.4368939,-0.27025604,-3.7387505,-0.108929336,-0.6828169,-0.26118696,-5.2094307,-8.047726,-8.7899275,-0.36504,-0.9279111,-0.54932135,0.3500074,-16.322857,-1.580303,0.91428417,-3.0875363,0.51467156,-0.14818235,0.6800063,0.19079389,-0.006806298,-2.0430343,-17.601582,2.1241403,0.067046165,-0.77126044,-0.17767702,0.45722455,-1.2034297,-0.3174402,-1.3457801,-1.0118132,-3.5092509,-0.95636266,0.028548313,-6.9296923,-0.507605,-1.3295368,-4.015069,-0.96522456,-1.2507448,-0.24120606,-1.3100482,-6.166319,-0.5772625,-11.803751
1.2294309,-0.2674225,-3.6248784,-0.15064919,-0.7313649,0.045452543,-5.127282,-7.772667,-10.2629,0.27725044,-1.17744,-0.75729525,0.41646332,-15.933585,-1.5369941,1.0498719,-3.317627,0.71401805,-0.11961269,0.104192704,0.039320566,-1.2088336,-1.995948,-17.718418,4.5303445,0.06126216,-0.7800097,-0.006114975,0.06245139,-0.9321535,-0.27671593,-1.0733937,-0.8989963,-3.5016296,-0.71476436,0.35538322,-7.344359,-0.68899745,-2.1803167,-3.811814,-0.5201593,-1.1495353,-0.14510395,-1.0670297,-5.746088,-0.59470034,-13.293668
2.2428215,-0.35496622,0.46940005,0.1025599,-0.7207059,-0.18591526,-4.868916,-7.968937,-10.341738,0.36110294,-1.1212807,-0.73177534,-0.61936295,-15.696822,-1.3439846,1.0353458,-3.0770576,0.69394207,-0.1770586,0.4418929,-0.17096828,-1.1528159,-1.4712745,-17.428074,4.505409,0.10769625,-0.65191543,-0.054556593,-0.024496317,-1.2604897,-0.29479164,-1.5839566,-1.0260826,-3.3310142,-2.3190467,0.30682683,-7.019772,-0.36447364,-1.8720992,-3.6156216,-0.7746424,-0.55981517,-0.23592228,-1.2435379,-7.4876523,-1.3093948,-12.223377
2.3710375,-0.22538735,-3.219062,0.1921505,-0.68013346,1.7043725,-3.8378365,-7.9517775,-8.982943,-0.40915224,-1.0403455,-0.5552331,0.70872164,-16.077726,-1.19869,1.0184884,-3.6038373,0.69327754,-0.59439135,0.20059225,-0.25095803,-1.1860607,-0.88928944,-17.823454,2.315612,-0.06608488,-0.7692362,-0.11031498,0.28533328,-1.1517853,-0.35486868,-1.7294258,-1.5431297,-3.610319,-2.0593162,-0.113795936,-5.6975713,-0.77517074,-1.6227492,-3.9245586,-1.0883524,-1.1940141,-0.006657116,-1.2560658,-6.9551616,-0.61812055,-14.05906
1.5527333,0.0033416096,-2.6639814,0.17450677,-0.890379,-1.0986557,-6.9988303,-7.398152,-7.9670024,-0.4705146,-0.80912805,-0.7228221,1.1577519,-16.014116,-2.010972,1.1412748,0.64280546,0.58561456,-0.64611876,0.2760037,0.39719713,-1.0775449,-1.7449098,-18.04094,-0.049096294,-0.09650054,-0.57876134,-0.15633002,0.12577656,-0.9643105,-0.34960246,-1.5789046,-1.6827525,-6.683481,0.42902705,-0.2917923,-6.3729944,-0.7654808,-1.123407,-2.2203856,-0.7924683,-1.0880045,-0.10769156,-1.0675913,-3.3058143,-0.84308225,-11.39348
2.1114218,-0.08497579,0.17241885,-2.2734368,-0.3896529,11.1991625,94.18288,-1.8593527,-8.003797,0.8211203,-0.20922591,-0.065823495,0.040593296,3.8015008,-2.967297,2.1926076,-0.97869843,0.63077235,-0.031759176,10.963309,0.12132637,-0.25865057,-1.1854593,-13.8861475,7.839785,0.30192918,-0.07620407,-1.7569839,0.04737055,-0.20881729,-2.822413,-0.29673216,3.764049,17.644873,-1.2762035,1.1739569,-3.178514,-0.41715926,1.0685828,18.596308,-1.8460343,0.066871494,-0.68340456,-0.5628185,-2.973759,-0.7600798,-11.873697
1.4374675,-0.12682344,-0.36914074,-2.3160496,0.35467532,12.802526,95.91635,-2.169815,-10.354556,0.47516018,-2.7103453,-0.06624078,2.0853753,7.4571424,-1.7712506,1.671579,-1.0347359,0.48340845,-0.53176165,11.591297,-0.4824324,-0.059961148,-1.4967695,-13.907141,7.7411246,0.030804323,1.1665139,-0.47814992,0.42237434,-0.4506344,1.538869,-0.12949556,1.9744453,16.934114,-1.7518842,1.3786558,-2.344692,-1.6840236,-2.3048556,15.118544,-0.689948,0.02835945,-0.07458144,-1.402727,-3.516849,-0.8908563,-11.567044
1.8104444,-0.035081733,-1.552324,-1.7332954,-0.77042055,26.45054,84.777626,-0.7268257,-9.926102,-0.30493715,-0.74871844,-0.08208631,-0.6904481,25.304752,-1.4554311,1.6204805,-1.1927953,0.83883864,-0.7227254,9.986117,-0.8775731,2.3372717,0.20232803,-11.702673,17.231,0.11012199,1.0972748,-0.5049436,0.3476529,-0.10019814,-4.19158,0.018369658,1.5386746,10.717426,-1.182654,1.2349842,-3.4622588,-1.7465246,-0.005601982,12.240127,-0.48571104,-0.81144375,0.28201842,-0.38663772,-3.385565,-0.882399,-9.529154
0.9650492,-0.17314334,-0.41713718,-1.9807438,0.49704197,26.083662,77.03599,-1.505669,-10.068394,-0.7885789,-0.56455207,0.03247287,-2.9078472,24.90677,-1.4428878,1.5825309,-1.190057,0.8253461,-0.9758753,9.017739,-0.94174266,-0.11362647,-0.61901957,-11.518177,20.654955,0.31386527,1.2688541,-0.5334268,-5.831647,-1.7782767,-4.3427267,-0.7983204,-0.13611095,10.146874,-0.22686143,1.0006481,-3.0912755,-1.7283295,-1.1082026,10.906895,-0.4679338,-0.87604994,0.27992743,-0.32186458,-2.7947562,-0.8957221,-9.498877
1.2356207,0.19124548,-0.39678255,-1.7692642,0.71702814,26.031599,77.72152,-1.5600169,-10.668762,-0.9279243,-0.59879124,0.19142008,-1.774058,24.246477,-1.3223305,1.3227776,-1.1548876,0.81716114,-0.936393,10.466511,-1.752676,0.24414864,-0.6119281,-11.345503,21.646439,0.39419004,1.001875,-1.079568,-4.601013,-1.7199832,-4.4072285,-0.74137646,-0.117045924,10.14717,-1.2555647,1.4186277,-3.0898275,-1.6578406,-1.187868,10.954082,-0.40396804,-0.80369174,0.7079427,-0.2350746,-2.8306477,-0.8924288,-9.30175
1.6834149,-0.23135893,-0.55155694,-1.4895307,-0.69357353,27.584827,77.428085,-1.5212837,-10.44422,-0.17294943,-0.5173601,0.110608235,-1.5212677,23.57731,-1.203349,0.622888,-1.0712692,0.47051302,-0.79271555,6.378026,-2.0671775,-0.4325396,-1.5150104,-11.639194,18.301746,0.33340192,1.0377624,-0.9655182,-4.474394,-0.1264672,-4.502192,-0.7605013,-0.49197277,13.353462,-2.5370772,3.450564,-1.7436212,-1.5539509,-0.46785906,10.435566,-0.20150264,-2.1506715,0.75991374,-0.8632985,-2.8103414,-0.45643118,-9.591925
0.765764,-0.07917615,0.25348344,-1.3003869,-0.5432475,28.777231,87.649796,-1.4669104,-8.84667,-1.5623438,-0.63603586,0.22195958,-0.19278099,10.366182,-1.7121329,1.9889817,-0.8384567,0.45994332,1.4727646,20.11493,-0.6870093,0.1177062,-0.5686978,-9.7349415,23.964542,0.13088357,1.5667014,-0.41306654,0.6592563,-0.31630105,2.225517,-0.43644723,0.16641678,13.958578,1.5726058,0.6981326,-0.3080809,-3.524831,-0.4738023,7.8711424,-0.47009024,-2.1301029,0.30770543,-7.1159196,-2.340595,-1.1584108,-5.9798594
1.9081919,-0.39804143,-0.50709116,-0.28488812,-1.142198,29.070992,87.434685,-2.1680331,-8.468864,-0.8699103,-2.5338132,-0.081339866,-1.344506,10.579931,-1.2021459,1.7072266,-0.74772304,0.45448458,-0.4366501,5.308193,-0.7665535,-0.014687165,-1.3093078,-11.0622225,24.484932,0.1867215,1.6001207,-0.38132957,0.7501948,-0.44892845,2.2050073,0.2791774,1.9722714,11.73251,0.08962047,3.9714186,-0.71475494,-0.26552877,-0.1923504,18.72491,0.09017461,-0.97683895,0.61358076,-0.86535037,-2.494971,-1.0897962,-7.593917
1.911764,1.2460659,-1.540332,-0.21958266,-0.08061887,26.1088,85.041794,-0.021909956,-10.352363,0.07756536,-1.4921263,-0.46401432,4.158905,-9.2575655,-0.6908374,3.0150478,-3.9853132,0.32325372,-0.20788246,30.616253,-1.050486,0.49721605,-0.64299726,-10.513837,11.9031105,0.095614634,2.0238063,-1.5303828,0.37152714,-0.8395239,1.3136939,-0.3074297,1.810582,2.9547243,9.834624,0.22263266,-2.7554867,-2.0795598,-0.27300727,-5.42142,-0.6867764,5.487175,-0.3514193,-4.1068497,-4.9787097,-1.0162214,-8.25111
1.0512223,-2.6564147,1.102923,0.44853446,0.62984157,29.314613,88.18211,-0.748419,-10.868395,0.6105584,-1.0259534,0.13912818,1.4846163,-9.104532,-1.429298,3.1062617,-0.99580383,0.4717544,1.1102402,30.83454,0.47837624,1.3314859,-0.3750981,-9.586278,17.96505,0.18657136,1.4881985,-2.6582403,0.2827967,-0.5736503,1.5805243,0.14007209,1.1755038,5.9073763,2.0356946,1.2367698,2.3458862,-0.019921072,-0.2166758,-7.664784,-0.6456036,-1.1880913,0.63491297,-0.66964686,-5.5626216,-0.8232818,-8.960114
1.2737978,-0.13655075,-2.1781247,-0.81875604,-0.27270418,3.513466,-1.6189803,-6.698088,-6.865149,1.088193,-0.40314972,0.54924023,0.9055542,-14.227567,-1.1829606,1.3533608,0.32844192,0.5595453,0.04697355,0.80976623,0.13853505,-0.15502983,-1.2371869,-17.41935,-1.2304727,0.33132094,1.3197143,0.17369047,-0.64865875,0.35455513,0.085622266,-1.6294847,-1.3363549,-2.6482804,-0.8982596,-0.3166743,-4.1764903,0.2608338,-0.53956366,-3.6889482,-0.5268067,-1.0749881,-0.010006522,-2.4549696,-3.9683175,-1.1928781,-13.252028
1.1927519,-0.21690167,-2.0853508,-0.62832934,-0.8601326,3.745465,-0.13058054,-6.969241,-6.743609,0.75603753,-0.36292422,0.5294833,2.8738348,-15.545973,-1.3799665,1.1865706,0.42507228,0.60110074,0.11660428,1.6692914,0.27729192,-0.19444074,-1.5884907,-19.427116,-1.1847901,0.30413172,1.6466817,0.09607453,-0.5400581,0.011988396,-0.12830766,-1.7236774,-0.75558734,-3.0976732,-0.9781907,-0.14233202,-2.2786095,0.5190909,-0.5915391,-2.8697777,-0.4734118,-1.2829733,-0.06981283,-2.4767454,-5.015992,-1.207788,-14.763636
1.154792,-0.02314682,-1.7152861,-0.48198706,-0.82460475,3.1987627,-2.6106231,-7.421557,-7.0658665,1.7694741,-0.5913398,0.4554108,1.2785168,-13.544144,-1.6033348,0.84504217,0.424538,0.5799413,0.04108053,0.4236634,0.14697465,-0.08617101,-1.9288082,-17.61449,-1.5353327,0.13530049,-0.33852702,-0.24569544,-0.59409565,0.13579729,0.33795196,-1.0938386,-0.86216295,-3.9592435,-0.5469526,-0.5962134,-2.5283432,0.37378907,-0.53459626,-1.9015098,0.4846675,-1.1202433,-0.11121262,-1.9511962,-4.1213217,-1.1736151,-12.952829
1.1797297,0.21263212,-1.6232497,0.183635,-1.1866467,3.950337,0.6494258,-6.936165,-6.461162,1.0027957,-0.37362185,0.49399582,2.4026594,-15.256026,-0.9210824,0.9446092,0.5358032,0.61675316,0.17457782,0.6798624,-2.2536092,-0.6976654,-1.648121,-18.821966,-0.9369338,0.44394532,2.0326877,-0.013026505,-0.23675802,-0.040838204,0.47058186,-1.7230335,-1.0889844,-2.0686667,-1.0052334,0.024081254,-5.0940495,0.009660549,-0.44179687,-2.8146584,-0.4466133,-1.223088,0.10326671,-1.6148143,-5.0286293,-1.0546006,-15.152655
1.2618636,0.24989907,-0.9850819,0.36489913,-1.2658598,4.5823426,0.60771847,-6.7609982,-7.634935,0.71080863,-0.40968972,0.5776019,1.398544,-15.762936,-1.1065373,1.0080377,-2.1338775,0.56057245,0.40957427,1.971232,-3.165847,-0.1422844,-1.8219008,-17.717264,-1.0065466,0.2275181,-0.5354619,0.08689809,-0.17305313,-0.028932886,0.45030633,-1.6069994,-0.6878025,-2.0834007,-1.0962209,0.23563594,-1.4944501,0.42447454,-0.17870854,-3.4878495,-0.073078,-0.90995324,0.096166804,-1.9663912,-5.2671247,-1.0344173,-14.57885
0.60497266,0.07523056,-1.6181493,-0.42222854,-0.90396327,2.6233826,-0.5413328,-6.6937695,-6.0246525,0.01813679,-0.46795914,0.37905616,1.1392671,-14.616198,-0.933953,1.7909011,0.5423161,0.65258074,0.060283303,0.34274915,-2.1927633,-0.031663503,-1.9423183,-18.188417,-1.2061257,-0.035945125,1.6514727,0.017931474,-0.1979094,0.044008575,0.62409717,-0.71316063,-0.27465227,-3.5463,0.21735723,-0.14298765,-5.916147,0.017191961,-0.3025059,-1.8738697,-0.6977298,-0.9487921,0.08887183,-1.2639891,-4.9547753,-1.0320804,-13.291789
0.48686075,-0.13048968,-1.7748202,0.34678075,-0.73082125,4.1021175,-2.3353415,-6.055097,-7.1668124,0.6906897,-0.7879047,0.4134742,2.212829,-13.176447,-1.5260745,0.8488328,0.35351238,0.58680564,-0.0763667,-0.09110074,-1.404522,-0.106281936,-2.0714958,-18.342745,-0.8139189,0.024608959,1.5989579,-0.05053138,0.061421685,-0.4227993,0.45866466,-0.93389094,-1.2906978,-1.3976581,-1.208392,-0.6214256,-0.9687703,0.31001583,-0.7715619,-1.8092568,-1.4315504,-0.9469717,-0.08991298,-1.534297,-3.6799707,-0.80493444,-14.010953
1.2450789,-0.08153311,-1.5220563,0.39524174,-1.2837784,3.7559395,-0.5111833,-6.290716,-8.194394,0.32477868,-0.47937202,0.43676892,1.7547318,-15.208707,-1.6455487,0.81719965,0.37859464,0.16025859,0.08650271,0.23621695,-1.4120023,-0.06578336,-1.8042063,-17.387712,-0.91312003,0.049908128,1.2877247,-0.0380244,0.06784731,-0.5321411,-0.19037059,0.7799738,-0.73516214,-3.073634,-0.38921282,-0.43404028,-0.60520107,0.40109932,-0.92194843,-2.449217,0.41943586,-1.1679895,-0.10465141,-2.3246422,-5.1344566,-0.74806106,-16.669323
1.3413053,0.07955436,-1.5685519,0.35258335,-1.4261527,3.486445,-0.41799295,-7.472455,-7.948806,0.42896068,-0.70704746,0.21371372,0.9002762,-16.039759,-1.625496,1.804095,0.38278008,0.6535567,0.54779893,1.892751,-3.6264434,-0.9919718,-1.9505427,-17.783361,-0.6326562,-3.5317513e-05,1.9562231,0.012565455,0.35564396,-0.7835061,-0.36084053,-0.56700367,-0.64080644,-0.4967468,-0.5502164,-0.039413773,-4.2852683,-0.23575358,-1.0372338,-1.5491854,-0.25859493,-1.4429884,0.040315073,-0.96562016,-3.4529378,-1.1377425,-14.43139
0.4891213,-0.36196253,-1.5574424,-0.6395336,-0.85452044,-0.6546833,-5.3898954,-6.2452245,0.4456735,-1.4169316,0.19472171,-2.1415942,-0.32200748,-13.49642,-2.2196953,0.3625033,-0.051371545,0.7507201,-0.94902307,-1.1572762,1.1459861,-0.7489635,1.119855,-18.588087,-2.7891164,-0.78880113,-0.5000737,-0.21410452,-0.6961422,-0.55694145,0.3772883,-1.1447899,-2.4711893,-3.7077131,0.056731634,-2.8599572,-4.041838,-0.80464077,-0.3460386,7.8925543,-0.4019211,-0.92900825,0.08494843,2.5474653,-0.7763692,-0.72546613,-14.551467
-5.635317,0.3391498,-1.5458866,-2.1367896,-0.5022235,-8.519261,-11.664029,4.4316645,-3.1686738,-1.012697,0.8770203,-0.9098758,-1.7525008,-1.159828,-6.3993893,-0.77061665,-1.1510006,-0.09605401,0.34069598,0.006199797,25.100584,0.065456025,-1.2006899,-7.4010477,-3.6198642,-0.80721253,-0.7583082,0.19089283,-0.37647107,-1.1260201,0.6243127,-0.6347768,-1.098086,-6.542457,1.526572,-2.9421983,10.892352,3.7309508,-1.7017347,8.422614,-0.20975967,-1.2317457,0.31112385,2.323677,5.081126,0.3181822,4.543439
-4.384139,-0.1699066,-1.208406,-1.3935829,-0.12748213,-8.239551,-13.579629,-4.5327744,-0.7779923,-0.8605294,0.8756795,-0.9802179,-1.9011426,-0.66346824,-6.7542324,-0.7246847,-0.19388105,0.055346973,0.44250327,0.48476487,28.172352,0.1343229,-0.66701096,-6.9597793,-3.4820697,-0.68849945,-0.40770623,-0.1855851,-0.27402285,-0.7591402,0.44446307,4.795741,-1.7788191,-6.7686167,1.4734223,-2.6991003,11.417004,2.678338,-2.01193,9.557027,-0.15896058,-1.25155,0.16827153,0.67748296,1.6558172,0.1675564,4.4132915
0.68658537,-1.1912946,-1.0760398,-0.55394083,0.43527386,0.97490287,0.39462063,21.381584,35.130882,0.3997605,0.7580305,-1.2872542,-1.1204886,33.83268,7.404187,1.0858645,3.6843514,-0.7995608,-0.48053682,0.7597442,20.610922,0.5083779,12.914988,44.018833,7.6228385,-0.41654688,0.2036404,0.0825109,-0.30795193,-0.46305725,-0.03711439,9.525727,0.16057307,2.4632912,1.4355088,-0.6110526,20.041363,2.7204065,7.8429713,10.235166,0.9757663,1.4753822,0.53513765,0.9688585,7.4212885,-0.3908234,20.16586
0.52019954,-1.8162992,-1.066247,-0.9215478,0.16232802,3.41922,0.3685988,20.85113,35.515266,0.42009503,0.81252575,-1.560045,-0.85662264,33.39188,10.537905,1.3171054,3.703958,-0.9252662,-0.31286293,1.0479608,19.183786,0.35059676,14.197184,43.17889,2.0633864,-0.4805666,-0.18756047,0.0009650695,-0.28246385,3.6008627,-0.23474078,9.63476,-0.56524616,2.1833043,1.6441307,-0.80718476,20.9893,2.7527246,7.526209,10.604721,0.9049336,0.9188651,1.0148833,0.9701805,7.3602276,-0.3544043,19.968452
0.84146065,-0.11233565,-1.0308648,-0.7294259,0.564838,1.0542516,-0.5035647,21.55266,36.598587,0.78644294,0.84562325,-0.8959648,-1.6475961,22.649141,5.310676,1.2420641,4.2960796,-0.6725077,-0.32746664,0.9014859,19.39947,0.46150643,13.855357,41.656937,7.079425,-0.44867355,0.30467117,0.28472495,-0.13830398,3.5574179,-0.24264751,9.919242,0.54378897,11.053943,1.9515896,-0.6913304,20.99742,-0.9498546,6.880301,12.857863,0.8997973,1.1433508,0.8192192,2.117632,6.611476,-0.28395352,19.56555
1.1519207,-0.11284058,-3.892085,0.39578623,-0.7454926,3.3038676,-2.3405442,-8.195063,-7.549267,0.5830751,-0.34952193,0.4072762,1.0727972,-14.33733,-1.9691784,0.53319126,0.443178,0.71761906,-0.029911077,-0.024120808,0.16418943,-0.558052,-1.5687788,-17.94503,-0.787992,-0.0101692425,-1.4835615,-0.08724728,0.14026496,-1.0322206,-0.26868182,-1.4079193,-1.4727367,-4.469188,0.6571066,-0.4413943,-2.9474251,0.36790282,-0.81840116,-3.4304209,-0.25683206,-0.93582773,-0.11388391,-2.1654615,-3.4478571,-1.0863843,-14.405322
-1.0837104,-0.14043964,-6.5558763,-0.29413694,-1.1178608,3.6494577,-3.4499862,-8.45481,-6.2233906,0.16842493,0.20816973,0.52970016,0.5851018,-13.67819,-2.1070967,-0.6099648,0.3918511,0.86268204,0.02756004,-0.40551066,-1.3923674,0.029395802,-1.4246669,-14.969541,-2.5306728,0.17264013,-1.6482761,-0.08217727,0.2099763,-0.7896425,0.2970626,-1.225573,-1.5542718,-5.4102182,0.36374786,-0.15859322,-0.22939457,-0.0906003,-1.2007409,-2.938652,-0.69996244,-1.1714973,0.22098859,-2.2524884,-1.9869549,-0.83200437,-11.6405
1.5628684,-0.08357918,0.9166509,-0.109552264,-0.84759295,2.8398528,-3.7075136,-5.3053637,0.6153634,1.2118495,0.14384666,0.21050347,3.6789794,-11.258935,-1.4116385,1.3096043,0.3786965,1.1432103,0.19373345,0.9509289,3.0416863,0.1616953,-0.55649436,-14.124296,-0.2924505,0.00072661025,-0.41313514,-0.012525789,-0.10600458,-0.4548766,0.5997045,-0.8660021,-0.8645489,-1.5634221,-0.11082458,-1.0742741,-1.7075309,-0.35186842,-1.0081922,-1.3342748,8.293727,-0.8086909,0.115385056,-2.2432754,-2.6245668,-0.6721413,-9.183022
1.9159553,-0.13678756,-2.1113262,-0.15095425,-0.86846703,2.906368,-3.2461445,-5.5538735,-0.022684867,2.0858867,0.13600755,0.21641651,3.4899406,-11.0685005,-1.3081964,1.4380952,0.46382973,1.127909,0.1944051,0.7505733,2.0187051,0.17247182,-0.67397356,-13.8873415,0.1530538,-0.05307058,-0.6304375,-0.13499306,-0.12747368,-1.0858965,0.56369185,-0.8951385,-0.7753587,-1.4978917,0.37846893,-1.1585741,-1.0501457,-0.072602004,-0.7797496,-1.3146557,8.268342,-0.6470594,0.021801379,-2.2633524,-2.311658,-0.5034447,-9.803445
1.7937211,-0.050875865,0.8486922,-0.5926487,-0.815007,2.0605772,-2.32538,-5.5008087,0.5274241,1.1311479,0.15293364,0.19560865,3.9830964,-11.012602,-1.4189608,1.316093,0.3192232,1.1681647,0.22246559,0.88512814,3.0531373,0.18962106,-0.22747393,-13.879306,-0.061744723,-0.04359022,-0.50039804,-0.038933072,-0.11094268,-0.4596544,0.58634317,-0.9607445,-0.86649543,-1.517782,-0.12618841,-1.1010214,-2.4318113,-0.2997769,-0.94655734,-1.9888179,8.49382,-1.1046561,0.048212927,-1.706506,-2.5140386,-0.43141615,-9.6543865
2.8421597,-1.1107378,-0.27919024,0.5302748,2.1799114,23.853802,0.8619491,-6.1160383,2.8024704,-0.022053838,1.8926463,2.1632328,1.299504,1.4617593,-0.06575351,0.21193485,1.066646,0.08527354,1.4598505,5.773236,2.6879237,0.98963886,-0.9025489,-9.279815,1.5379251,-0.20790829,4.9888835,0.29973105,1.1728597,-0.32881787,0.563117,6.4815745,17.75401,-0.20855139,4.8191824,-0.020461848,20.968832,0.02225223,17.321184,18.050928,1.5287147,-1.6465309,1.0653095,10.653911,13.193069,0.6365135,37.68436
-2.1455638,-0.16346988,1.5163015,1.0955997,0.6080359,23.028711,-0.307935,-7.1808395,5.4570127,0.13489065,-2.3234339,2.5827615,2.5639184,-4.168101,-2.792515,-0.23577741,0.05297053,0.2666065,-2.1843905,5.2883244,2.6940057,1.0699395,-0.45060152,-10.622713,16.111767,0.9481886,4.6580615,0.18270569,0.25127155,-0.8123362,0.4906077,5.9198923,18.681082,-1.1980225,2.9287093,1.3503392,0.2785288,-0.5041944,21.456606,18.615686,0.02949403,-2.785342,1.0704594,13.929955,14.021521,-0.010216983,37.673393
2.1013312,0.13430828,1.4007897,2.7795525,-0.83097893,23.360577,11.617666,-2.9139664,7.671469,4.219694,1.036736,2.198165,3.8624618,-5.61013,0.17994247,1.3129126,-0.025288723,-0.030542623,0.052194186,5.400528,1.134083,0.8320675,-1.0394258,-9.199719,25.161623,1.0845425,-0.6031149,0.69962263,1.5221575,-1.3974698,-0.090842694,1.3718427,22.294662,-2.0944307,1.077499,0.39486918,3.3560195,-0.20466948,16.80905,23.405321,3.106776,-1.4925271,0.07467318,1.8516474,7.059038,-0.12030937,37.758236
1.5538752,0.39743894,0.2722534,4.0621824,-0.15215395,24.663729,15.112012,-4.5906615,1.5268391,-0.41656646,1.0298903,0.25147724,-0.023792597,-0.59239626,-1.4561421,0.95906496,1.1414014,0.2731536,0.81255704,-2.7744257,2.5375931,-0.09355109,-1.505958,-9.761957,22.855429,0.24045765,4.5744114,0.34624365,1.9508542,-0.49644595,0.6193702,-1.478824,14.225329,3.567899,1.430653,-1.824731,17.751331,0.076086946,15.019543,22.096167,0.059792414,-1.7358468,1.3708478,5.7846265,10.963178,0.41817892,39.573822
0.4029813,-0.25072747,1.1616484,2.7661314,-0.7134521,24.96107,14.230999,-5.004492,4.4700885,-0.06882024,0.4850873,1.4489684,2.397228,-5.119343,-1.2871721,1.1473775,0.0030656783,0.20561047,-0.92027915,2.1748593,2.1853905,0.8680815,-1.4268146,-8.752546,25.77673,0.075104326,5.0537086,0.14063576,2.1197252,-1.1531402,0.32330716,1.4477125,16.261995,-4.327327,1.6327057,-1.2095916,1.5445364,-0.88101876,14.516897,20.71186,6.031169,-1.5431192,0.61274755,12.667018,17.092438,0.06442807,38.68471
2.1254556,-0.20406765,1.2847047,2.5053167,0.14375663,20.437012,7.74594,-2.6141214,4.2168756,-0.14673659,0.8003973,1.4648764,4.242699,-6.3550134,-0.586626,0.48696768,0.029819101,0.1854344,0.9124464,2.8823361,1.7488152,0.97951984,-0.9353835,-10.260313,13.46625,-1.1414547,4.1879416,0.13195139,0.22157629,-0.7667808,0.43855655,2.471071,18.306145,-4.9218044,2.3287191,-0.467234,1.0381584,-0.4255026,21.253414,19.168226,0.09411275,-1.6048892,0.5508794,9.845442,7.5479364,-0.16950922,41.02156
0.8723241,0.52835727,0.5163875,0.5950691,3.0167012,24.634912,-2.7091947,-5.9105473,4.350383,0.4571842,3.0257294,4.8765173,0.26588184,-1.5837622,0.85726327,6.840348,1.1248606,0.3647609,1.4266652,7.727552,3.3604538,1.0823995,-1.5564088,-7.914841,0.6921456,1.7428703,6.0071125,0.33841383,1.3474448,-0.09190684,0.7528101,10.268292,20.002184,0.93476546,3.8787909,-1.0328149,5.5182176,0.015957752,20.972847,19.786772,0.33556086,-0.8050159,-0.035556518,13.500727,1.0399632,0.09848014,39.125896
3.352866,-0.11078608,7.710165,8.839841,4.1259565,23.86556,10.648001,-5.238596,-8.018139,0.7124413,-0.4377096,1.6368597,3.3717334,5.4889684,-0.2727954,4.211909,0.6606239,0.76392287,0.046149924,6.7831206,12.204832,0.27242008,-0.1325293,-8.089083,12.3712435,0.38740203,4.12096,0.41490155,0.6140793,-1.12133,0.04155795,2.7864654,7.424782,2.2078502,6.206974,0.3990937,0.28966498,0.33916232,25.89253,3.7771738,-0.15944235,26.565971,-0.35097373,-3.0439243,0.20151979,-0.79535484,29.899979
2.12899,-0.22983666,0.27048138,1.6584783,-1.1028168,5.134021,1.7648141,-7.509068,-10.3131075,-0.61722034,-0.89403874,0.06912612,3.232527,-17.441666,-1.3834974,1.1902715,0.08235544,0.53560597,-0.20078489,0.45013386,-4.897807,0.19372587,-1.332634,-19.663109,5.813246,0.20959495,0.4158929,-0.021222124,-0.064587325,-0.7987967,-0.14617193,-0.2230535,2.2412305,2.0110924,-0.05938569,0.09507981,-7.42195,-0.3928202,-0.89951885,-3.8538616,-0.16391197,-0.6723095,-0.38055983,-3.8166702,-9.3683,-1.1642778,-16.606071
1.1741189,-0.3153858,0.2534709,0.46698296,-1.10747,4.5251336,0.94620174,-6.7658076,-8.3469515,-0.8144725,-0.46961632,-0.02412318,4.0225787,-15.747924,-1.6515725,0.12636371,0.0068703564,0.5487038,0.13711777,-0.20692079,-3.3630986,0.47972763,-1.4023443,-18.818745,4.702395,0.24834867,-0.36808285,-0.021236746,-0.17204766,-0.6821519,-0.122475125,-0.31286716,2.1026707,0.78102374,-0.53633344,-0.22911306,-7.3111362,-0.31003755,-0.8886043,-4.055442,-0.2951891,-0.6979873,-0.3886721,-3.4045422,-7.4400883,-1.0759684,-17.373152
2.099704,-0.21637577,0.24145442,0.66784346,-1.1299309,4.9605813,1.2087682,-6.9001546,-9.693961,-0.9645289,-0.71726805,0.010698774,3.6848173,-16.791687,-1.4422721,1.1639469,0.041332424,0.5544049,-0.1346034,0.047342848,-3.653035,0.42258906,-1.4150208,-19.353636,5.865343,0.20156293,-0.14123201,-0.035915077,0.038894035,-0.677056,-0.07432914,-0.28118777,1.9109919,1.6271037,-0.32649383,0.013821551,-7.205173,-0.34791988,-0.70662385,-4.04374,-0.18168572,-0.6591583,-0.36029202,-3.1843853,-9.794571,-1.1390367,-17.315832
2.0990822,-0.20653197,0.2461572,0.6731213,-1.1312894,4.9548435,1.1434562,-6.842722,-9.6432705,-0.9728337,-0.7191964,-0.011662247,3.6916537,-16.778599,-1.4421276,1.1844639,0.037358496,0.56124115,-0.12731218,0.048469733,-3.6659207,0.44123167,-1.4162571,-19.352434,5.9106865,0.2026782,-0.1410134,0.030897984,0.019314475,-0.7765472,-0.2102726,-0.27386346,1.9243636,1.6317549,-0.31989127,0.010221946,-7.164624,-0.3515774,-0.7053417,-3.976091,-0.18123102,-0.6584033,-0.37308684,-3.190977,-9.792828,-1.1387749,-17.307617
2.016011,-0.17653269,0.38267043,1.2594162,-1.0820544,4.702681,3.3231776,-6.914772,-9.272831,-0.5372365,-0.5826142,0.015103838,3.8375337,-17.418785,-1.4476349,1.1762347,0.12611139,0.59029055,-0.1451013,0.051860683,-4.69714,0.5169689,-1.3217528,-19.48827,5.6639304,0.12428099,-0.09380733,-0.05512059,0.023085533,-0.8166381,-0.07399351,-0.276427,1.9716231,1.644033,-0.45814165,0.121506676,-8.956713,-0.3040792,-0.5853443,-4.858789,-0.15747216,-0.5888181,-0.36379042,-3.0456724,-9.537984,-1.1464593,-17.300146
0.6381667,-0.021973912,-3.60539,0.19774233,-0.6451114,-0.6330542,-5.0852246,-8.462672,-8.030569,-0.49121842,-0.5830994,-0.47256276,1.1268758,-16.429598,-1.7066907,1.4470333,-3.216926,0.7472722,-0.64680064,0.43736094,0.013857772,-1.1500922,-1.7394567,-17.38843,-0.13713877,-0.18565534,-0.43405527,-0.10753363,0.4022767,-0.820477,-0.19012718,-1.4970717,-1.6248113,-6.80171,-0.46525252,-0.40154317,-6.3846045,-0.6283589,-0.51595753,-3.9635532,-0.71815586,-1.158804,-0.14621498,-0.9064572,-4.349639,-0.89151335,-9.860667
1.2309858,-0.25358638,-1.7998981,-0.15132152,-0.6227618,3.9669573,-4.681999,-8.25443,-8.862045,0.07999902,-0.7328107,-0.65256375,2.0936234,-17.085754,-1.3929255,0.8472645,-2.873847,0.82667696,-0.66364986,1.3736879,-1.9187669,-0.25812808,-1.7826658,-20.069454,3.595373,-0.11090675,-0.38033158,-0.06810261,0.11604958,-1.0929484,-0.22174118,-1.3515111,-0.80398124,-4.391142,-1.4809405,-0.21258701,-7.3522067,-0.426237,-1.4522347,-3.7932436,-0.45886368,-1.0152539,-0.15056343,-1.9494181,-6.2652254,-0.59306914,-15.950548
1.1795713,-0.15303327,-1.590884,0.031188019,-0.6429188,1.5122241,-4.7267118,-8.017792,-8.968775,0.43784338,-0.87923056,-0.7346108,1.1407965,-16.836205,-1.4298234,1.0310965,-3.4626718,0.74101555,0.1277427,0.10997942,-1.1707423,-1.0681093,-1.9692247,-17.826736,3.7012525,0.07749167,-0.49552265,-0.066418834,0.23721176,-0.93063,-0.22297394,-0.9445668,-0.9431684,-4.929583,-1.5274478,-0.123474106,-7.332341,-0.4952251,-1.6957492,-4.020774,-0.509655,-1.067151,-0.06933174,-1.1013285,-6.676635,-0.649525,-14.334913
0.7361051,-0.3330599,-2.2372468,-0.22373122,-0.5951977,1.4626015,-5.5839496,-7.984294,-9.50167,-0.1692886,-0.48110998,0.119520225,1.572668,-16.132011,-1.3698604,0.07088352,0.48851997,-0.029888133,-0.6312531,0.43556827,-0.2829811,0.12196163,-1.5723828,-17.181675,3.477328,-0.11460394,-0.22639203,-0.16207731,-0.01763532,-0.9844981,-0.5613542,-1.3946803,-1.2700608,-4.06273,-1.37116,-0.3689895,-8.259617,-0.8527824,-1.9430641,-4.1603956,-1.1953793,-1.1553788,-0.19572765,-1.5222429,-6.757281,-0.6637224,-13.897582
1.2145264,-0.30802396,-1.3859276,-0.18752876,-0.73490024,3.8802567,-5.083575,-7.8617864,-8.994607,-0.31190345,-0.90357864,-0.7940587,1.5221176,-16.648174,-1.6047484,0.99564964,-2.8933878,0.7436375,0.074200936,0.4097192,-0.4040606,-1.2698319,-1.7307184,-19.963371,3.6798446,0.03646674,-0.75364405,-0.044606812,0.2684294,-0.90795255,-0.24666734,-1.1875992,-0.9820114,-3.3962088,-1.6851312,-0.18052532,-7.698022,-0.6030002,-1.9071442,-3.482295,-0.69674355,-1.1356175,-0.30228737,-1.7082618,-6.0370965,-0.63145685,-15.266542
1.3052477,-0.35872728,-1.9506679,0.16498138,-0.57291955,2.5545952,-3.5924084,-8.226197,-8.727191,-0.61279476,-0.9031256,0.169139,2.1569796,-16.733843,-1.6113535,0.9706825,0.3088778,0.5140883,-0.06692804,0.024791,-2.6578226,-1.1429847,-1.6791537,-20.038944,3.5902069,0.0772954,-0.78827447,-0.09467628,-0.03402712,-0.79679835,0.30132586,-1.6431886,-1.0566869,-4.7746,-0.85430753,-0.40311483,-6.7831206,-0.28343225,-2.223846,-4.3248973,-0.60432273,-1.1592753,-0.14292192,-1.1862699,-6.5679736,-0.37343782,-16.432251
2.3764336,-0.06780732,0.7431631,0.9140244,-0.94306827,4.8840346,-0.7831224,-5.827166,-10.678448,0.21582924,-0.78559625,-0.4121145,1.1149294,-14.633838,-2.1202695,1.2810874,-2.204875,0.20275399,0.2739127,1.5689886,-3.3586662,-1.3471148,-0.13555573,-19.257858,5.295416,0.08588676,0.6407531,-0.70008636,-0.7105711,-1.2893654,-0.21494573,-1.1430044,0.13181521,-0.38993406,-2.2583354,-0.18295757,-8.1553955,-0.09009142,-2.5718694,-3.889293,0.88921225,-1.3786588,-0.16169037,-3.130859,-9.566799,-1.0290778,-15.85908
1.0515897,-1.1089269,-0.34297562,-0.2764696,-0.08887424,3.7167325,-6.149101,-7.3040442,-13.214366,-0.82269746,-0.91734874,-0.33320144,2.3159513,-15.270236,-1.4743103,0.005386468,-2.117859,0.44070408,-0.4910176,1.208501,-5.713366,-0.8790048,-1.6640459,-18.994465,4.663571,0.005394093,-0.56549954,-0.0781555,-0.32614514,-1.1319331,-0.4718344,-1.685271,-2.6522188,-4.012403,-0.9737195,0.46834788,-5.759905,-1.3465431,-2.8302217,7.2681217,-0.6985452,-1.2205446,-0.2537045,-2.1115208,-6.3542213,-0.97912616,-17.671667
1.2351543,0.05270037,-1.4058403,-0.2396075,-1.2902294,3.7362342,0.36157274,-7.3896685,-7.6177864,0.61977106,-0.66947436,0.34201476,2.662564,-16.32387,-1.6629775,0.62639743,-2.458888,0.50548524,0.7567679,-0.092207864,-2.614894,-0.1652667,-1.6446153,-18.576483,-1.287415,0.041329183,-0.45539182,-0.07960344,-0.07379423,-0.49459258,-0.18728632,-1.9063214,-2.342557,-2.2192364,-1.1905879,-0.48214242,-5.1152124,-0.123414256,-0.69655013,-2.2355428,-0.4279191,-0.9423748,-0.058949273,-2.1955857,-5.7172356,-1.0307844,-14.279371
-0.5583323,-0.05645409,-0.5575286,-0.3943827,-1.3470972,3.968909,0.95619315,-7.877635,-7.954363,0.67695534,-0.27857783,0.39444304,2.5731368,-15.540032,-1.8899364,1.26001,0.18582697,0.41091636,0.084103465,0.32082522,-2.9956508,-1.4118283,-1.2763313,-17.963337,-1.3073177,-0.18966886,-0.65634906,0.0008067494,0.057428863,-0.52342075,-0.23036677,-1.9259785,-1.7179158,-1.5902677,-0.67390734,0.055225857,-5.776103,-0.24372423,-1.1911929,-3.156602,-0.09892206,-1.0317245,-0.04519997,-1.5552628,-4.9372115,-0.98694164,-13.861543
0.44373333,-0.03788148,-3.381964,-0.6714223,-1.4206692,3.707317,0.39713398,-6.812218,-6.800478,0.5887353,-0.45723766,-0.08205731,2.905527,-15.41064,-1.7501179,-0.49440446,0.35930035,0.5160292,0.04543084,-0.36715704,1.2151353,-0.90805566,-1.5079919,-18.548735,-1.2836679,-0.005520869,-0.45050237,-0.097654946,-0.11448045,-0.47210854,-0.1547339,-1.241906,-1.8895721,-2.1967063,-0.2961479,-0.26588354,-5.5126367,-0.2741294,-0.67934483,-2.056252,-0.4189551,-1.013886,-0.07157511,-2.6461544,-5.457313,-1.8175412,-13.796276
1.1400728,-0.2943679,-1.190287,-0.4939988,-1.6990572,3.1812062,-0.022629652,-6.9189672,-7.4853024,0.6108873,-0.6070061,0.32008907,2.7269824,-15.673227,-1.9895749,-0.14622906,0.34560066,0.6719198,-0.025684822,0.28277278,-2.0775917,0.090593375,-1.4909288,-18.845484,-1.397224,-0.040334154,-0.4546848,-0.10152947,-0.01812407,-0.46106756,-0.23008513,-1.475456,-1.5139157,-2.412899,-0.60328084,-0.03418639,-3.754415,-0.76004976,-1.1822971,-2.2014065,0.71131724,-1.152799,-0.11729713,-2.1646092,-6.41057,-1.8679854,-13.541296
1.2405125,0.087345876,-1.108238,-0.023120353,-1.3545744,4.888506,0.5808091,-8.877557,-7.4868283,0.5214142,-0.7447084,0.6040704,2.3800032,-15.669808,-1.5215641,1.229708,0.30440485,0.54652244,0.10101762,0.39769766,-3.982708,-1.371128,-1.093878,-19.302507,-1.4825451,0.060461577,-0.42060533,0.034271754,0.41685504,-0.018697167,-0.16050968,-1.3248576,-0.9456481,-1.9012372,-0.39917135,-0.21828361,-2.9865997,-0.55750746,-1.3958017,-2.3865883,-0.1665169,-1.0960792,0.09374692,-1.5791589,-6.1561995,-1.0574622,-14.535282
1.1903949,0.05376611,-0.65329033,-0.16842055,-1.5296258,4.886205,0.43546295,-8.99508,-7.6341147,0.47015217,-0.59125096,0.412496,2.7019207,-16.081926,-1.384309,1.1025534,0.30783665,0.7441137,-0.04335636,-0.11810947,-4.219858,-1.3983505,-1.2027149,-18.935865,-1.5905691,-0.044356175,-0.4534431,-0.051630024,0.4882317,-0.6278122,-0.2154822,-1.8503166,-1.0414865,-2.0934172,-0.14002514,-0.32133195,-3.5999458,-0.4852372,-1.5399892,-2.3513696,-0.079070546,-0.9951513,-0.10329773,-1.582408,-5.2065864,-0.90838474,-15.427741
1.1205705,-0.2577367,-0.39113298,0.52586514,-1.0185863,3.1423776,-4.8068037,-7.706501,-5.962488,-0.4764678,0.4350395,0.39966902,0.8209319,-14.174245,-1.4032061,1.081628,0.1464947,0.5593729,-0.20548786,0.074563086,-3.7159717,-0.62266797,-1.6788772,-17.747828,-2.684948,-0.05519379,-1.5051136,-0.1331064,-0.24059801,-0.700577,-0.22531007,-1.4153208,-2.9468248,-3.91421,0.3938089,-0.286593,-3.9954672,-1.1202302,-2.0232067,6.1352024,-0.5243041,-1.2260956,-0.16989385,-1.4563023,-4.7981987,-0.81717354,-15.129591
1.1578767,-0.1960663,0.03156316,0.007177027,-1.6708032,3.6085484,1.5307287,-8.165856,-8.668313,0.24030416,0.5604939,0.3312212,1.7554297,-15.431683,-1.3912859,1.3266445,0.13669431,0.6409354,-0.6108283,0.06628971,-6.956166,-1.596869,0.28100854,-18.212074,-1.1232902,-1.0423908,-0.60435784,-0.12923513,-0.33099332,-0.59752786,-0.18339445,-0.99480003,0.724834,-0.11806893,-0.36045253,0.7434266,-6.8922358,-0.3537471,-2.1431124,-2.4642782,-1.0566226,-1.2750015,-0.08174444,-1.187561,-5.218045,-0.5169875,-14.476443
-1.0239022,-0.23280668,0.21728703,0.31116676,-1.5478249,4.866495,1.2719806,-7.776335,-9.175817,0.39099607,-0.4551639,0.24384183,3.068374,-20.294483,-1.6055373,0.46205902,-2.3004653,0.8206326,0.4487782,1.794844,-4.3305907,-1.1616533,-0.48884314,-17.833735,-1.3392267,-0.651241,1.8605976,-0.342631,-0.069584094,-0.79853,-0.25735795,-0.88299066,0.28395715,1.7335252,-1.4514253,0.3512696,-7.44549,-0.14216918,-2.0823805,-3.4032085,-0.60955507,-1.3735512,-0.52540094,-1.256435,-2.7871857,-1.1270342,-14.162533
1.2033396,-0.2148387,-0.0959736,0.28395957,-1.3167601,4.4732637,0.8669212,-8.9695215,-3.6768067,-0.30981874,-0.65331405,0.37001768,2.3440444,-13.104367,-1.4748001,1.2936517,0.08985213,1.1878328,-0.16816528,0.42930195,-4.2480783,-0.8917012,-0.77029926,-18.195189,-1.404991,0.21243116,-0.28748974,0.0108399,0.29856047,-0.62593037,-0.26529852,0.18274355,3.0644379,-2.2408776,-1.3425133,-0.48871326,-7.510629,-0.060265634,-1.057373,-6.8235536,0.7808509,-1.2425771,-0.23162416,-3.77185,-6.4864025,-0.9892678,-14.814961
1.4347514,-0.297368,-0.059286334,0.17481595,-1.4951905,3.706095,0.0049768486,-7.791734,-4.942593,-0.70152426,-0.5586748,0.07526589,2.4701698,-14.181903,-1.8066701,0.4624004,0.07665108,0.3564094,-0.011530945,0.17672123,-3.796232,0.049832553,-1.5420502,-19.09172,-2.1208608,-0.44444036,-0.67517227,-0.01436868,-0.16584207,-0.64582783,-0.37054935,-0.09996082,2.4062734,-2.7456787,-1.7909354,-0.70695275,-7.2962394,-0.7658614,-1.2846243,-4.931745,-0.30760682,-1.367926,-0.419055,-2.8274558,-5.2813783,-1.1639142,-14.525539
1.3221685,-0.33807415,-1.0141913,0.20095843,-1.3256683,4.5162864,0.4817829,-7.7385244,-9.1098995,-0.08700455,-0.62908924,0.23063605,2.0897179,-13.867134,-1.5633548,1.1291344,-0.020243205,1.1157441,-0.26463056,1.3200043,-3.9449687,0.043915886,-1.2215054,-18.96674,-1.3044811,-0.20186946,0.5436441,-0.07617614,0.31158647,-0.994198,-0.34931573,-1.2402707,-0.65682757,-1.9761914,-0.8451378,-0.22942728,-7.2326384,-0.545844,-0.992542,-3.7380419,1.1145039,-1.3154683,-0.588827,-3.1661994,-6.564791,-1.5881202,-15.165514
1.1484433,-0.26981997,-0.03834628,0.2583786,-1.3123795,1.7723703,-0.25272512,-7.650706,-3.21466,-0.71387625,-0.42987293,0.2296139,1.0330709,-12.666079,-2.0445583,-1.2208683,0.05374776,0.968745,-0.091125526,-0.21026246,-3.2117474,0.28542697,-3.2695534,-17.404867,-2.090174,-0.10142577,-0.61988634,0.018317077,-0.100698896,-0.4816351,-0.13698366,-1.8936437,2.4678447,-2.4598389,-1.1016203,-0.6799041,-7.5462775,-0.29871324,-0.9554695,-3.5771585,4.195055,-1.000001,-0.41712993,-2.0826306,-5.3907204,-1.1157943,-12.699535
1.096808,-0.14866145,-0.19790575,0.040598985,-0.7310914,3.2302098,-1.0710204,-7.660713,-2.7682765,-0.7326244,-0.33721566,-1.1288631,2.7582798,-14.221966,-2.3068535,0.044717554,0.054898594,0.3917549,-0.79545295,0.08096954,-3.3544223,0.48713493,-1.3736529,-19.200266,-1.9979405,-0.19057143,-0.36527944,-0.0683258,-0.26558608,-0.45686117,-0.1298355,-0.7448568,-1.0395343,-2.957621,-1.8622584,-0.80841446,-7.123966,-0.4222236,-0.82828504,-3.4412403,-0.33252567,-0.9155229,-0.40474507,-1.9969585,-5.607811,-1.7625711,-13.22256
1.8065314,-0.16502225,-0.18862888,0.18877088,-0.3561281,3.4452243,-3.3325565,-7.846354,-3.6233635,-0.9497053,-0.5442404,-0.028786568,2.0134006,-13.779479,-1.9770062,-0.11452644,0.054129083,0.7279444,-0.6616443,0.17988539,-4.6280823,0.06449663,-1.3193482,-19.745613,-1.9286472,-0.15579067,-0.61746603,-0.03903452,-0.07088354,-0.6106187,-0.11927885,0.012560994,2.5540237,-3.0297883,-1.6105111,-0.6969268,-7.808412,-0.67924345,-0.83724195,-3.3061657,-0.577071,-1.0425735,-0.49463296,-2.7944355,-4.2552576,-0.58296216,-15.248012
1.5375468,-0.25485325,0.41102618,0.14295974,-0.59985477,3.2840512,-2.2984085,-7.25369,-5.0833473,-0.6137321,-0.3493279,0.21237281,3.1233008,-15.167874,-1.4861927,0.65327954,-1.4935607,0.5893123,-0.18834594,1.1363516,-3.9825907,0.03600527,-1.6168478,-18.59284,-1.933619,-0.16867039,-0.58532536,-0.077706456,-0.5030515,-0.70713687,0.027286656,-0.21914034,-0.37841773,-3.5958598,-1.1064421,-0.27617562,-7.6480775,0.0038816251,-0.6389742,-3.4421065,-0.24594206,-1.5634819,-0.55614215,-2.68294,-4.701142,-1.1434219,-14.964871
1.8835624,-0.3010116,0.2255659,-1.5003498,-1.4493532,7.611545,1.7057691,-6.401025,-9.860681,-5.098515,-0.6974391,0.11987334,2.0179176,-13.633128,-2.604264,0.372692,-1.6918756,0.80540293,-0.10709472,3.665279,-4.3811154,-1.3127115,-0.8839859,-19.428032,-1.1199462,0.16899788,0.4809971,0.029139219,0.36766514,-0.9249196,-0.20577644,0.1742856,2.107802,-0.5172534,0.5068702,-0.10584149,-8.18644,-0.19788678,-1.9809535,-5.3730073,0.12484014,-0.62536204,-0.42439443,-2.9724078,-5.6066074,-0.97532153,-18.78688
1.6930286,-0.29613072,0.14001843,1.6767155,-1.5469191,7.50028,1.0934932,-7.5808053,-10.568878,0.20259061,-1.0465939,0.06338208,3.1362586,-16.52881,-1.6233516,0.8988585,-1.4892743,0.2951746,-0.0123647135,1.7068529,-6.7505164,-1.4174168,-0.9542322,-20.392115,-1.2184483,0.1525249,0.5128352,-0.26772785,0.30086672,-1.399922,-0.52442575,-0.008483891,3.4393766,0.9456281,0.58105505,0.21795073,-6.4244237,-0.27875555,-2.2694612,-8.2532,0.6472435,-0.33243325,-0.92919147,-1.7185321,-6.6312265,-0.9803507,-18.563843
0.10265914,-0.18806183,-1.9804419,-0.13577852,-0.45819607,-0.30008593,-7.1294227,-8.825269,-0.60447365,-1.5720727,-1.7190386,-0.43342155,0.077475734,-0.8073979,-2.589383,0.16338052,0.117938474,0.12524313,0.23473504,-0.7644286,-5.2701507,0.2722365,-1.7055022,-14.722337,-3.3423922,-0.08930729,0.9219864,-0.06952031,-0.515911,-0.44360143,0.12080732,-1.1609362,-2.7096083,-8.081085,-1.8693508,-1.4057095,-6.6874275,-1.5882751,-1.3226324,5.95932,-1.1590846,-1.6084496,-1.3682994,-3.3459852,-4.49635,-0.786585,-11.749744
0.86322975,-0.40211374,-3.6074433,0.056412593,0.6423366,-0.34501162,-5.084884,-7.8312235,-8.801423,0.3818397,-0.67617726,0.074997,0.9356339,-16.339159,-1.4599801,1.8011615,0.52266735,0.6605543,-0.24699877,1.1456028,0.7515575,-0.5941361,-2.1131053,-16.649435,3.7068381,-0.004415276,-0.33491448,-0.08293151,0.07433446,-0.8593059,-0.047356192,-0.8267458,-0.37381777,-8.500338,-0.36759472,0.1662565,-7.387818,-0.09380408,-0.7747185,-3.877664,-0.53271514,-1.3833544,-0.19922274,-1.1008731,-6.1265974,-0.76178795,-12.441617
0.6584615,-0.31935498,-0.8292066,0.32384822,-0.15221255,3.450625,-4.4854484,-6.272202,-10.33168,0.41024777,-0.9240763,-0.035374258,1.6348215,-15.209373,-1.6758809,0.89207894,0.43076596,0.63701683,-0.05469676,1.5503516,-2.071399,-1.171645,-1.6490892,-18.966421,3.6709435,0.02979007,-0.3801024,0.03525029,0.4192138,-0.9123299,-0.093028344,0.57432014,2.143987,-6.138258,-0.99588704,0.07016058,-8.030936,-0.23850031,-2.3960571,-4.600377,-0.602357,-1.4706968,0.09530843,-3.2233067,-5.6537676,-1.3200642,-15.482106
1.0300263,-0.014734777,-3.566468,-0.123801365,-0.6175846,-0.30333802,-5.7438293,-7.8508515,-8.718867,0.15907887,-0.5866655,0.06912318,1.6612864,-16.29182,-2.0690563,1.3580271,-2.8980448,0.70458287,0.1139828,1.6780801,0.33984658,-1.1510217,-1.7265755,-17.02377,1.7312868,-0.02965675,-0.14587095,-0.037948407,0.08446384,-0.7120296,-0.09967968,0.39128762,1.7045033,-5.9410357,-0.38485435,-0.09440158,-7.382357,0.02612671,-1.3779619,-4.733439,-0.30719095,-1.4364403,0.06345107,-1.5689166,-5.838152,-0.7852233,-11.208057
0.87977743,0.10732719,-3.0542915,0.10791866,-0.7235503,-0.22108932,-5.245397,-6.9747043,-8.690544,0.3161133,-0.5824016,0.25172493,0.5682788,-14.895096,-1.4063277,0.37700874,0.57061464,0.78662556,-0.18081574,0.45256484,0.020383412,-1.145245,-1.9739077,-16.976189,3.825392,-0.011677265,-0.36069858,-0.021348942,0.052059747,-0.7197383,-0.1559908,-1.4040524,-1.3505166,-6.2254333,-0.23638512,-0.24823095,-6.3094454,-0.3060462,-1.7051982,-3.632254,-0.8360434,-1.0953645,-0.09007904,-1.6834289,-5.543429,-0.6658308,-12.452786
-0.86297274,-0.22592054,-3.489944,0.4501291,-0.4309181,-0.49314126,-6.5668845,-7.6907544,-7.759497,0.50791633,-0.68179333,0.6100106,1.8381801,-14.633784,-1.8556118,0.989657,-2.6610565,0.68768555,-0.74096376,0.5194788,-0.30733272,0.24849679,-1.8802778,-16.794487,-0.38882947,0.29378018,0.032912467,-0.009072874,-0.17670093,-0.5870738,-0.045259275,-1.2937518,-1.8705281,-7.0255213,0.49641728,-0.7207001,-5.3916154,-0.8686414,-1.2140807,-3.8986106,-1.1178662,-1.1158203,0.078798935,-1.2486727,-2.2164254,-0.56631994,-10.70476
-1.0424479,0.005060252,0.23485065,0.23792242,-0.6369926,-0.21530849,-3.366666,-8.370776,-9.83905,0.63045347,-0.66252166,0.1072848,0.56504,-16.635975,-1.638352,1.2239203,-2.3054724,0.8640049,0.08152143,1.565173,-2.0874462,-1.0185335,-1.6597408,-14.292891,4.130221,0.08106406,-0.6096526,-0.02767293,0.44776085,-1.0470593,-0.16974129,-0.83958197,-0.49767476,-6.38555,-1.5764464,-0.06051238,-6.7048917,0.0011094376,-2.1261308,-3.5943158,-0.7185938,-1.4967331,-0.80452716,-1.3608338,-6.0489087,-0.64060736,-12.3038645
0.8083511,0.066324465,0.31116977,0.509195,-0.9889365,2.9686477,-1.9889158,-7.3504415,-9.575544,0.53011316,-0.80442387,0.04457951,1.9069948,-17.338167,-1.9701558,1.3270508,-2.266309,0.63751435,0.14340428,1.5712346,-3.0598147,-1.0180962,-1.4253999,-18.420158,4.5889425,0.11301976,-0.49042588,-0.038472887,0.44207242,-1.1309756,-0.08550048,-0.84083086,-0.38365683,-6.0874534,-0.593571,0.33701116,-6.6991262,-0.38429657,-2.0012913,-3.5090706,-0.20810203,-1.3034272,-0.20419662,-1.3701974,-5.9316096,-1.1610544,-16.360687
0.8073044,-0.31724557,-3.7554598,-0.5166132,-0.6495347,-1.2353225,-4.767299,-7.8866954,-8.213215,-0.5672878,-1.6263556,-0.30302,0.51911485,-13.683272,-1.3587918,0.726571,-4.0186195,0.2947583,-0.6306464,0.4845566,-0.7024229,-1.3415548,-1.054614,-16.55078,3.3355145,0.2523512,-0.40279973,-0.045981757,-0.073742546,-0.83105874,-0.13056062,-1.961585,-0.87148565,-1.8142728,0.03208968,-0.13275357,-3.52435,-0.8224097,-1.3990598,-4.282824,2.4658415,-1.3642387,-0.24034499,-0.7385418,-5.747416,-0.8705805,-13.354233
2.1869109,0.02051851,0.41763738,0.4265915,-1.0118618,4.994784,3.0109403,-8.312908,-7.151635,-0.7876791,-0.62854224,0.125586,4.4870033,-16.239141,-1.3834743,0.078542955,0.093506895,0.6278604,0.027583318,-0.324997,-3.8787434,0.59862834,-1.2857573,-18.790108,4.2969546,0.1743934,-0.36725008,-0.2181762,0.2498786,-1.4797559,-0.17484356,-0.9116287,1.70328,5.4435544,-0.47645056,0.004022772,-8.3948145,-0.3159252,-0.93128693,-9.163793,-0.6594873,-1.1603652,-0.41661265,-2.952909,-8.970306,-1.075577,-15.593405
1.0647161,-0.15284012,-0.24873187,0.11256312,-1.0027084,3.6714962,-0.7727133,-7.1613326,-6.3967137,-0.8065007,-0.4658152,-0.112935536,2.276302,-12.515788,-2.0075557,-0.0122497035,0.18229893,0.34658247,0.03871783,-0.42009246,-0.27286363,0.9235749,-1.6229674,-18.807787,1.6397095,-0.013462181,-0.519602,-0.029034216,0.24101336,-1.0225244,-0.18381456,-0.8203571,2.1391234,-1.3057811,-0.39264482,-0.13827783,-7.239855,-0.35462856,-1.2084607,-4.220068,-0.3794073,-1.2650028,-0.5143465,-2.4399693,-7.4103,-1.1133443,-13.387962
1.1905229,-0.19258517,-1.087604,0.053108875,-1.6407926,2.3249505,-0.639897,-7.400606,-5.98617,-0.91857874,-0.6062636,-0.14011598,1.4801179,-12.814159,-2.1787097,-0.19128503,0.3207536,0.110151485,0.046400152,-0.035186935,-0.14778255,0.8811271,-2.1078596,-17.519451,-0.45403278,0.03940789,-1.2405847,0.02683705,-0.16518268,-0.68665874,-0.3809616,-1.6424103,0.39645657,-2.4731274,-0.32196906,-0.38187736,-6.60142,-0.26543275,-1.0813884,-1.672178,-0.8054152,-0.85895777,-0.41215986,-2.0351174,-4.6936936,-0.55442554,-12.419995
2.1425078,-0.0596574,0.34121394,0.5798301,-1.173427,4.7236094,0.9853824,-6.991654,-10.391024,0.19379836,-0.45581996,0.011701148,3.6793158,-15.900554,-1.4351895,1.1474242,0.057905607,0.5901112,-0.12741615,0.07393431,-3.3720608,0.67511517,-1.3354398,-19.266508,5.320721,0.1878599,-0.18715706,-0.4939196,0.0427854,-1.4646704,-0.1507175,-0.23465426,1.9980516,1.7278837,-0.2601882,-0.026393257,-7.3346868,-0.35105103,-1.3043072,-4.049406,-0.481517,-0.10591546,-0.43760204,-3.6046526,-9.875613,-1.144557,-16.74391
2.1298084,0.047436286,0.2014084,0.60280377,-1.1308503,7.046929,3.8359818,-7.0836167,-9.430714,-0.9145992,-0.9223949,0.03662739,3.788609,-15.836457,-1.4392124,1.188558,0.1087537,0.6084371,-0.1281114,0.035174675,-4.526443,0.47026175,-1.3244499,-19.358543,5.1524506,0.17320855,-0.22751121,-0.3164463,0.0057844124,-1.4850745,0.0513359,-0.38676888,1.8821793,1.5605521,0.06340158,-0.021760728,-8.460307,-0.302282,-1.1172938,-4.634268,-0.51345503,-0.3950912,-0.43323812,-3.1425467,-9.9268265,-1.1805066,-19.578184
1.0775452,0.05160591,-3.2960515,0.25016358,-0.5793082,-0.0029271387,-5.405903,-7.5097504,-8.436912,0.29577503,-0.53045756,0.14507855,1.059332,-16.198734,-1.2567799,1.7306195,0.64601624,0.77031964,-0.32194474,0.0729992,0.569681,-1.18637,-2.1008952,-17.677824,2.1303945,0.11997815,-0.28693902,-0.24308884,0.20184946,-0.82912904,-0.29323092,-1.3601627,-0.86367416,-5.379467,0.24154817,-0.1526732,-7.277357,-0.23215228,-1.3132814,-3.7258291,-0.6880133,-1.1417096,-0.16162233,-0.94971704,-5.814888,-0.59753394,-12.031833
1.1204537,-0.014532826,-3.1286175,0.20506053,-0.53204125,-0.014347282,-5.385789,-7.6209936,-7.7776947,0.1978787,-0.7081447,0.21573427,1.0415158,-16.193645,-1.2166731,0.70774215,0.5466358,0.7068042,-0.16611162,0.6851335,0.12046295,-1.1698385,-2.0941164,-17.46602,1.981336,0.06975763,-0.30817208,-0.08973266,0.08112258,-0.8978217,-0.18093306,-1.3645383,-0.86921746,-5.221874,0.17677031,-0.19230811,-6.763271,-0.20007582,-0.6135409,-3.7395594,-0.6732341,-1.0505553,-0.19582692,-0.920982,-5.844004,-0.6272097,-12.246738
1.4008986,-0.16577527,-3.3795068,-0.23332825,-0.692352,0.19663881,-5.4215417,-7.6956186,-8.178096,0.30409253,-0.7765741,0.18108708,0.6829783,-15.512125,-1.4497484,0.7925974,0.43748394,0.80382305,-0.11822098,0.60019606,0.3039168,-1.048607,-1.9946846,-17.634964,1.6113665,0.09911729,-0.7449014,-0.048020203,0.088190034,-1.1985338,-0.24378325,-1.4264382,-1.2197458,-1.1402018,-0.2547595,-0.35483706,-6.7968497,-0.22198299,-1.4135407,-3.8676698,-0.64321446,-0.9751418,-0.17114666,-0.94736516,-6.0557437,-0.59393954,-11.628248
1.0931098,-0.25738358,-0.046802,0.13302468,-1.0349466,3.5358152,0.02060529,-7.5117507,-6.295882,-0.75444573,-0.46451262,0.015450237,2.927546,-13.797631,-1.8282475,0.08399924,0.058527987,0.41862172,0.06916652,-0.5828986,-2.741034,0.9006048,-1.7519099,-19.045843,3.7010036,0.064145476,-0.54819936,0.0009844677,-0.04092019,-0.2906464,0.2550818,-0.82526124,2.0814757,-0.8237208,-0.6716597,-0.09384407,-6.794561,-0.15952367,-1.1319684,-3.9967444,-0.38405582,-1.2945507,-0.29521918,-2.3226473,-7.603344,-1.0670803,-15.209438
1.3491507,-0.119960465,-1.0301186,0.061793186,-0.9868808,2.649794,-2.1788204,-6.998925,-5.916506,-0.707343,-0.54435587,0.1694043,2.727407,-12.799884,-2.350306,0.15089366,0.273759,0.30397376,0.007355832,-0.17165443,-0.6015693,0.8470109,-1.9208485,-19.38364,-0.43779072,0.09083793,-0.38421467,-0.039386235,-0.17568268,-0.049878873,0.061815314,-0.9075965,2.4845147,-1.813185,-0.6743329,-0.14863199,-6.5645585,-0.22663648,-1.2184335,-4.2746806,-0.44635415,-0.9090619,-0.40914112,-1.9471378,-4.5561256,-1.4052442,-12.837995
1.9946331,-0.22512862,0.26660964,0.6721703,-1.1231325,4.882865,1.1928321,-6.888078,-9.697738,-1.0227183,-0.71866137,0.008157835,3.689123,-16.792692,-1.4459813,1.1598961,0.0508209,0.55533344,-0.12896405,0.05169828,-3.7104108,0.42181936,-1.422786,-19.353445,5.7316246,0.19196141,-0.1533447,-0.056373652,-0.073528245,-0.6827194,-0.07487121,-0.3015353,1.9083679,1.619711,-0.31308952,0.011066156,-7.2026424,-0.34446317,-0.7088889,-4.0562444,-0.17832933,-0.5118203,-0.3601832,-3.1861749,-9.794571,-1.1389129,-16.786251
2.0982547,-0.15740977,0.3864098,2.2123768,-1.216158,4.931236,0.8693464,-7.5785775,-9.348584,-0.98121876,-0.7329943,0.0064203744,3.5341144,-17.176037,-1.4500295,1.12222,0.01683464,0.52539015,-0.13722216,0.016428504,-3.8262997,0.41808432,-1.4192572,-19.701809,5.9067583,0.20160379,-0.14108373,-0.064589664,0.061134662,-0.6519207,-0.06738147,-0.22540751,1.9505013,1.5532027,-0.35663876,0.11623098,-8.005631,-0.30915737,-0.8409136,-4.089904,-0.20363882,-0.62778157,-0.34699157,-3.588342,-8.735894,-1.1341088,-17.387117
2.8765981,-0.35466415,-1.1703063,-2.0165365,0.09809848,4.7015524,9.174859,6.3625803,-2.2337017,-1.5239292,0.5535413,-0.85736597,-0.2471727,23.087097,5.3728957,0.7390728,-0.5269443,-0.3839103,-0.34351566,1.2043966,20.255566,0.61543536,-3.0259714,36.98905,-4.7623725,-0.2690728,0.0032372333,-0.07368101,0.69134176,-1.1380271,0.08728801,-0.46391454,-0.3906181,10.717197,1.6663868,3.6565142,16.073792,-0.37571913,-1.1466149,6.6594963,0.15143368,-2.1743255,0.5941296,2.6136527,10.257324,0.26131022,21.411928
2.9632003,0.4905646,-1.5125,-4.4371057,0.28351653,3.2108285,8.974503,9.818356,8.337864,-0.55319273,0.33427086,-0.6031476,0.122280486,19.561094,5.3133965,1.2298937,-0.9071489,-0.40334967,-0.47000757,-0.636761,21.030657,0.92925406,1.4952307,39.862606,-6.7275205,-0.4046916,0.4797679,0.13582617,0.30175194,0.80134887,0.12508233,6.132014,-0.18367304,13.302117,0.99717575,-0.6364946,18.551157,-0.62387747,2.936307,4.2786937,-0.68986577,-2.9750218,2.448123,1.1283302,9.412536,0.22362235,21.266783
-2.637906,0.15384161,-0.3073076,-3.3064094,0.49774572,-9.260029,7.2776585,0.91768134,-5.4379144,-1.0231322,0.76546013,0.28195354,7.301484,31.50459,-8.629723,-0.21460277,-0.89258766,-0.09289015,-0.84585387,0.36407444,16.569168,-0.33230668,2.2746785,31.284111,-3.3793795,-0.4766142,2.3297772,0.1032796,0.28777003,-1.6590952,-0.16690427,-0.33138934,4.241348,-1.8774766,1.0197971,-2.6511688,11.90192,0.21371913,0.5308794,4.484791,-2.08752,1.9240794,0.24323432,1.2676891,10.105489,0.38776255,17.203156
-2.1263928,-0.23683606,-1.400252,-1.3467355,0.8521877,-6.132942,3.113543,0.55785596,-4.602918,-1.8810272,0.650615,0.2549411,4.571422,29.50051,-6.1083264,0.52757764,-1.0797689,-0.15138534,-0.45317298,0.31564003,21.790327,-0.5433526,-2.9535365,30.10065,-3.587218,-0.15637846,2.446524,0.06311873,1.0819057,-1.532561,-0.37551376,0.13565059,2.9007857,-5.1918344,2.7512543,-1.8348536,14.914293,2.1672566,0.13185701,4.39733,-2.0017536,-1.7371196,0.640938,2.1362233,8.17877,0.5019953,20.316072
2.6406646,-0.34360147,-1.6339972,-1.6455559,0.5253514,2.9898672,10.539437,0.06398565,-3.5885155,2.7872856,0.51006216,-0.19556646,3.5431366,24.288713,-5.783415,0.06219195,-1.5837967,0.103446394,-0.9272121,-1.7228228,21.459286,0.47472107,-3.4796104,32.21962,-3.2745643,-0.27716094,0.83215606,-0.4922188,1.602016,-2.562691,-0.94683444,-2.5035222,-0.7166133,-2.8107495,1.9100413,-3.3001335,12.628053,-0.98582685,-2.2177534,2.8537712,-2.285605,-0.80674285,0.25666308,1.896572,9.2418585,0.27816296,20.279978
1.8199953,-0.3133617,-1.150908,-1.1814282,-0.40325046,-8.325399,10.447689,4.09489,-4.2700973,1.4524002,0.90601104,-0.25590336,3.6050513,31.269247,-5.885929,-0.864919,-0.95335346,-0.27590135,-0.5173137,0.44910997,21.464577,0.10594228,-1.6562728,26.641176,-3.133182,0.08055114,1.3066885,0.007399171,1.113123,-1.9394962,0.05641358,-2.274164,-1.6210712,-7.0976877,2.2119346,-2.3953245,14.313056,1.78956,-0.21990906,3.7456243,-2.7009342,-1.1637746,0.511093,1.6867718,10.56358,0.58747,18.242376
3.239978,0.13536875,-0.12114539,-1.54199,-0.25460353,-7.55449,10.403856,2.80765,-3.972298,1.669612,0.9314932,-0.5343011,2.7587943,23.848036,-7.151408,-0.1041286,-0.872392,0.006651746,-1.4421123,0.13064522,21.891333,0.031518962,-1.8284771,28.027193,-3.1798453,-0.6243535,2.5918324,-0.004070932,1.5462283,-1.7217476,-0.40575287,-2.2451472,5.0021863,-5.2814627,2.6470318,-1.6105998,14.770564,0.24268678,-2.3374274,4.643926,-2.7200189,0.18671723,0.61067086,2.1258495,10.323841,0.56679285,19.555555
1.4074206,-0.016315533,-0.21828903,0.29317054,-0.79518753,2.8204548,-1.6327688,-7.022895,-9.556244,-1.0029705,-0.84319913,0.1643517,0.7021346,-13.139016,-1.5970957,0.95841753,-2.7588139,0.32482016,-0.2539925,0.24468444,-2.7793365,-0.7076211,-1.1425108,-19.263437,4.38364,-0.024228374,-0.51377845,-0.06161083,0.3085142,-0.9690139,-0.23866129,-1.5925256,-0.8998032,-2.9281397,-2.114881,0.11377586,-7.202895,-1.0667807,-2.0248878,-3.8805156,-0.95155454,-1.0435832,-0.15767206,-2.821985,-5.901014,-1.5336496,-14.238117
1.3485653,-0.058587927,-1.0599675,0.22517791,-0.8912518,2.066515,-1.6931508,-7.42818,-9.082126,-0.7883069,-0.6513698,-0.14556195,0.7411679,-13.207575,-1.5668076,0.68133837,-3.0449054,0.19424944,-0.37235874,0.11256582,-2.7000701,-0.89832526,-1.4371849,-19.174194,3.8074756,-0.1890087,-0.28709266,-0.114579506,0.39352623,-0.7858309,-0.04998314,-1.1240302,-0.9307874,-4.914074,-1.6187743,-0.031461675,-6.4628334,-1.3697888,-1.7920148,-3.996301,-1.0772911,-0.96537334,-0.15861121,-1.805483,-5.913985,-1.1886495,-14.753487
1.4853938,-0.107467234,-1.2383227,-1.0579762,-0.52008295,0.5729768,-5.488784,-7.3335423,-8.266188,-0.8073004,-0.6137447,0.04169049,0.018539267,-12.313513,-1.3483273,0.49964017,-3.576942,0.095737,0.041092794,-0.34892005,-2.24574,-0.9034639,-1.6702869,-19.335379,3.6365259,-0.028692076,-0.37341142,-0.15883105,0.27872285,-0.87323695,-0.30726054,-1.0437483,-1.2568393,-4.458629,-1.3224952,0.55703497,-6.9278083,-0.41416836,-1.4467262,-2.0305033,-1.0785629,-0.7987957,-0.15621315,-1.2111962,-4.765836,-0.58196265,-12.192093
1.4588078,-0.26522464,-3.4985936,-0.9433401,-0.46443623,0.47380388,-5.2239113,-7.336596,-8.505236,-1.5068337,-0.8094908,-0.061798856,0.21282394,-12.294068,-1.4189466,1.1820056,-3.6072369,0.11205476,-0.32924783,-0.49374136,-0.611348,-0.6475459,-1.5819739,-18.868847,1.9301819,-0.058039937,-0.3659329,-0.079007685,0.18122014,-0.82290584,-0.060530555,-1.0785229,-1.2200385,-6.372438,-0.9360195,0.75389665,-7.1936903,-1.1877309,-1.3455883,-2.0555077,-1.1559732,-0.98167986,-0.24270931,-1.6598115,-5.1445465,-0.68056804,-11.06813
1.445529,-0.18176119,-0.8355909,-0.9295628,-0.5381357,0.3587109,-6.493933,-7.6947165,-9.078607,-0.72331744,-0.418596,-0.0117614325,-0.2636799,-12.069562,-1.2826716,0.7583597,-2.926542,0.06474761,-0.38438493,-0.3950949,-4.005571,-0.96103173,-1.6419678,-18.804216,3.4717317,-0.056189884,-0.14817846,-0.17877711,0.25936505,-0.9379799,-0.3082141,-0.9798151,-1.4734998,-6.972735,-1.3712038,-0.3661165,-7.05281,-0.6840241,-1.810594,7.3532004,-0.8703674,-1.0909588,-0.17853354,-1.3341476,-5.4021845,-0.49655765,-12.530852
1.4308366,-0.38060328,-1.2119888,-0.9154451,-0.4985013,-0.577659,-5.122593,-8.035452,-7.6934896,-1.4395615,-0.37626442,0.09662958,1.1412271,-12.432928,-1.2737353,1.2815732,-3.8927448,0.10060676,-0.21002159,-0.17134947,-1.8240045,-1.0193306,-1.3049133,-18.27525,3.4195228,-0.0054414314,-0.3612779,-0.12930743,0.33779764,-0.9597919,-0.23212668,-1.0504816,-1.1909429,-5.305918,-0.9752363,-0.6341707,-7.00797,-0.36096272,-1.3516324,-2.303622,-1.789922,-0.781459,-0.43730366,-1.7121367,-5.3050036,-0.6054605,-12.107854
1.2936717,-0.22124933,-3.4578667,-0.11394303,-0.5834294,0.09831625,-4.867559,-8.023753,-9.255844,0.1485182,-0.84747434,-0.75015926,1.1431668,-16.5009,-1.3615351,0.92802435,-3.5856256,0.7998605,-0.31550395,0.493894,-0.21271904,-1.1800921,-1.3395675,-17.86137,4.4742546,0.12683503,-0.31911886,-0.29298565,0.3815723,-1.3635522,-0.29941517,-1.155993,-1.0540805,-4.971981,-0.650734,-0.10488182,-7.1062546,-0.34401962,-1.4845123,-3.8891656,-0.9737938,-1.0867506,-0.10399081,-1.1852064,-6.468471,-0.6082196,-13.299661
1.0133455,-0.27032208,-3.4363067,0.26480636,-0.7143022,-0.3049562,-5.3060446,-8.6652,-8.405333,0.29458293,-0.6801555,-0.5312203,1.0899016,-16.61111,-2.0715146,0.9619827,0.61861646,0.6168039,0.113825075,0.040567264,0.32959354,-0.570486,-1.8464266,-17.730429,-0.2520426,-0.07006449,-0.20500767,-0.34037274,0.68371665,-1.073442,-0.2413774,-1.5893408,-1.6083825,-7.438999,0.0014617014,-0.858991,-5.945247,-1.1409217,-0.98298204,-4.8841724,-1.0370607,-1.0648124,0.31417626,-1.199045,-3.777067,-0.60024893,-12.216221
2.0862556,-0.24144424,0.009948699,0.39364445,-1.0635186,4.358103,0.09834386,-7.2645454,-7.149527,-0.62420875,-0.8946606,0.056696985,2.9487453,-14.092787,-1.5223157,-0.5496031,0.013050082,0.6274654,-0.041370045,-0.3798409,-4.2179112,0.4770348,-1.2790278,-18.329374,4.787979,0.330488,-0.29032853,-0.049889985,0.26475558,-0.8185188,-0.09825502,-0.25218403,2.1346416,-0.6190391,-0.6576587,0.08700734,-7.329084,-0.30524155,-1.0302113,-2.377008,-0.2906871,-0.68849486,-0.23637782,-2.815328,-9.588791,-1.1459908,-16.75514
1.0469736,-0.18643957,-0.5934455,0.1108525,-1.0229833,3.6984363,-0.78001857,-7.214475,-7.1779475,-0.96001107,-0.28054556,-0.13330592,3.0079336,-15.242147,-2.0153925,0.058293518,0.1434655,0.31604177,0.06676677,-0.37023047,-0.207146,0.87905735,-1.736851,-19.302328,2.1040766,0.0822346,-0.5360584,-0.06597555,-0.030693717,-0.38653722,0.22121572,0.0638275,2.6335628,0.56682175,-0.67152596,0.5912913,-7.2295327,-0.38068247,-0.96882564,-4.097807,-0.40923804,-1.3178397,-0.44574174,-2.3709795,-7.12621,-1.350174,-13.979628
2.0353935,-0.23409061,0.28739113,0.70583874,-1.0704757,4.800143,1.1149297,-7.0273614,-10.153882,-0.9783984,-0.7200406,-0.009257721,3.697355,-16.78545,-1.4488301,1.1930208,0.050145898,0.6086882,-0.1176346,0.03184262,-3.7262883,0.5295306,-1.3273094,-19.324085,5.487998,0.19233596,-0.12896943,-0.16389714,0.3299786,-0.9020921,-0.11803763,-0.34352887,1.9031081,1.6660044,-0.28125492,-0.0030985344,-7.1140065,-0.39708588,-0.71059793,-3.9849334,-0.16818677,-0.16195899,-0.36729202,-3.2424083,-9.802395,-1.1344967,-16.821684
1.9487083,-0.16984345,0.40362015,1.2892523,-0.55636954,5.1176333,1.1251843,-6.99316,-10.251046,-0.9873103,-0.7315836,0.0035951668,3.7207377,-17.076262,-1.4521655,1.1442518,0.055669874,0.606133,-0.10926947,0.1343478,-4.553736,0.5374122,-1.2771779,-19.273176,5.4260254,0.19128071,-0.14804636,-0.13758326,0.53087634,-0.9404724,-0.11324485,-0.35551903,1.9363308,1.6966952,-0.30851215,0.0691588,-7.6030197,-0.3122452,-0.71716565,-4.205696,-0.5370538,-0.08666646,-0.37352782,-3.237024,-9.899311,-1.1268064,-16.708878
2.3253798,-0.060659017,0.26201057,3.4812672,-0.46904075,7.271065,3.1515834,-6.640456,-9.659269,-1.0599211,-1.3231235,-0.03948914,3.4877539,-16.517143,-1.4965277,1.0727121,0.116936535,0.60167664,-0.13339923,0.05879514,-5.5205774,0.386586,-0.93805057,-19.222145,5.0323567,0.20281403,-0.25501728,-0.120149605,0.36220396,-0.8426281,-0.20356463,-0.2844295,1.7368649,1.2612014,-0.064486295,0.19241586,-8.736958,-0.29938778,-1.1050941,-4.2552524,-0.45179197,-0.39648557,-0.41077256,-3.316825,-8.636954,-1.0298312,-18.945389
1.3600718,-0.16596986,-1.0920373,0.31738085,-0.89036703,3.599136,-2.2139502,-6.8393188,-5.904657,-0.7098069,-0.38813922,0.18197599,2.6652467,-12.890194,-2.4905398,0.15774825,0.2870141,0.25877553,0.0065190555,-0.17843692,-0.4485349,0.83671594,-1.9321815,-19.223581,-0.6116749,-0.0043266546,-0.40285426,-0.062332585,-0.17816533,-0.021834465,0.22191475,-0.8385744,2.1209471,-1.7147741,-0.59530365,-0.08315083,-7.18075,-0.1868492,-1.275762,-3.7078102,-0.45441696,-0.96645457,-0.4904392,-1.9824867,-4.64656,-1.415925,-13.901169
1.3297328,-0.14006092,-1.2546071,0.30895394,-0.84546286,3.5980444,-2.1733882,-7.5077505,-6.1350293,-0.8166172,-0.33348116,0.15946119,2.6628695,-12.680639,-2.4317546,0.09525571,0.2646647,0.28024697,0.020069212,-0.29171824,-0.5198038,0.9433006,-1.8780484,-19.26886,0.09053223,0.016039062,-0.27797753,-0.04027972,-0.16315995,-0.1831097,0.2765318,-0.8218616,2.2918837,-1.7967151,-0.6052467,0.040969234,-7.2694793,-0.2503162,-1.1473802,-3.9296603,-0.42801902,-0.94966173,-0.4760725,-2.0102353,-4.66993,-1.4016,-13.75506
2.2098267,-0.23612219,0.25276768,1.503515,-1.2406603,5.193036,1.6896143,-7.621624,-10.133675,-0.60404027,-0.68831545,0.09739496,3.3131435,-17.492435,-1.3955188,1.1631328,0.087312356,0.5333628,-0.19750126,0.42135444,-4.6764317,0.20780681,-1.3292894,-19.776506,5.6924205,0.22868471,0.47317436,0.025260974,-0.13879196,-0.6514976,-0.07843078,-0.28506872,2.185669,1.8898568,-0.1837377,0.09337308,-7.5194383,-0.29721487,-0.91189426,-3.8506343,-0.1535264,-1.1289834,-0.3509095,-3.4681203,-9.269609,-1.1628267,-16.795048
2.0660765,-0.29152173,0.27312678,0.6672182,-1.1084919,4.7696195,1.2923098,-7.320271,-8.583919,-0.7373361,-0.4996209,0.018454734,3.800133,-16.759815,-1.454908,0.6021801,0.043763053,0.52400607,-0.17282605,0.030996608,-3.3345702,0.4405358,-1.3773073,-18.994194,5.5461974,0.23044196,-0.3167981,-0.051034156,-0.20433526,-0.37931174,0.28183964,-0.065507464,1.878223,1.623654,-0.5166678,-0.37829262,-6.8965545,-0.29819426,-0.82501835,-4.3222384,-0.20855758,-1.3526137,-0.38759154,-3.7745228,-9.207801,-1.069494,-17.154745
2.098761,-0.22157869,0.24204679,0.6681913,-1.1295942,4.9598384,1.2057785,-6.881445,-9.737128,-0.9650753,-0.719206,0.0084693255,2.5033941,-13.25763,-1.4384441,1.1638684,0.05020361,0.55691886,-0.1326497,0.04714571,-3.6382775,0.42227176,-1.4167815,-19.324226,5.865328,0.20134066,-0.13336928,-0.040480733,0.057371788,-0.6845529,-0.07413429,-0.28313488,1.9470035,-0.63852364,-0.3080285,0.004733486,-7.206287,-0.34938413,-0.7085494,-4.174265,-0.18167317,-0.6632094,-0.37639508,-3.1838312,-9.765731,-1.140461,-17.315443
1.0697727,-0.23559077,-0.99488187,0.24510953,-0.8364002,3.938442,0.7251391,-7.332426,-7.0741105,-1.0360118,-0.49713013,0.02892277,2.56127,-12.770049,-1.7944558,0.10445306,0.2590983,0.54352117,0.03779384,-0.66130877,-2.7079594,1.0365235,-1.6508331,-19.439814,4.0571117,0.13765256,-0.3273858,-0.024369452,0.057128396,-0.28465524,0.35633966,0.20616926,2.4196773,-1.4995447,-0.66840434,0.0890413,-7.1468124,-0.40265998,-1.1987041,-4.3046103,-0.2797214,-1.2600502,-0.35552153,-3.4298077,-7.3759155,-1.0224373,-15.690485
-1.0217948,-0.2601615,-4.1199403,-0.18432726,-0.9454302,2.808327,-2.6422105,-7.436031,-4.6399603,0.64329463,-0.8706528,0.4843483,1.1411176,-14.04554,-1.9347706,0.24450415,0.35490257,0.8469281,0.37779254,-0.35496947,0.1125777,0.08880426,-1.619639,-15.111573,-2.0204952,-0.20124926,-0.38928473,-0.09459887,-0.17454106,-0.6300582,-0.094707705,-1.1688935,-2.5587282,-5.0332603,-0.41556746,-1.3270617,-3.0560803,-0.3208665,-0.88718766,-2.3786771,-0.4296771,-1.3342403,-0.7933228,-1.0712662,-4.3121557,-0.9184049,-13.094717
1.096238,-0.055714313,-1.4208722,0.46043274,-1.2607495,3.8902466,0.43454823,-6.9958115,-7.4127083,0.67338955,-0.4115352,0.43170708,2.7434015,-15.934821,-1.618836,1.0057334,0.38270378,0.62921584,0.07218707,0.23878394,-2.6358368,-0.7761448,-1.5535465,-18.128647,-1.4425952,0.07034272,-0.4672809,-0.074230924,-0.047260225,-0.51276994,-0.13928305,-1.9101981,-1.2733598,-5.1933846,-0.51120955,-0.24690783,-3.6520588,-0.63174045,-1.0828267,-2.5573986,-0.2986222,-1.0934947,-0.09808062,-2.1450353,-6.1569195,-0.8494344,-15.04479
1.0966153,-0.05911895,-0.85208535,0.4196836,-1.2719305,3.9329984,0.43924153,-6.992773,-7.389711,0.70862985,-0.4127987,0.38685262,2.7318506,-15.822503,-1.6511171,0.99565417,0.39281502,0.6372803,0.1008885,0.24227896,-2.5209734,-0.79005045,-1.5839396,-18.920008,-1.44135,0.03325201,-0.5061033,-0.011730752,-0.07146428,-0.48653927,-0.14881793,-1.8364466,-1.2134469,-4.056092,-0.6888621,-0.24155872,-3.6035538,-0.49303305,-1.0821441,-2.528365,-0.34755802,-1.0524828,-0.071046844,-2.1706867,-6.2541804,-1.0819755,-15.0899725
0.45460454,-0.24224731,-0.78088593,-0.13557392,-1.4669397,2.9843068,0.10671746,-6.9011393,-7.7867393,0.6628973,-0.5911645,0.42569217,2.8000524,-15.821871,-1.5786294,1.1082592,0.35093382,0.6725342,-0.0025250653,0.28293955,-3.1927443,-0.81381094,-1.4503785,-19.128098,-1.5611647,0.05104166,-0.43196324,-0.057514977,-0.03418286,-0.5326082,-0.20407818,-1.6066827,-0.89539385,-4.1503887,-0.6043096,-0.13146694,-3.543503,-0.56175005,-1.1590623,-0.34006828,-0.3738805,-1.144888,-0.16338253,-2.13987,-6.2059164,-1.1018649,-13.726856
2.0572095,-0.034913104,0.231376,2.7896698,-0.38699877,7.1726413,3.3756208,-6.3653717,-11.465076,-0.03909489,-2.0450115,0.09831488,3.215698,-18.483234,-1.0743604,0.4983929,0.10507635,0.43757224,0.03627018,1.6260952,-5.7054276,-0.27473876,-0.961118,-19.581387,5.2205486,0.22481488,0.71249247,-0.0039439253,-0.23657498,-0.8637586,-0.060418464,-0.09974244,1.6879609,6.366802,-0.5503024,0.10368896,-8.645179,-0.29100034,-0.8417054,-7.3240867,-0.16819866,-0.1903662,-1.3102766,-3.9026775,-9.54053,-1.164136,-18.785603
1.1612544,-0.20886104,0.23319954,0.63719624,-1.1427081,4.7445045,1.1892269,-6.819159,-9.16686,-0.8301725,-0.49683827,0.0073043085,3.7388997,-16.711967,-1.6491919,1.1576523,0.05076396,0.5569489,-0.13135199,0.036426783,-3.4588435,0.4236361,-1.4142927,-19.439648,5.027627,0.21062866,-0.18736772,-0.12330624,-0.4060281,-0.65466195,-0.08218415,-0.036147058,1.9940258,1.6104794,-0.37961945,0.028146531,-7.083005,-0.3373283,-0.871384,-4.021303,-0.16468166,-1.3292134,-0.3859792,-3.1441283,-8.071726,-1.1434166,-17.096487
1.1898603,-0.24638847,0.23866667,1.1274686,-1.1427957,4.929709,2.2370932,-6.8547993,-9.823471,-0.63581705,-0.67883444,0.07456997,3.305104,-17.627354,-1.5863003,1.1655111,0.112981305,0.57918334,-0.19947995,0.46341118,-4.818939,0.25710472,-1.3753731,-19.251703,4.707616,0.21973825,0.35614243,-0.018157529,-0.2865406,-0.6512078,-0.090925366,-0.24558856,2.1581395,1.8721422,-0.2171062,0.09376836,-7.510435,-0.4428489,-0.8807478,-3.8763165,-0.24923058,-0.5117667,-0.38845035,-3.4960413,-8.509289,-1.0519392,-16.59435
1.9918572,0.018732622,0.33839172,2.0219548,-1.1942089,7.1921387,2.1681306,-5.6166945,-10.727193,-0.33506432,-1.6884525,0.07303129,3.2449236,-17.191813,-1.1799451,0.43846974,0.08026911,0.39010632,0.08463351,1.2990526,-4.3883333,0.046554275,-0.87118995,-19.428883,5.389454,0.22791217,0.59175926,0.016724324,-0.24823257,-0.8604782,-0.09818212,-0.43569365,1.4162621,6.040466,2.407254,0.13731071,-8.064746,-0.43138784,-1.0671408,-7.239264,0.14168969,-0.3689205,-1.3035564,-3.9802008,-9.267997,-1.035452,-18.792368
2.0841982,-0.23141444,0.049585477,0.7367148,-1.1418239,3.9839468,1.6496961,-6.093495,-9.152011,-0.9422533,-0.68542546,-0.0051237247,3.409994,-16.163656,-1.4102626,1.1911443,0.10286168,0.5654798,-0.23416427,0.04502926,-5.090032,0.27913103,-1.4101866,-19.110641,5.675943,0.21097079,-0.11967754,-0.07175304,-0.32504365,-0.6786454,-0.086407416,-0.10132531,2.156589,1.270198,-0.4781728,0.04065518,-7.165147,-0.35342035,-0.701146,-2.823612,-0.2500603,-1.3293422,-0.18851537,-3.0623114,-8.555894,-1.1631486,-16.985603
1.1559054,-0.19329332,0.3780898,0.3938566,-1.100823,4.5853643,1.285554,-6.8993278,-9.162618,-0.94246817,-0.5058939,0.023272306,3.7320461,-16.7615,-1.6301167,1.1203816,0.048542846,0.53783375,-0.13022901,0.0437304,-3.5246022,0.59068644,-1.499955,-19.732567,5.1158996,0.22642156,-0.24317582,-0.0050153714,-0.36777714,-0.68723917,0.2690246,-0.21463886,2.0594046,1.6068755,-0.32708573,0.025730804,-7.2747393,-0.3171113,-0.9409279,-3.9130895,-0.19175771,-0.6365665,-0.33207336,-3.198487,-8.0345335,-1.1391069,-17.469505
1.0060546,-0.21091779,6.1151314,-1.5355761,4.276995,5.238578,2.6133492,38.48404,5.2453923,-0.23661529,0.68857515,-0.52039605,8.316705,43.48831,10.057655,0.06002493,-0.19979425,-0.18257822,-0.012082971,0.72963315,20.599731,-3.7533567,9.046801,46.96263,1.7760452,-0.22589514,-0.16852878,0.59259063,0.23276505,-1.4636364,-0.789754,-0.5923879,-1.0762833,0.6794225,1.3922511,-1.2567346,24.503632,3.2490842,13.366081,5.9826007,-0.7799395,6.916586,0.13721812,-0.6285912,10.716417,0.365057,21.281101
2.0774834,-0.27757418,0.27444476,0.6606927,-1.0967474,4.6389747,1.133127,-6.8892365,-9.405279,-0.85794544,-0.70609456,0.006851733,3.7137575,-16.764153,-1.4500659,1.1651065,0.014912389,0.5625485,-0.17675978,0.038725443,-3.5363333,0.43857148,-1.3935504,-18.936209,5.6067977,0.20743194,-0.31846738,-0.06748458,0.095826715,-0.6930194,-0.19401586,-0.2978009,1.9375371,1.6586027,-0.47207695,-0.34254164,-7.3059044,-0.33270475,-0.84045935,-4.002958,-0.20885602,-0.72427773,-0.3458038,-3.176378,-9.254205,-1.0625134,-17.335848
1.245337,-0.24613917,0.18663035,0.45060205,-1.0428056,4.6380744,0.84152234,-6.9988565,-8.806106,-0.8303625,-0.6683123,0.007526296,3.7808719,-14.828881,-1.6628435,0.52681226,0.019776298,0.5913012,-0.10958621,0.04815144,-3.277774,0.5710141,-1.2755995,-18.906534,4.7769055,0.21158952,-0.3670943,-0.10197448,0.38537607,-1.4614583,-0.09699423,-0.37310413,1.9735622,0.88977414,-0.50152844,-0.27899447,-7.5586348,-0.31329525,-0.91796017,-4.1075916,-0.4780452,-0.68651634,-0.4267203,-3.2370386,-7.4737797,-1.0696692,-17.268734
1.1394168,-0.22587393,-1.4692042,0.13432951,-0.80567926,3.6068103,-2.7640738,-7.7461085,-6.4279385,-0.81643486,-0.54335225,0.0017275267,2.448151,-12.850349,-2.0603106,0.02041801,0.28184038,0.32153296,0.0237862,-0.2882181,-0.6430208,0.97256714,-1.5683209,-19.049314,1.8484088,0.18263902,-0.3603071,-0.012931045,0.003154025,-0.036476787,0.24706645,-0.53032833,2.1640093,-1.2809395,-0.6307998,-0.419694,-6.947029,-0.17619495,-1.1678623,-4.3711576,-0.36632794,-1.1152653,-0.42004043,-2.0358,-6.430739,-0.85225725,-13.395695
1.4025753,-0.19280146,-1.1045649,0.29924318,-0.7378966,3.5904677,-0.9386283,-7.396347,-6.3215475,-0.8238682,-0.3398629,-0.014392049,2.6808355,-13.068125,-1.9379495,0.09917487,0.26544026,0.31519842,0.053780656,-0.36759362,-0.4159124,0.90764624,-1.7461386,-19.338734,2.074674,0.09345574,-0.5948467,-0.059139103,-0.040820528,-0.25862515,0.26364303,-0.82820404,2.342312,-1.7490889,-0.6267071,0.046389416,-7.2799582,-0.20950106,-1.1758271,-3.8052645,-0.46777394,-0.97289413,-0.4742371,-2.0351684,-7.653825,-1.4087136,-14.295197
2.099074,-0.21327576,0.22610071,0.6692901,-1.1336535,4.9636226,1.2070233,-6.8467555,-9.668382,-0.96321565,-0.71768737,-0.00634672,3.683983,-16.788338,-1.4425765,1.1542007,0.03795901,0.54260707,-0.13623518,0.047082186,-3.6560934,0.41811675,-1.4166595,-19.33665,5.914599,0.20113322,-0.14075635,-0.02565331,0.019424813,-0.76674896,-0.21488446,-0.26915073,1.9189968,1.6327453,-0.31814963,0.0112501355,-7.160772,-0.35075295,-0.70635635,-4.0076075,-0.12425757,-0.65793425,-0.36798254,-3.1851943,-9.792297,-1.1390138,-17.310795
2.029289,-0.11937781,0.29647797,0.68088216,-1.0744026,5.0188093,0.8852121,-6.980357,-10.143408,-0.9193307,-0.7175634,0.0021772662,3.696749,-15.852132,-1.4406492,1.174485,0.04084378,0.6203033,-0.12119639,0.04657431,-3.706956,0.5503118,-1.3431911,-19.265842,5.5336375,0.17099977,-0.15262143,-0.2321382,0.49470004,-1.4496408,0.05534272,-0.30407107,1.8885667,1.6560303,-0.3833751,-0.009896484,-7.4648013,-0.32984883,-0.7793955,-4.0817184,-0.4802607,-0.13999227,-0.43388733,-3.2921455,-9.967735,-1.141269,-16.65197
2.0926375,-0.27620512,0.27591023,0.6661684,-1.0938312,4.627671,1.1409557,-6.8815503,-9.405447,-0.8475153,-0.7070715,0.009714551,3.711983,-16.761045,-1.447186,1.1560473,0.022750163,0.5632499,-0.164198,0.039019905,-3.6364567,0.43886867,-1.3953401,-18.942009,5.6063347,0.20660296,-0.21661319,-0.067509726,0.092738286,-0.69238895,-0.19162335,-0.26505286,1.9296486,1.6463658,-0.47509047,-0.33448958,-7.326266,-0.32530627,-0.8410546,-4.0224648,-0.20457478,-0.65027964,-0.34984848,-3.1766343,-9.254629,-1.0594962,-17.396017
2.0840018,-0.2602747,0.18084991,0.6445714,-1.0866127,4.655227,1.1151834,-6.8479767,-8.738792,-0.85977614,-0.7164079,0.009218733,3.7125218,-16.703352,-1.4487422,0.6360005,0.012582259,0.5267655,-0.17167482,0.040153403,-3.5335407,0.45299107,-1.3987473,-18.9651,5.57742,0.21356079,-0.32323715,-0.071011126,0.034291845,-0.69279534,-0.12433021,-0.2638331,1.9470031,1.671038,-0.5329104,-0.3342425,-7.334491,-0.33073154,-0.9113394,-3.9921646,-0.21117412,-0.7536405,-0.35622048,-3.173596,-9.265783,-1.0656879,-17.30082
2.126265,-0.1944187,0.27009195,0.40801427,-1.0543649,5.106295,0.9424524,-6.5689483,-9.777896,-0.9587947,-0.7204644,0.0032767078,3.680561,-16.9241,-1.4431132,1.1477673,0.04319198,0.5752636,-0.12236478,0.043907523,-3.3080502,0.4347941,-1.4589664,-19.34403,5.8506575,0.19988982,-0.15384862,-0.03739573,0.0808384,-0.6990474,-0.07227317,-0.2805938,1.9373856,1.6420406,-0.34273726,0.18287897,-7.19447,-0.3492864,-0.72363454,-4.0321317,-0.22212332,-0.6385116,-0.36057866,-3.1886487,-10.129272,-1.139716,-17.44503
-3.1471577,-0.38624454,-1.7894341,-0.81661206,-0.60567707,-5.057951,-4.000981,-9.028359,-0.6652099,-0.49985373,0.84267855,0.5454144,0.4219601,-11.340112,-4.8615932,0.25835496,0.031565595,0.12730466,0.85049903,-0.46681577,2.7883425,0.8547262,-0.032578323,-12.398828,-2.7420843,-0.25391313,0.22525358,-0.23139422,-0.52350265,0.3320986,-0.03684522,-0.91893727,-1.1580321,-3.3668284,1.5847778,0.9912069,-5.974954,-2.0736473,-0.7691218,7.4659166,-0.40843672,-0.6058348,0.123391114,-1.777752,6.690449,0.20420387,7.224121
-1.9095083,-0.5547831,-1.756847,-0.49117067,-0.5634623,-3.9666533,-4.364302,-7.0579224,0.73678744,-0.9573099,1.7418492,0.6836473,1.1611214,-11.019939,-1.0595111,0.20058945,0.119319215,0.1434511,0.55142975,-0.32620975,2.3455167,0.030704908,1.3469454,-13.18228,-1.4896177,-0.29712152,0.04149487,-0.14135607,-0.6424779,-0.038873333,0.28560254,-0.7368915,-1.1673125,-3.3494105,1.568052,-0.1729373,-4.914345,-1.1083508,-0.7527069,9.150107,-1.0015148,-1.4944075,0.12516914,-0.4127403,0.50675464,0.020399753,-0.61196566
-3.4746459,-0.5647689,-1.591739,-0.6091677,0.2850354,-4.3017297,-3.4321575,-8.853037,0.5960365,-0.8549207,1.2859254,1.0017073,0.88695294,-10.963505,-4.2974834,0.49823588,0.045019027,0.12254084,0.5490193,-0.6063905,2.6147656,0.09378203,0.79440653,-13.296333,-2.6314766,-0.17948818,0.09220157,-0.11865021,-0.3687996,-0.10343882,0.009694345,-1.0467083,-1.2244052,-1.7115113,1.4264927,1.0735414,-3.7766697,-2.350641,-1.4640896,7.412695,-1.0446088,-0.5490331,0.1418334,-0.30646697,6.915612,-0.029764557,-0.6302742
-6.658528,-0.08206167,-0.7791504,-1.3994812,-0.75510967,-3.8256092,-3.7298274,-11.388914,-0.6256449,-0.79505974,0.94330835,0.856555,-1.1484017,-6.717275,-8.040937,0.049826667,-0.10501184,0.19691516,0.6133608,-0.3374739,6.1865053,0.26555398,-0.28569317,-13.260801,-4.009673,-0.5428581,-0.5409921,0.18925735,-0.5380215,-0.060669463,0.120445125,1.7378522,-1.9177988,-3.1364932,1.862247,0.24512482,-2.9018548,0.4511406,-1.6555085,6.982917,-0.2444701,-1.4864911,0.2813945,4.6569014,8.972085,-0.014165682,8.6223545
-2.2276087,-0.4278446,-1.4325439,-0.73563296,-0.8217417,-1.9022876,-4.837556,-9.111825,1.9433078,-0.9969595,1.1101974,0.55350375,1.0826505,-10.468974,-1.1685585,0.21655153,0.07220962,0.12068931,0.77611053,-0.7227288,2.8344114,0.16346939,0.5969795,-16.205835,-1.6105793,-0.5992385,0.01310279,-0.06711893,-0.5252568,-0.49219075,0.19469501,-0.009394898,-2.3915339,-2.7581096,1.4763044,1.659353,-4.9607544,-1.5371695,0.05419016,8.678835,-0.64855677,-1.2174122,0.02312953,2.4775271,-0.7118814,-0.067375116,0.6171668
-1.3904278,-0.25099266,-1.5674005,-0.44784963,0.36423483,-4.877326,-6.899774,-7.3440733,0.3761275,-0.9525918,1.1865604,0.6572262,2.095993,-11.203696,-1.187773,0.70176274,0.099844016,0.09227811,0.425648,-0.7521632,2.6031384,0.19431435,1.3418584,-14.114554,-3.038179,0.14509583,-0.0019258936,-0.053557966,-0.46127033,-0.13829042,0.26788276,0.25650865,-1.5429878,-2.7183485,1.9899158,0.13580284,-3.9575112,-0.9483266,-1.3051729,8.347961,-0.65120983,-1.0379252,0.20599481,0.0017993324,1.0027848,-0.012839769,-0.7456867
-1.8302116,-0.48545212,-2.0690186,-0.62201023,-0.92740273,0.18297486,-7.571876,-10.608924,-0.04806043,-0.9645957,0.94477683,0.5278423,-1.3442105,-11.983223,-0.8845925,0.6812513,0.17944713,-0.4659694,0.30502638,0.36557323,2.8878052,0.16841327,-0.8006391,-15.691353,-0.7936696,-0.09973466,0.008684334,-0.0076352283,-0.52169013,-0.4418234,0.038002625,1.0507567,-1.5368242,-3.8898451,2.2860096,1.4878911,12.068782,-0.99616534,-0.22870892,8.293667,0.31985772,-1.52471,0.20175423,-0.062597185,-0.70481884,0.1707255,-2.043669
-1.9664912,-0.36666664,-1.7394327,-0.5869744,-0.16901314,-5.292781,-7.1955867,-7.506737,-1.4222751,-0.461183,0.7636802,0.6774832,2.430448,-12.79998,-3.0557065,-0.14558463,0.03869232,0.06839523,-0.10450083,1.1823592,2.8307407,-0.4048745,0.5874828,-11.933938,-0.15575236,-0.27111793,-0.23533311,-0.43619743,-0.5323125,0.038132887,-0.06519058,-1.2490771,-2.6420789,-3.2743409,1.4589862,0.07921181,11.276415,3.015844,-0.64718455,8.362367,-0.049621206,-1.3146622,0.24226457,-1.6507001,-1.991071,0.048483532,-2.027698
0.37089643,3.3217578,-1.3664888,0.07628692,-0.67117184,-2.3077729,-13.640342,-5.346092,-1.6266017,-0.835911,0.7852072,0.75949657,2.1899273,-12.308961,-0.9856213,1.3229915,0.1693256,-0.22904669,0.16801004,0.7388059,-0.36960492,-0.04669607,-0.031761326,-17.695763,0.48069167,-0.17463654,0.50402915,-0.10630763,0.28126213,-0.08158314,-0.034067456,-1.1673748,-1.3661315,-4.1069517,0.4058725,3.102986,16.482033,-0.53867364,-0.5729931,10.8498745,-0.41262805,-0.25159964,0.270271,-1.5925962,0.04680849,-0.057657823,-9.127566
2.4950309,-0.61547047,-0.19541784,-0.30810854,-0.4560969,-8.297593,-6.741345,-1.7302431,-5.149589,-1.0366269,0.35505345,-0.46538103,-1.6012254,22.385881,0.40518066,-0.7940708,1.759337,-0.09485799,0.83288896,0.33183467,19.280117,-0.055045858,-1.6340883,26.276295,-1.6997485,0.11141839,0.20504712,-0.0770345,0.008980482,-0.66415894,0.3898622,-2.0840034,-1.1337703,-4.5893517,1.8216842,-0.48150364,13.741271,-0.5216141,3.8263478,2.3015013,-2.0338101,1.7214183,0.41258684,1.4656272,6.7431855,0.17384885,11.218497
-7.133333,0.07623327,2.445567,-1.4297879,0.072041534,-13.723613,-16.967775,3.1659188,-2.5187142,-1.0382518,0.7998743,-1.0030372,0.6172002,28.713333,6.0323963,0.20772277,1.2108129,-0.83746976,0.20579907,-1.7333755,19.194674,-0.41046733,0.7237784,30.20355,-2.6799946,0.4443289,-1.2945948,-0.31565845,-0.677188,0.36986226,0.5692925,2.8062932,-1.5156128,-10.225097,0.3582398,-1.6925656,14.614177,-1.0356895,-0.30597368,4.048196,-4.955596,2.8836079,0.43227684,1.032483,6.2518697,0.051197276,12.681685
-4.291469,0.068616815,2.4786227,-1.3500676,0.15964644,-13.876921,-14.505305,0.012984589,-4.878562,-1.273069,0.90893584,-1.676828,0.42766073,30.168661,0.19112295,0.9886244,-2.2651644,-0.2864985,0.36987263,-0.286082,20.6428,-0.16246466,0.2524765,28.619099,-1.6832758,0.49937496,0.16884753,-0.14072724,-0.12924132,0.59024215,0.43031836,2.6920767,-0.89060616,-8.772677,1.667459,0.49457276,15.36844,0.06680658,-2.118583,3.8920457,-1.6248696,3.9061193,0.93524516,1.2315913,6.39146,0.19347855,11.746779
-3.004346,-0.14469782,1.7333715,-0.45215777,-0.46134913,-13.114278,-13.138467,1.1167282,-3.587753,-1.242983,0.92031276,-1.0465337,-0.049931988,24.480711,1.5695361,0.8502718,2.23814,-0.33222222,0.17795229,-0.35965237,20.182041,-0.7893052,-0.71040046,27.250658,-1.8916531,0.2159496,0.67019206,-0.3487171,0.23070213,-0.27208883,0.2937771,-0.7543054,-0.79174376,-6.862215,1.5338438,0.63345486,15.389291,-0.48034546,-1.4398347,3.8754501,-2.1310964,3.1897893,-0.31313106,1.3499333,6.7626657,0.012476275,14.779435
-1.055893,-0.54528344,-0.19524336,-0.9207705,-0.19639482,-10.821677,-6.1346517,-1.3649268,-5.277042,-1.2206341,0.546554,-0.5328444,-1.2473769,27.982372,-0.110507615,-0.37969866,0.8135845,-0.051765263,0.62947106,0.06581897,19.28973,-0.6354347,-1.6969967,23.922825,-1.9724922,0.41602167,-0.03746153,-0.17034736,-0.11054363,-0.24446644,0.53021306,-0.8965481,-0.9505212,-4.8534956,1.9731281,-0.31059036,13.436718,0.19586651,-0.14262924,3.5295727,-2.001966,3.3331537,0.61132735,1.7975612,7.5915728,0.2205322,12.883354
-2.6191587,-0.28963816,-0.24227732,0.12911312,-0.51032615,-12.398283,-10.797768,2.892936,-4.551965,-0.6872892,1.0911196,-1.0521047,-2.047976,27.78467,2.3806286,-0.6085822,0.72464967,-0.33905286,0.87592655,-0.63365906,2.4359322,-0.26267996,-1.612831,30.078707,-0.33234787,-0.072022066,0.28772464,0.1003776,-0.116562866,-0.0025608842,-0.0257924,3.2631698,-2.0955837,-5.235716,2.2614663,-0.14089215,17.406181,-0.589059,-2.141331,3.2323678,-2.0209513,7.603354,0.36099118,2.1383977,9.7495365,0.6287181,11.543186
-0.4760585,-0.5565675,0.05983248,-0.49901083,-0.39266372,-7.8332424,-6.8871746,-1.6193577,-4.1111627,-1.4014051,0.9644848,-0.18753353,-3.1594229,22.715784,0.67286336,-0.86434585,0.83681506,-0.91281134,0.8796217,0.03366715,18.829702,-0.45355904,-1.7027104,24.68995,-1.5082016,0.094081976,0.067540616,-0.30816197,-0.052409258,-0.5362549,0.28332007,-1.0636808,-1.2946504,-4.586378,1.4396813,-0.12874235,15.806447,-0.4531054,2.6767685,4.0473194,-1.601962,3.147235,-1.3346306,1.466485,7.2315626,0.2607789,12.464011
2.1086254,-0.24774282,0.23674293,1.5116192,-1.1454057,5.0107636,2.2162318,-6.908879,-10.111113,-0.66669357,-0.6867747,0.08410543,3.3000507,-17.406994,-1.3811464,1.1896724,0.08737408,0.5476594,-0.18436351,0.42224795,-4.868907,0.21645012,-1.3489572,-19.77033,5.5283756,0.19252278,0.33752775,0.013654901,-0.29983628,-0.6425078,-0.092860244,-0.29086488,2.1342971,1.8900776,-0.14695135,0.077968076,-7.499295,-0.3090119,-0.85034233,-3.7999551,-0.15482785,-0.60167533,-0.37413538,-3.4767218,-10.319919,-1.1609452,-16.607807
2.0802298,-0.20955421,0.33916402,1.281897,-1.1278191,5.109673,2.06619,-6.7820306,-9.903526,-1.0345603,-0.9029245,0.06936626,3.55477,-17.422594,-1.4079767,1.2659968,0.08728362,0.6017711,-0.14706291,0.043002818,-4.763724,0.4712912,-1.4397807,-19.331957,5.857475,0.24952002,-0.20917395,0.01039121,-0.015536367,-0.7550743,-0.07893317,-0.28634262,2.0650434,1.7918125,-0.15299398,0.040924076,-7.794306,-0.33430728,-0.72796535,-3.8659801,-0.23326617,-0.40541324,-0.3635185,-3.1841645,-9.824888,-1.1316482,-17.27018
2.0008872,-0.2315522,0.24507628,0.6620723,-1.1278112,4.833153,1.0584497,-6.895244,-9.678132,-1.0302345,-0.7234302,0.0131716905,3.693746,-16.778513,-1.3914081,1.1325642,0.05593367,0.5444276,-0.12576334,0.058500346,-3.7053003,0.44171563,-1.4145963,-19.342428,5.6645756,0.18549655,-0.1304951,-0.016568467,-0.062354136,-0.6795571,0.21487333,-0.3009059,1.9463652,1.6221919,-0.30344978,0.025879407,-7.1944532,-0.15003806,-0.7212482,-4.057692,-0.17851564,-0.512897,-0.35095048,-3.302286,-9.881256,-1.1505319,-16.829252
1.9865049,-0.22729063,0.32610056,0.6949753,-1.2358162,4.846591,1.1925044,-6.897723,-9.649447,-1.0257822,-0.7120379,0.020563204,3.690337,-16.833643,-1.4412587,1.1494769,0.055756852,0.56851685,-0.1324451,0.06394541,-3.7214477,0.4141122,-1.4272884,-19.361622,5.7975903,0.1771653,-0.19626075,-0.0074673914,-0.05061102,-0.68911487,-0.21922368,-0.28539467,1.91998,1.6265235,-0.29203513,0.009680239,-7.206075,-0.34643158,-1.0303183,-4.065896,-0.17714871,-0.4833976,-0.3576271,-3.1828356,-9.7901,-1.1441214,-16.798021
1.0840845,-0.16357172,0.2822674,0.6221248,-0.9933975,4.989833,0.6225477,-6.723393,-9.873068,-1.0339435,-0.7356404,0.0028573615,3.6747131,-16.838097,-1.6484503,1.1076418,0.056080744,0.63920176,-0.18919028,0.17018805,-3.784963,0.43732733,-1.3593646,-19.043837,4.8758407,0.20453268,-0.15900987,-0.032481045,0.14943413,-0.81368905,-0.18629588,-0.2470783,1.9274033,1.6286503,-0.30763295,0.15836413,-7.032867,-0.3500311,-0.7324242,-3.5219858,-0.21895914,-0.41729102,-0.19974636,-3.3522425,-8.305342,-1.1348307,-16.845192
2.0571918,-0.2565855,0.11906956,0.68120223,-0.87521267,4.7309003,0.0021701788,-7.2005343,-8.970924,-0.90155524,-0.510312,0.08126587,3.6763437,-15.833522,-1.527944,1.137251,0.02392508,0.61989504,-0.12501118,0.049260262,-3.318161,0.4273185,-1.4453099,-19.31849,5.77171,0.31606033,-0.13921168,-0.36700565,-0.41567457,-0.33072373,0.045429002,-0.105568536,1.8832262,1.5782682,-0.40201914,0.19119677,-7.1878653,-0.42554256,-0.65860337,-3.7474606,-0.21471734,-1.4124975,-0.5430919,-2.943117,-9.683767,-1.1231593,-17.029642
2.0557673,-0.2196513,0.36786583,1.290851,-1.1344055,5.1643825,1.9005288,-6.788123,-9.626731,-0.9544998,-0.6692641,0.058351688,3.5762846,-17.505007,-1.4177525,1.2052393,0.08746378,0.52329,-0.11496387,0.018673701,-4.547584,0.46348873,-1.4221617,-19.414722,5.6559362,0.26757076,-0.15880708,0.012235551,-0.18956178,-0.66334695,0.16164568,-0.26816842,2.179426,1.8218837,-0.239655,0.11634675,-7.866007,-0.37824056,-0.711569,-3.876008,-0.23390801,-1.1247609,-0.342127,-3.295595,-9.8356085,-1.1324503,-16.964247
2.062129,-0.38780585,0.28622964,0.6704586,-1.1451848,4.6273565,-0.01894739,-6.7658954,-8.946996,-0.8050513,-0.49359345,0.040161658,3.6797595,-15.568536,-1.4535695,1.094473,0.045267027,0.54956967,-0.12865399,0.013750829,-3.4395406,0.42245305,-1.5083017,-19.363743,5.325849,0.35706308,-0.13982198,-0.06022446,-0.19632514,-0.6984813,-0.085460655,0.028045822,2.1601956,1.6121833,-0.46094877,0.19370249,-7.4299245,-0.4402652,-1.0432518,-3.8468716,-0.20526953,-1.3452404,-0.35124534,-2.9248106,-9.4609995,-1.1300093,-16.975878
0.8562201,-0.35286555,-1.3068256,0.09437519,-1.1076826,3.549942,-0.107743055,-7.48451,-7.137479,-0.8948882,-0.61439055,0.10278828,2.7710364,-14.140992,-1.8248909,0.19754764,0.24750595,0.59250903,0.034005202,-0.5741368,-0.8145159,0.89253575,-1.7379073,-18.843996,4.5906005,0.22076851,-0.42121035,-0.0823727,-0.2623379,0.00011128509,-0.051589865,-0.59658194,2.0419517,-0.7112666,-0.8151732,-0.23480992,-6.9340453,-0.2754304,-0.9055728,-4.220033,-0.37702915,-1.2800226,-0.3194131,-1.9273956,-7.623617,-1.0851927,-15.0692625
1.1666306,-0.27965903,-0.32914516,0.5148775,-0.97810584,3.7540815,-0.16384077,-7.778143,-6.6973352,-0.6988798,-0.23780417,0.19566722,4.0779586,-15.812234,-1.6798586,0.031553417,-0.0037905443,0.5885665,0.10167202,-0.3270884,-3.2046826,0.4433934,-1.4867545,-19.01042,4.008949,0.33462337,-0.37542558,-0.0135925915,-0.31834188,-0.23865496,0.21223445,-0.5971584,2.3689535,0.7767419,-0.6634216,-0.0719302,-7.4616027,-0.0967348,-0.92950696,-3.8361678,-0.42243388,-1.3525804,-0.5059832,-1.8933105,-7.852158,-1.5372833,-15.934675
2.0708137,0.16167964,0.022333898,0.31809992,-1.1402262,5.4696875,3.6900625,-6.723451,-10.665375,-0.3371798,-1.8830203,0.21018572,3.6585612,-16.174854,-1.7746867,1.2806567,0.037765063,0.57185555,-0.14197554,-0.54370064,-4.6237874,-0.01655912,-1.2786257,-19.010881,5.2701483,0.21521066,0.45459083,-0.021688398,0.18637782,-0.88605326,-0.09163809,-0.42755306,1.7322222,5.805808,-0.33758822,-0.011333571,-7.990969,-0.28288704,-0.8629715,-7.2392545,-0.14747258,-0.5166459,-1.1755565,-3.8695397,-9.359408,-1.3107358,-15.464049
0.80961996,-0.239382,0.014255808,0.13646258,-1.3354038,3.774574,0.22067094,-6.890207,-7.9040966,0.5633117,-0.5140158,-0.029897293,3.6932976,-14.8503895,-1.8830612,0.12392189,0.07233147,0.4335581,0.02973462,-0.62529516,-2.8360438,0.8372017,-1.6239225,-19.111315,3.676221,-0.063026495,-0.5738197,-0.1267066,-0.07216045,-0.5914272,0.32568616,-0.9212925,2.3347123,0.53641397,-0.7314875,0.07409144,-7.285543,-0.27712777,-0.93846774,-3.9318252,-0.3993417,-0.9597148,-0.35452342,-3.379692,-7.0913973,-1.1031115,-14.726734
1.8353317,-0.25513047,-1.0433347,2.3285,-0.38128442,7.88806,3.660309,-6.1769304,-11.978537,-0.33606052,-2.0250916,0.0269017,3.1668894,-18.905169,-1.6768851,0.7095524,-0.03790208,-0.14654182,0.27417338,1.4276468,-6.5365176,-1.95799,-0.9924914,-19.585394,4.046011,0.16313103,1.3208494,-0.012687277,-0.18517889,-0.7639618,-0.13531783,-0.3548429,1.6349174,5.88599,-0.82486135,0.2776186,-8.897634,-0.24442925,-1.9786566,-9.565735,1.8466103,-0.4720296,-1.4599595,-5.0079355,-9.227894,-1.2967705,-18.85931
2.090743,-0.22476493,0.23389594,1.2814474,-1.1264418,7.0374765,2.1413045,-6.6768904,-10.090735,-0.9678896,-0.8965842,0.06433708,3.4246407,-17.565208,-1.4249761,1.2532544,0.10248651,0.60387725,-0.15384114,0.32107008,-4.8015623,0.43595722,-1.419713,-19.036295,5.6703157,0.2389151,0.3190906,-0.006303937,0.093400195,-0.8440293,-0.104719706,-0.2911444,2.1025069,1.8684518,0.2849003,0.042770702,-7.740995,-0.36940932,-0.88830966,-3.7591085,-0.39065534,-0.4771669,-0.3557238,-3.1799889,-10.305857,-0.94084805,-19.535412
-1.2056416,-0.26586488,0.101437196,1.0575601,-1.0857927,3.757953,0.23715778,-7.341652,-7.2392325,-0.77374256,-0.49725443,-0.0010889339,3.0495985,-14.4513035,-1.8661696,0.042303156,0.07630463,0.54589283,0.013445685,-0.5887047,-3.3503754,0.8947312,-1.6968787,-16.387493,4.3614683,0.24120998,-0.30857125,-0.014986051,-0.12829497,-0.66051316,0.23852943,-0.8712194,2.1979468,-0.7573154,-0.60335666,-0.10232128,-7.9212213,-0.24026859,-1.2215699,-4.1980104,-0.33576864,-1.3956544,-0.74500287,-2.3804324,-7.7237034,-0.59382725,-14.065698
2.0960274,-0.23481487,0.23705684,0.6676973,-1.1271433,4.965597,1.0819104,-7.064529,-9.61961,-0.8776557,-0.7182831,-0.007370804,3.6916847,-16.702986,-1.4425681,1.1595285,0.03895921,0.6092355,-0.12660153,0.03613053,-3.6477942,0.43482423,-1.250346,-19.3818,5.731929,0.19875778,-0.14936194,0.028782519,0.27525634,-0.88502103,-0.10265254,-0.24015756,1.9482576,1.6161562,-0.34826994,0.012611728,-7.077657,-0.34422818,-0.98363626,-4.0278296,-0.16352586,-0.66473556,-0.37993002,-3.1876411,-9.7884245,-1.1384798,-17.266973
2.0798428,-0.1904093,0.31593567,0.7085677,-1.0974295,4.6152825,0.48866877,-6.8490515,-9.333473,-0.9914057,-0.8124509,-0.008646426,3.6654508,-16.985437,-1.4423144,1.1664692,0.04052578,0.62553734,-0.14118204,0.0828693,-3.5652587,0.50464576,-1.3571678,-19.115843,5.6576805,0.24406087,-0.14546593,-0.06524378,0.0118762255,-0.8731389,-0.18317795,-0.14071186,1.9632126,1.6858951,-0.32924432,0.17607902,-7.036979,-0.7276233,-0.827033,-4.004371,-0.123398855,-1.2490915,-0.30809075,-2.9763124,-9.891541,-1.0294049,-16.963423
1.3841403,-0.1924376,-0.3496231,0.16666603,-0.9509906,3.5839634,-0.8340726,-7.174096,-6.1980414,-0.7158005,-0.225733,0.11473644,2.6195016,-12.809542,-2.4730582,0.043198034,0.07238824,0.3304741,0.0074771345,-0.29764754,-2.6796525,0.8635767,-1.9439483,-19.190292,-0.15874586,-0.09159243,-0.103989705,8.3735824e-05,0.09260203,-0.6451262,-0.29010737,-0.9075254,2.3738747,-1.9112368,-0.7235317,0.02015263,-5.537311,-0.59570175,-1.2631243,-5.219133,-0.4515751,-0.95545316,-0.9784386,-2.0258253,-5.1330614,-1.0749953,-14.154747
2.0496988,-0.23443769,0.17937689,4.5555305,-1.1024379,7.2550793,2.7245793,-6.2873178,-10.369062,-1.2159622,-1.6832067,0.020050593,3.3780928,-15.284823,-1.427601,1.2790954,0.108166136,0.5318945,-0.3246635,-0.08870966,-4.9839306,0.31278837,-1.4651212,-19.152294,5.515865,0.1764583,-0.44049302,-0.05021321,-0.067859404,-1.2538236,-0.064814255,-0.36794418,1.6655056,6.310188,0.039974704,0.08466444,-9.072419,-0.343273,-0.8003884,-6.9506226,-0.046749163,-0.38604003,-1.1570709,-3.3723485,-8.592327,-1.0390338,-18.441431
-0.25584617,0.010354247,-2.298229,0.32821864,-1.4359013,0.2907922,-2.4288511,5.669631,-10.042578,-1.094592,-0.25410667,-0.827397,1.2721696,-9.881163,-3.2742827,-0.5760219,0.051897056,0.11848194,-0.9911989,0.31365204,0.19675839,0.19318976,-5.8497562,-13.989337,-2.7446616,-0.073633246,-1.3039953,0.028193757,-0.19052161,0.28267807,-0.022277689,-1.2919215,-0.8895154,-3.730045,-0.30267757,-1.2061023,-5.161102,-0.2399315,-1.3465716,-2.020051,-1.1810277,-2.0942006,-0.9130169,-1.9022481,-7.32907,-0.339006,-6.11383
1.1515211,-0.19279134,0.013808116,0.3331409,-1.0270312,3.6100519,-0.15400112,-7.1016603,-7.015898,-0.73175466,-0.70932424,0.19681393,2.8144243,-12.953181,-1.7252591,0.11394552,0.051094312,0.62428886,0.047394995,-0.31460717,-2.9368732,0.6905551,-1.4339778,-18.6087,3.8311505,0.28059417,-0.34342635,-0.0847277,0.18804051,-0.90523434,0.23472638,-0.67412454,2.256086,-0.5868206,-0.56306523,-0.06615627,-7.409508,-0.27556902,-0.82829595,-3.854411,-0.39746678,-1.3585262,-0.5628349,-2.6177895,-7.7071767,-1.1465588,-15.988635
1.07089,-0.24882112,-0.05788248,0.14752215,-1.0009292,3.6093814,-0.16278191,-7.6978183,-6.318092,-0.7471142,-0.4423397,0.033685133,2.8805854,-13.798848,-1.7966608,0.09979865,0.054822903,0.5882769,0.0668424,-0.59395415,-2.8861845,0.92261827,-1.578323,-18.868351,3.5793583,0.1781313,-0.53399086,0.0035966677,0.30698258,-0.50932914,0.25819924,-0.7817122,2.0173619,-0.8280613,-0.5968051,-0.05328182,-6.807892,-0.16378206,-1.194955,-4.0810294,-0.35311183,-1.2738844,-0.2770994,-2.3613033,-7.5783925,-1.0686822,-15.22618
2.099704,-0.21637577,0.24145442,0.66784346,-1.1299309,4.9605813,1.2087682,-6.9001546,-9.693961,-0.9645289,-0.71726805,0.010698774,3.6848173,-16.791687,-1.4422721,1.1639469,0.041332424,0.5544049,-0.1346034,0.047342848,-3.653035,0.42258906,-1.4150208,-19.353636,5.865343,0.20156293,-0.14123201,-0.035915077,0.038894035,-0.677056,-0.07432914,-0.28118777,1.9109919,1.6271037,-0.32649383,0.013821551,-7.205173,-0.34791988,-0.70662385,-4.04374,-0.18168572,-0.6591583,-0.36029202,-3.1843853,-9.794571,-1.1390367,-17.315832
0.957748,-0.3406216,0.22366832,0.543928,-1.1534876,4.5974445,0.87623465,-7.035239,-9.581092,-0.8126535,-0.6712046,0.027946047,3.9724612,-14.846411,-1.6501473,0.34580046,0.016448237,0.60035956,-0.033737376,0.068216845,-3.459622,0.6668097,-1.2285955,-18.819729,4.4492793,0.2901625,-0.30668548,-0.14017268,0.48836744,-1.4117365,-0.18819332,-0.46357512,2.0888455,0.8269774,-0.51583445,-0.3182005,-7.544402,-0.31301746,-0.8507841,-4.357537,-0.61726147,-0.04701397,-0.37766632,-3.1087637,-7.2298937,-1.1818398,-16.682161
2.1600413,0.024849938,0.34990093,1.2497,-0.8544297,3.68581,-1.6066906,-7.0735545,-10.479344,-0.68482447,-0.8975359,0.080909036,3.254311,-16.392578,-1.5559508,1.3582516,0.028389903,0.60994107,-0.28733262,0.38428757,-3.6615531,0.37055477,-1.3754817,-19.267172,5.183294,0.14826374,0.34492245,-0.049553934,0.4591696,-1.2452127,-0.11737274,-0.22053099,2.4219534,1.9506538,-0.16177486,0.2307892,-8.002813,-0.3783592,-0.96958333,-3.4787853,-0.2253516,-0.2939544,-0.5683052,-3.7502215,-8.8497505,-1.1284989,-14.909827
2.0773003,-0.19903839,0.25101575,0.6715264,-1.141667,4.971387,1.011825,-7.0282784,-9.885233,-0.9568052,-0.9207887,0.0030940762,3.6919045,-16.754623,-1.3804367,1.1369091,0.014492555,0.62099814,-0.13973798,0.044807658,-3.5823944,0.47987968,-1.2466505,-19.387875,5.6528287,0.20272523,-0.17095403,-0.0370348,0.2633699,-0.81362355,-0.17966619,0.18641879,2.1881106,1.6989329,-0.39518997,0.02790956,-7.1058297,-0.13799758,-0.8657116,-4.0379,-0.19043475,-0.6742421,-0.42656392,-3.2360866,-9.986675,-1.0541039,-17.253756
1.1690651,-0.31504846,0.11802151,0.5104771,-1.1079761,4.5620327,0.95548755,-6.9126735,-8.819569,-0.83797175,-0.6656422,0.025400024,3.9683452,-15.760668,-1.6476612,0.36839056,0.051116668,0.54741627,0.06715506,0.20694987,-3.1708233,0.47035205,-1.4692367,-18.957191,4.8014703,0.25631732,-0.3867905,-0.066110656,0.05655061,-0.68383306,-0.053893358,-0.1973246,2.1375148,0.7630849,-0.56793547,-0.31948557,-7.328153,-0.3106952,-0.9164869,-4.2103605,-0.2958261,-1.3284656,-0.36124098,-3.1332328,-7.286568,-1.108425,-16.951853
2.1153789,0.09265301,0.24411838,1.9678682,-1.2440536,4.503651,1.9400891,-7.1155653,-10.474336,-0.56710535,-1.4355589,0.15270472,3.865108,-16.133287,-1.4469175,0.53186023,0.05763074,0.59032977,-0.18088439,0.16304389,-5.1127377,0.37466684,-1.264352,-19.18019,5.8189926,0.36687627,-0.1968095,-0.028264,0.404433,-0.87818605,-0.21275462,-0.0633031,2.2444851,1.0325849,-0.41116166,-0.26070058,-7.125173,-0.35343152,-0.8953229,-4.3222694,-0.34207663,-0.1452347,-0.38736874,-3.3732271,-9.810886,-1.064924,-16.573288
1.9002092,0.110185444,0.37594134,3.251589,-0.5319962,5.6660047,2.8342056,-7.6160555,-10.560287,-1.0460348,-0.8125148,-0.007595396,3.5223143,-17.095345,-1.4542835,1.1719847,0.1131671,0.56872594,-0.11919757,0.08106374,-5.7207413,0.6665423,-1.27152,-19.68775,5.210368,0.16910426,-0.21604751,-0.10549576,0.20227398,-0.9288861,-0.22961874,-0.35498965,1.8901542,1.5459925,-0.30200773,0.07865431,-9.044763,-0.342507,-1.3277997,-4.577605,-0.072464414,-0.279488,-0.37239859,-3.017919,-8.6612425,-1.1684061,-16.515049
2.0392218,-0.2023252,0.2661586,0.64707446,-0.03299656,7.185014,1.9237859,-7.091278,-10.670489,-0.8465117,-0.9301106,0.010445217,3.5575812,-18.09613,-1.4118481,1.2203172,0.10567896,-0.037945613,0.033282068,0.09056087,-5.8810654,0.42980182,-1.301732,-19.051367,5.3785453,0.20107183,-0.22325042,-0.07433452,0.37838212,-0.973472,-0.11232379,-0.3240576,2.2348623,1.8288906,0.13171065,0.33273977,-7.093807,-0.31240982,-0.69163793,-4.6390195,-0.1924391,0.0004913281,-0.45065588,-1.9911848,-9.719444,-1.0183375,-18.833796
2.099704,-0.21603484,0.24145442,0.6681752,-1.1299309,4.9605813,1.2087883,-6.9001546,-9.693961,-0.96445185,-0.7173332,0.00998597,3.6848173,-16.790972,-1.4422697,1.1639469,0.041332424,0.5549669,-0.13455725,0.047342848,-3.653035,0.42258906,-1.4151555,-19.353636,5.865346,0.20156293,-0.14132841,-0.035915077,0.038881794,-0.677056,-0.07432914,-0.28118777,1.9109919,1.6201212,-0.32050234,0.014006056,-7.205173,-0.34787852,-0.70662385,-4.04374,-0.18168572,-0.65936863,-0.36027205,-3.184326,-9.794571,-1.1390367,-17.315702
2.099704,-0.21603484,0.24145442,0.6681752,-1.1299309,4.9605813,1.2087883,-6.9001546,-9.693961,-0.96445185,-0.7173332,0.00998597,3.6848173,-16.790972,-1.4422697,1.1639469,0.041332424,0.5549669,-0.13455725,0.047342848,-3.653035,0.42258906,-1.4151555,-19.353636,5.865346,0.20156293,-0.14132841,-0.035915077,0.038881794,-0.677056,-0.07432914,-0.28118777,1.9109919,1.6201212,-0.32050234,0.014006056,-7.205173,-0.34787852,-0.70662385,-4.04374,-0.18168572,-0.65936863,-0.36027205,-3.184326,-9.794571,-1.1390367,-17.315702
2.099704,-0.21603484,0.24145442,0.6681752,-1.1299309,4.9605813,1.2087883,-6.9001546,-9.693961,-0.96445185,-0.7173332,0.00998597,3.6848173,-16.790972,-1.4422697,1.1639469,0.041332424,0.5549669,-0.13455725,0.047342848,-3.653035,0.42258906,-1.4151555,-19.353636,5.865346,0.20156293,-0.14132841,-0.035915077,0.038881794,-0.677056,-0.07432914,-0.28118777,1.9109919,1.6201212,-0.32050234,0.014006056,-7.205173,-0.34787852,-0.70662385,-4.04374,-0.18168572,-0.65936863,-0.36027205,-3.184326,-9.794571,-1.1390367,-17.315702
1.674529,-0.16107456,-0.91043556,3.4573202,-0.67925084,6.4279294,2.0074918,-7.671914,-16.330788,1.2787488,-1.2431281,-0.016302098,3.138435,-9.597105,-0.8795836,0.7826952,0.37904388,0.40502408,-0.10680053,1.8405988,-8.670459,0.45172194,0.02780583,-19.510386,2.8159566,0.22936337,0.73455244,-0.23883547,0.22140932,-1.5523324,0.046246037,0.003886066,2.0278885,-3.5049782,-0.32922417,0.312779,-8.660013,-0.5451905,-2.0534477,-5.157652,-1.0957271,6.462744,-0.5250384,-3.0658715,-9.108495,-1.0624409,-16.212854
0.64409226,0.1655252,-0.5842646,-0.8962545,0.21225485,9.128269,-1.08672,-0.8171422,-3.9193223,-2.2759874,1.0684737,-0.4081787,-1.5569077,24.521797,0.28213444,-0.37897277,-0.6185316,-0.20689137,0.555373,-0.5404276,17.850801,-1.183176,-4.60789,30.224463,-1.95538,0.06154622,0.122103244,-0.4412494,-0.6152258,-0.88551724,0.14855355,-1.3968389,-0.76129967,-4.4686866,2.3264625,-3.9885912,17.571503,0.77394754,-0.65108335,3.0599918,-2.4463024,9.011532,0.8809957,1.9131641,8.69271,1.239966,12.742524
-6.799018,-0.2815661,1.0981953,-0.99861497,-0.05807859,-14.70791,-19.837315,2.163109,1.5286585,-1.1990614,0.59240305,-1.0603667,0.8096473,29.638699,5.809164,-0.40139443,1.3750864,-1.1544343,-0.36534628,-0.6167601,19.685497,-0.57594424,3.0798492,31.8982,-3.9068925,-0.229785,0.04286995,-0.3962462,-0.5306363,-0.0033232584,0.4764248,2.7170165,-1.8050137,-8.61729,0.40745482,-1.032651,13.623857,1.8254468,0.27234277,2.9936018,-4.295823,3.6586523,0.58036804,1.2634383,6.482206,0.15077281,12.369012
-0.1669897,-0.38467327,-1.0847584,-1.3470124,-0.55283976,-9.49098,-3.8896866,-1.196216,-4.4491167,-1.3285937,0.6433318,-0.5276269,-1.7172568,29.184446,0.26095435,-0.9736478,1.15338,-0.119371094,0.7385383,0.24471135,19.751467,-0.66710526,-1.7885025,24.11689,-1.8161694,0.16968161,-0.093047336,-0.2228871,-0.15284242,-2.1530073,0.10240245,-1.0383203,-1.5187994,-7.0874515,1.7212057,-0.45165524,15.558831,-0.94739276,2.257567,2.2766447,-2.2587073,2.8080359,0.12542422,1.714679,9.081358,0.16612,11.743043
2.094129,-0.17343454,-0.612132,-0.032170884,0.033194374,2.3657496,-3.3251944,-7.2462997,-2.494649,-1.0652723,0.46876487,-0.8171639,-0.3291054,11.432557,1.9374688,-0.5319525,-0.5720682,-0.11542225,0.16508824,-0.182954,22.632652,-0.81527716,-2.4850197,27.291569,-1.2976228,0.28838855,0.16883965,-0.011358945,-0.28243914,-1.9357963,-0.5242066,-3.0674322,-0.8680309,-5.6512694,1.7467438,1.9267803,17.633844,-0.95470977,-2.2844155,4.1609044,-3.4360008,-0.5338511,0.347027,2.2868688,7.714839,0.018572992,12.737291
3.245147,-0.70312905,-3.5346513,0.105815336,-0.5596505,-5.059685,-3.1568215,3.5896332,-6.4696174,-2.3486342,0.5802864,-0.367574,0.781364,27.627274,-6.3899283,0.8416472,2.8007147,0.1345196,0.8256966,-0.29429534,0.6078858,0.42830655,-4.1538267,29.993736,-0.28782272,0.06978298,-0.20127764,-0.23240641,-0.1867759,-2.3269258,0.16246702,-2.5919588,-1.09919,-2.4113233,1.7004565,-4.8283567,16.068174,-0.74584204,-0.31245652,4.3168616,-3.045959,2.7034574,0.31158444,2.384899,8.270179,0.2555731,16.7854
-3.035282,0.30120307,2.133993,-1.7186018,-0.81282586,-15.891277,-19.135225,0.28478605,1.4708985,-1.5652336,0.5497463,-1.6628407,-2.9073627,26.743776,5.3746777,-0.41458404,1.8627737,-0.117830865,0.5683027,-1.4014744,19.798937,-0.22128676,0.51359075,28.322823,-1.0487907,-0.29480055,0.061055563,-0.16037308,-0.52565295,0.05950626,0.42712748,0.024114123,-0.70343405,-7.371363,1.1029555,-1.1160127,14.788167,2.0426178,-0.6685531,4.1104703,-1.4306635,5.5285463,0.7134893,1.4811611,7.190793,0.30958393,12.104481
2.0942655,-0.29661664,-2.485305,0.17046702,-0.6837887,1.6449544,-4.4536104,-8.2898,-10.107404,0.42618975,-1.168263,-0.90682304,0.496598,-16.574724,-1.4978896,1.6102949,-3.0085006,0.7863459,-0.014525888,1.5223094,-2.3493924,-1.2959319,-0.7452911,-17.66899,4.1567163,0.057353523,1.208225,0.008029682,0.36704472,-0.96806884,-0.16459432,-1.2859863,-1.1140646,-3.9007936,-1.4208294,-0.094509244,-7.369362,-0.8769914,-2.2433712,-3.3758092,-1.0284685,-1.3913071,0.18742086,-1.5830146,-7.820813,-0.93588716,-14.927421
1.9879878,-0.34684563,-1.6389452,-0.043317083,-0.7241295,1.2196879,-4.9756384,-8.247653,-9.360929,0.38925132,-1.2169619,-0.6722482,1.0791421,-16.828175,-1.2662901,0.6875989,0.38476717,0.5826374,-0.22803098,1.4821932,-2.0480597,-1.1754417,-1.990513,-17.721872,4.258568,0.027922265,-0.5629038,-0.04762578,0.33465827,-1.0840038,-0.20246992,-1.3355647,-1.1885542,-4.1438007,-1.163114,-0.031777706,-6.8843136,-0.67710775,-2.1440616,-3.9360523,-0.725404,-1.315043,-0.16555469,-1.7263194,-7.9689307,-1.2233155,-14.412923
1.1683208,-0.3220658,0.19546175,0.23660117,0.03518857,3.0809667,-4.534869,-7.2239027,-9.321914,0.54751647,-0.92500854,-0.83186966,1.5614372,-17.363855,-2.135159,0.49249172,-2.542985,0.6098722,0.12050703,1.3114997,-3.42273,-1.5428525,-1.6293948,-19.4547,4.200864,0.09995736,-0.6418344,-0.007478851,-0.35160962,-1.1692891,-0.17996915,-1.3495247,-0.8052485,-3.5393744,-1.9786013,0.08984676,-7.523954,-0.19804034,-2.0030346,-4.091982,-0.2170019,-1.3908373,-0.13193718,-2.4065936,-6.2893796,-1.3559382,-14.363693
1.0860999,-0.27317303,-0.98169965,0.07705218,-0.7140374,-0.66619354,-5.382971,-7.9604125,-10.366757,-0.15752617,-0.7847826,-0.681143,0.7292605,-17.044899,-1.3547757,1.2206708,0.543662,0.7774626,-0.5517259,1.438898,-0.059496537,-0.91189164,-1.98866,-17.448671,4.0852647,-0.01684823,-0.26573357,-0.06218708,0.34434664,-0.9395433,-0.2943741,-1.2460876,-0.74967086,-5.5408506,-1.5335338,-0.47882974,-7.4000463,-0.6620992,-1.5747929,-1.8404859,-0.33610737,-1.1475087,-0.1304693,-1.1636407,-6.548442,-0.5976144,-12.205087
1.2244099,-0.20797285,-1.3005307,-0.026902754,-0.67202735,-0.34085986,-5.052055,-8.534928,-9.731092,-0.36073962,-0.8386317,-0.65145034,0.98544294,-17.329882,-1.4238735,0.8868975,-3.0858738,0.70711136,0.08911295,1.6123092,-0.54071206,0.3538532,-2.007745,-17.155968,4.004252,0.0668321,-0.7869565,-0.102086164,0.22064623,-1.0491438,-0.3011135,-1.4321185,-0.9893774,-5.297102,-1.7551932,-0.3008227,-6.917376,-0.6467864,-1.7497007,-3.564733,-0.7779784,-1.5510627,-0.19014643,-1.2698212,-5.999927,-1.3319268,-12.334979
2.1831503,-0.17855573,0.7239344,0.34859335,0.008762046,3.207618,-4.623386,-7.7409263,-9.598531,0.050742596,-0.7780882,-0.8140369,1.6432813,-16.114468,-1.2812306,0.9691026,-2.086687,0.47755215,0.039817203,0.20742309,-4.340202,-1.1253217,-1.778149,-19.114944,4.5502896,0.0941852,-0.51500845,-0.27865866,-0.07672214,-1.2573394,-0.15722613,-1.1978772,-0.50505793,-4.006932,-1.3954768,0.0054704067,-8.063428,-0.42944562,-2.1348252,-3.8737578,-0.37984246,-1.3818585,-0.34481195,-2.0239413,-8.253137,-1.4888716,-14.619357
2.1153271,-0.3805087,0.11323743,0.98262656,-0.5144322,3.8829734,0.36895332,-6.9083166,-11.358536,0.21750513,-0.76751524,-0.46546537,1.3900545,-17.081804,-2.055769,0.9426806,-2.2159638,0.42677546,0.10264138,0.4793871,-4.404302,-1.9229729,-1.5029576,-18.86208,5.14296,-0.008719384,0.28288874,-0.6278615,-1.02538,-1.1360687,-0.2348282,-2.086591,1.8471454,-1.8320593,-2.4090016,0.2753161,-7.823606,-0.7120059,-2.6575959,-4.4668937,-0.5870745,-0.6633003,-0.13615769,-2.7771807,-9.60225,-1.644569,-16.99218
0.5795827,-0.15068582,-3.132852,-0.044373903,-0.7483328,2.9903069,-5.009123,-7.100744,-9.417565,-0.47105396,-0.95851046,-0.6173957,1.9327836,-16.292511,-1.4064158,0.9284941,-2.9304786,0.7651585,-0.5054419,0.10080875,-0.84081167,-1.325347,-2.3446023,-19.437767,3.9245799,0.08064961,-0.35913074,-0.08611037,0.17996033,-0.9704786,-0.38961178,-1.5442495,-0.87936085,-6.122122,0.12057048,-0.5524691,-7.474118,-0.30711773,-1.7587357,-1.594873,-0.3200498,-1.3015419,-0.07383978,-1.7292806,-4.0386095,-0.8951957,-15.888849
2.1837373,-0.022889894,0.86916363,0.45420852,-0.6242108,1.3499324,-3.9540875,-8.197611,-10.126829,0.16292423,-1.0611093,-1.0628215,0.084016114,-16.501345,-1.1404896,0.5070823,-2.5491982,0.4281697,0.24571145,1.6218925,-4.177211,-1.2454176,-0.62984633,-16.523268,5.6138697,0.26402196,-0.48473218,-0.025644664,0.035036992,-1.4063549,-0.3329051,-0.4257913,0.69507366,-3.2878852,-0.7955409,-0.29155084,-8.520981,-0.42611074,-2.530264,-2.9069629,1.2716547,-0.7805716,-0.17995529,0.5790037,-8.262937,-0.28364173,-15.485865
1.4072583,-0.15447503,-0.60422564,0.2081321,-1.2279472,3.1300242,0.11698808,-8.451551,-3.2814298,-0.5567433,-0.5470842,0.0107689,2.32586,-14.556985,-1.7568917,0.4772893,0.20292534,0.41076973,-0.15166461,0.14367245,-4.2292805,0.209967,-1.3611377,-19.455963,-1.8643992,-0.070500694,-0.68036366,-0.028640693,-0.022656929,-0.5277466,0.015907757,-1.7195601,-1.5683156,-1.9527115,-1.5841367,-0.61604166,-6.0979495,-0.39385855,-0.62469494,-4.102733,-0.43582714,-1.3329754,-0.2635609,-2.347572,-5.751199,-1.6114341,-13.960736
0.008265501,-0.10333253,-1.937659,-0.3920874,-0.5501696,0.785585,-5.3071804,-7.633598,-1.5024678,-1.379005,-1.8445411,-1.5166357,-0.35084227,-10.453293,-2.6817245,-0.11862799,0.16927728,0.15225762,0.12595625,-0.8860904,-3.2119117,0.37201655,-1.6259155,-15.404487,-3.6629696,-0.45895478,0.7367884,-0.059791904,-0.029846048,-0.86549765,-0.57386494,-1.3631805,-3.088823,-3.7827537,-2.3167167,-1.0598198,-6.1267376,-0.99751735,-1.7440689,7.0946784,-0.55616605,-0.9819694,-0.62534344,-2.6310883,-3.6103544,-0.5560132,-11.841593
1.4087057,-0.18506481,-0.5794127,0.2069926,-1.2656585,3.1311288,0.11850256,-8.395951,-3.3715806,-0.5733108,-0.549737,-0.049765356,2.3275619,-14.559756,-1.7555771,0.46377012,0.17302231,0.40926296,-0.1095381,0.14496447,-4.2514267,0.11728272,-1.2758665,-19.496819,-1.8803481,-0.067401275,-0.6816257,-0.027948743,0.3264002,-0.51402205,0.010512752,-1.4767262,-0.9475115,-1.8943449,-1.238364,-0.6274354,-6.983921,-0.41718906,-0.6923735,-4.0445623,-0.43810058,-1.2482249,-0.29194498,-2.267597,-5.696535,-1.6113404,-14.015863
1.3666096,-0.10703915,-0.47576955,0.2973488,-0.5907413,2.9415705,-2.5662963,-8.609826,-3.3113718,-0.5443729,-0.57238275,-0.037493106,1.9110718,-13.486678,-1.9626535,0.47540623,0.16559485,0.4076253,-0.14146551,0.21909691,-4.1273866,0.16826428,-1.3411992,-19.430046,-1.8736899,-0.08867722,-0.46470955,-0.017653432,0.51381963,-0.86039543,-0.016225746,-1.2043353,-0.9959817,-1.9628361,-1.2512531,-0.7570981,-7.1033497,-0.6022021,-0.6945774,-4.7263,-0.45451936,-1.3302288,-0.3982391,-2.351004,-4.3999567,-1.3098303,-13.747925
1.8458555,-0.16492812,-0.25658265,0.3458255,-0.6249093,3.6067,-0.5128299,-10.617556,-3.260437,-0.6001483,-0.4668544,-0.10245162,1.841467,-11.86882,-1.921782,0.47913525,0.041536566,0.39164647,-0.18294132,0.12622255,-4.1534123,0.15915583,-1.1446284,-19.770515,-1.9957193,-0.17430703,-0.73524195,-0.09830421,0.47930434,-0.93376315,-0.24766815,-1.45505,-1.0451214,-1.4996191,-1.5312442,0.7368822,-7.097761,-0.5865332,-0.9979541,-4.856511,-0.36570105,-1.3368464,-0.45750904,-2.8389316,-4.807924,-1.6073986,-14.693656
0.21898742,0.06801792,-2.6412826,-0.42705834,-0.44390514,-0.41487318,-7.549816,-7.70125,-1.3787175,-1.1911952,-1.5646902,-0.9978172,-0.213289,-9.312911,-2.503351,0.16427362,0.28679916,-0.3477141,0.15871847,-0.5629458,-4.6060243,0.22189097,-1.747681,-15.01264,-3.5057778,-0.28967443,0.010120297,0.004188896,-0.07337116,-0.64902097,-0.21113984,-1.2099798,-2.487999,-3.5438273,-1.328078,-0.8787874,-4.1032214,-0.6199286,-1.7560033,-0.32072678,-0.5484423,-2.1218672,-0.715515,-0.876629,-4.0373874,-0.46594808,-8.2122755
1.2221035,0.021278137,-3.5995722,-0.1473766,-0.79472226,0.09762867,-5.1002274,-7.4341574,-9.32086,-0.08780252,-0.6359228,-0.76117975,0.23071086,-16.134066,-1.476956,0.7039569,-3.1791158,0.7198694,-0.40455294,0.524264,-0.058566783,-1.1937906,-1.6036195,-17.73202,3.7798169,0.12286356,-0.8106734,-0.05852061,0.34526756,-0.95860577,-0.51598436,-1.3452033,-0.95651084,-3.7996244,-0.6944832,0.24005888,-7.3445024,-0.62253785,-2.0532606,-4.076887,-0.7122877,-1.1356353,-0.17231387,-1.0086457,-5.221899,-0.6542675,-13.3285675
1.221469,-0.23101051,-3.6623507,-0.18796815,-0.691381,0.057920855,-5.2086525,-7.7698545,-10.187456,-0.05317713,-0.8495966,-0.75990194,0.29017252,-16.055866,-1.4379313,0.92552835,-3.1377642,0.75265455,-0.18661852,0.60668755,0.012585957,-1.2408978,-1.9465275,-17.886286,4.4906235,0.058219243,-0.7501933,-0.04110572,0.075812444,-0.9771742,-0.3104683,-1.3143867,-1.1009328,-3.755406,-0.74731266,0.37472376,-7.1299977,-0.6260247,-1.8758378,-4.020563,-0.49455747,-1.1228021,-0.11803523,-1.0592597,-5.3666763,-0.59262747,-13.301772
1.2854704,-0.04256616,-2.8350031,-0.09866722,-0.74675524,-1.706146,-7.4592156,-7.241259,-8.569504,0.32574284,-0.4565646,-0.2595738,1.3623643,-15.387496,-1.6856638,0.14984846,0.11995543,0.65989614,-0.43887737,-0.19914138,0.5392062,0.47379407,-1.8960598,-17.519972,-0.42124683,-0.036017086,-0.4147652,-0.084551156,0.24684174,-0.68351364,0.43850473,-1.2527205,-1.1975896,-7.108799,0.45486882,-0.09081575,-6.3717217,-1.3095274,-0.35393503,1.9250041,-0.71194756,-0.88491946,0.16546339,-3.2109652,-2.612449,-0.27992648,-10.547424
1.8618084,0.006654218,-1.0516182,2.6721556,-0.45521113,7.052222,2.8498895,-5.6183605,-13.463935,-0.11050365,-1.8359647,0.109623104,3.3084698,-17.292162,-1.5238109,0.83155066,-1.5134037,0.06664021,0.1333353,1.6369494,-4.9310374,-0.90422654,-0.7657113,-19.59798,3.4730632,0.21360098,1.1474136,0.03305118,-0.1863184,-1.4292548,0.09886566,-1.1108351,-0.8073099,6.6069293,-0.2289421,0.22786911,-8.013288,-0.23446588,-1.4670173,-9.607414,2.3323257,5.780998,-1.6427764,-3.9601812,-9.338157,-1.0786568,-16.514132
1.9924494,0.16596037,0.2655515,2.2602007,-0.42844036,7.2961946,2.936675,-7.761263,-13.985869,-0.10618105,-1.8648872,-0.3288603,3.139634,-17.306797,-1.5172974,1.4501746,-1.6223341,0.08396005,0.08418326,1.717653,-5.1794477,-1.0879364,-0.80310684,-19.578472,7.124432,0.21640746,1.3147844,0.021674087,-0.27940655,-1.4523156,0.024151443,-1.2325078,-0.9762809,6.7950563,0.30353957,0.2295281,-4.778001,-0.16242133,-1.4607574,-7.634379,2.249034,-0.19767168,-1.7036145,-3.9998946,-9.322295,-1.1119614,-17.765263
1.9997029,0.02517217,0.3135687,1.9154427,-1.1969357,5.992218,2.5564415,-6.5753126,-11.220792,-0.05195763,-2.0107212,0.1863117,3.1307309,-17.19547,-1.2787519,1.1499139,0.05967342,0.5801819,-0.007747236,1.3039154,-6.2337694,0.03563907,-1.1713445,-19.698229,5.277973,0.22964709,0.5613996,-0.048964232,0.56160915,-1.0940298,-0.20675424,-1.3972727,-0.9938744,5.27711,-0.39373663,0.3064881,-5.30943,-0.22373605,-1.1095078,-7.076783,0.326,-0.3950308,-0.74392563,-4.244504,-9.218441,-1.1212852,-15.575607
1.9720398,0.1828686,0.4566351,2.8001266,-0.52382207,7.118593,4.051589,-5.8765025,-10.869393,-0.10933834,-1.9130713,0.12799025,3.3617604,-18.371132,-1.1093299,0.450584,-0.04225514,0.2584891,0.016298173,1.7248783,-5.6876717,-0.40560484,-0.9731847,-19.94493,5.3411,0.26776323,1.0541503,-0.022675263,-0.506633,-0.9135153,0.22427548,-1.1883919,-0.33311623,5.593442,0.1401083,0.2751737,-8.374366,-0.45287126,-0.94512606,-7.5185647,0.69290423,-0.17497216,-0.52857697,-4.892468,-9.274229,-1.1065792,-18.21504
1.2248133,-0.29280144,0.11613162,0.45507225,-1.1201513,4.735123,1.0370386,-6.9946103,-8.888476,-0.79261196,-0.6071816,0.030932654,3.9851618,-16.175663,-1.5792484,0.50862926,0.0064978385,0.5935369,-0.085525356,-0.025090206,-3.2334769,0.42053816,-1.372862,-19.447245,4.7520103,0.18642013,-0.5621122,-0.03368287,0.26050118,-0.96587026,-0.013313821,0.1615044,1.9575968,6.6681714,-0.63843197,0.0658094,-6.940268,-0.122692704,-1.129665,-8.436683,-0.21440296,-1.3891966,-0.91631407,-3.645008,-7.6327677,-1.0599123,-16.988258
1.1014643,-0.25004172,-0.10600092,0.12907635,-1.0213435,3.5153823,0.29464367,-7.167502,-6.247345,-0.803986,-0.4583549,0.07715563,2.8935523,-13.701405,-1.8419261,0.038419757,0.15929934,0.42389038,0.06565371,-0.5916767,-2.5049715,0.9353017,-1.7720141,-18.953075,3.567585,0.17039502,-0.53093076,-0.020604504,-0.021259515,-0.60886914,0.22021918,-0.809417,2.2011888,-1.248505,-0.88431275,-0.12346469,-6.8959455,-0.12666853,-0.91079557,-4.001446,-0.40092504,-1.2905294,-0.2973801,-2.3103514,-7.5754347,-1.1100479,-15.251084
1.9792136,-0.16829282,0.3249952,2.262035,-1.1805153,4.703088,0.48195198,-6.838116,-10.27338,-0.9636631,-0.9268902,-0.034913246,3.5165665,-17.117409,-1.4366716,1.1377194,0.01862587,0.58361727,-0.12637077,-0.014615022,-3.9391193,0.42006257,-1.3631449,-19.47293,5.4767566,0.20540737,-0.16700007,-0.07076407,0.42131162,-0.8474323,-0.14406364,0.1823734,2.2235694,1.6852478,-0.4325009,0.23487973,-7.865927,-0.28029856,-0.810661,-3.9337256,-0.20157246,-0.14109568,-0.3359993,-3.0617652,-10.026016,-1.1286958,-16.641365
1.1328844,-0.027413147,0.097708285,0.683484,-1.1226963,4.51547,0.2674544,-6.81672,-9.475961,-0.83509946,-0.63124615,0.0049272333,3.8378217,-16.070652,-1.430575,1.1883546,0.06601809,0.5753919,-0.15640861,1.4159247,-3.4787495,0.4751342,-1.6307293,-19.064459,5.3864403,0.15884763,-0.4538377,-0.08441612,0.024963453,-1.3681715,-0.15507036,-0.27738643,1.7089036,6.7284446,-0.554203,0.22006261,-7.345202,-0.42503184,-0.88792324,-8.438513,-0.21162672,-1.1584117,-0.86828774,-3.3228576,-8.290001,-1.0558553,-16.862337
2.099704,-0.21637577,0.24145442,0.6681752,-1.1299309,4.9605813,1.2087883,-6.9001546,-9.693961,-0.96445185,-0.71726805,0.0099999,3.6848173,-16.790972,-1.4422697,1.1639469,0.041332424,0.5549669,-0.13455725,0.047342848,-3.653035,0.42258906,-1.4151555,-19.353636,5.865343,0.20156293,-0.14132841,-0.035915077,0.038894035,-0.677056,-0.07432914,-0.28118777,1.9109919,1.6201212,-0.32022995,0.014006056,-7.205173,-0.34787852,-0.70662385,-4.04374,-0.18168572,-0.65936863,-0.36029202,-3.184326,-9.794571,-1.1390367,-17.315702
2.0114262,0.02883075,0.42657968,2.7415195,-0.27643377,7.4182615,3.1114879,-5.6604433,-12.2257805,0.10477451,-2.1005836,0.061131686,1.5725265,-18.261951,-1.2809737,0.40175724,-1.3926274,0.09992282,-0.0063276812,1.4955233,-5.1306357,-0.6859778,-0.67907757,-19.563332,5.1914606,0.17130914,0.9226896,-0.0795404,0.09058351,-1.1103034,0.036929674,-0.02395596,1.5423028,6.5770235,0.2565138,0.12488843,-8.652788,-0.26532027,-1.2554765,-7.1910343,2.8806615,-0.014376959,-1.266294,-5.119195,-9.444759,-1.1500571,-18.578619
-2.0582292,-0.19748716,-1.8122401,1.0667775,-1.1145505,-5.979156,-8.214807,-6.8774195,-4.6834326,-1.3253629,0.5638695,0.3900294,-1.099438,-8.669097,-8.755181,-0.37472808,0.034868523,0.0017890238,-2.718242,-1.0067561,2.1775467,0.5438868,-0.54519427,-14.303574,-4.3043966,-0.4147461,-0.3628781,-0.025338875,-0.5158435,-0.3110714,-0.21752636,-1.079496,-2.4509652,-8.85625,1.5156658,-2.1058073,-5.2261186,-4.6532536,-1.7324986,4.4888315,-0.28341028,-1.251705,0.24806757,3.5746133,8.777986,0.002260366,11.278365
0.25118142,-0.2755943,-1.8124026,1.0618455,-1.0613259,-5.5280523,-8.177837,-6.7280755,-4.726133,-1.4220891,0.5334988,0.38884172,-1.129601,-8.509431,-8.748611,-0.3672846,0.048847634,-0.0037531562,-2.6579661,-1.0255778,2.1797397,0.5677806,-0.50763977,-14.776496,-4.306144,-0.39090142,-0.36818543,-0.21723339,-0.5481867,-0.5180134,-0.07472432,-1.2230519,-2.5348966,-8.768765,1.1730181,-2.1829996,-5.426504,-4.65935,-1.73763,4.4730973,-0.2907898,-1.371584,0.24510954,3.616284,8.750549,0.0022573594,12.250107
-0.32842347,-0.71030647,-0.4180164,-1.3860273,-0.84184086,-5.9412704,-9.577586,-5.5378656,-1.3199556,-1.6186098,1.1397805,0.36126563,-0.9150649,11.23963,-3.7864897,-0.31503716,-0.36793354,-0.29981354,2.2194698,-0.24548882,31.090277,0.35937572,-1.0077599,-7.4957995,-0.9627765,-0.46583354,1.148157,-0.03222053,-0.6899071,0.6014291,-0.10007022,-0.6168669,-1.9802186,-9.174523,0.72223985,-2.722664,-4.026541,-0.28485882,-0.13585527,5.35397,-1.4750533,1.9273322,0.023103215,2.8485327,1.6569684,-0.023017406,5.2739077
2.108456,-0.2127808,0.24424493,0.6680172,-1.1343511,4.9186034,1.1397624,-6.931547,-9.738556,-0.96752274,-0.71987766,0.0063180947,3.714356,-16.788704,-1.4508421,1.1781353,0.04868528,0.60769355,-0.13735327,0.048992023,-3.6495545,0.4372527,-1.2707481,-19.338385,5.6773973,0.2022294,-0.13926975,-0.0035696414,0.3027384,-0.7933673,-0.07617997,-0.2821892,1.9156983,1.6213523,-0.34534222,-0.0022658173,-7.1552134,-0.35126418,-0.70992357,-4.0378666,-0.1770526,-0.599954,-0.36309254,-3.198115,-9.833038,-1.1332874,-17.340666
1.027947,-0.22845669,-0.3180764,0.08923163,-0.99262065,3.6216502,-0.8126457,-7.4507976,-6.339151,-0.8184854,-0.4717817,-0.10834268,2.3072062,-12.67407,-1.9933094,0.04785767,0.17925858,0.33369437,0.03572311,-0.41217098,-0.28603625,0.8696374,-1.7585012,-19.345194,2.0235753,0.025241096,-0.5257021,-0.053058594,-0.0641319,-0.23252082,0.21134497,-0.78890866,2.1658757,-1.343894,-0.5763503,-0.28258663,-7.198871,-0.16258685,-1.0926254,-4.064584,-0.38278943,-1.167894,-0.55820245,-1.9912505,-7.5062213,-1.1833223,-13.4674425
2.1273305,-0.18991429,0.23897249,0.66298366,-1.1263993,4.989678,1.1358495,-6.9042506,-9.739017,-0.93655246,-0.72950155,0.020886106,3.7010565,-16.87406,-1.387532,1.1267167,0.043543927,0.5411725,-0.1357569,0.04404443,-3.6392279,0.4231098,-1.4112369,-19.348783,5.80319,0.19435903,-0.13492107,-0.03636796,0.047459915,-0.6599207,-0.08022314,-0.32187542,1.9215429,1.6453071,-0.36044332,0.046542943,-7.136337,-0.558186,-0.7162661,-4.041146,-0.1664577,-0.6457431,-0.35892987,-3.189171,-9.913025,-1.1535778,-17.261408
1.9915577,-0.21393587,0.29711425,0.67103946,-1.2310699,4.8642116,1.1085738,-6.897245,-9.680452,-1.0277556,-0.7249901,0.015104953,3.6946776,-16.780828,-1.4591366,1.1552854,0.049634043,0.55291533,-0.11217731,0.030333698,-3.6739097,0.43402657,-1.4617404,-19.347578,5.787388,0.19317251,-0.15409094,-0.101526104,-0.07583528,-0.6809283,-0.073210955,-0.30696106,1.915245,1.614485,-0.2887745,0.011034502,-7.2059054,-0.3381335,-0.72908837,-3.9939015,-0.18044175,-0.65292966,-0.35390437,-3.1918528,-9.812389,-1.1307483,-16.82262
1.9578911,-0.18859355,0.2522506,3.0489082,-0.06506348,5.0653534,2.2849991,-6.782476,-9.902107,-0.9782994,-0.71570045,-0.0018419222,3.5774965,-16.91237,-1.4512933,1.142023,0.116204925,-0.15681364,-0.13930517,-0.0028443723,-5.8016996,0.3341246,-1.3478665,-19.572536,5.870338,0.17691469,-0.16373928,-0.069231614,0.014704534,-0.6456639,-0.19730261,-0.24771601,2.1894283,1.6105437,-0.33552292,0.09154472,-8.013989,-0.32553244,-0.8437699,-4.06078,-0.030499391,-0.6786842,-0.3820035,-3.1986928,-9.774317,-1.1422668,-17.04515
6.3486404,-0.026194315,-2.4327705,2.312992,-0.20312063,13.601501,-2.6946251,-7.0595527,-6.302151,-0.4572932,-0.7309353,-1.2055243,-0.32019275,-8.205577,-3.4698746,1.000347,-0.44345257,0.058679838,-0.4062534,-0.11875145,0.1419666,0.15665361,-0.72985905,-10.818789,-3.0208068,-0.067282446,-1.1456165,-0.17823896,0.22751272,0.17636491,0.28397036,-1.6263448,-0.28474796,-4.565462,-0.6376159,-1.3578285,-3.9817798,-0.44486183,0.48321983,-2.1972685,-1.4874971,-2.0676372,-0.8038914,-2.012483,-2.709682,-0.4909273,6.6076975
-1.0834551,-0.13304892,-1.1815237,-0.316575,-0.98064977,1.9051317,-3.7733505,-7.47409,-8.304194,-0.01793984,0.36501384,0.49082693,0.93238103,-11.568972,-1.8509116,0.89236933,0.33980027,0.46698722,-0.29802528,-0.43957654,0.3605852,-0.56666905,-1.2049396,-14.543872,-1.8640356,-0.24379595,-1.5099635,-0.10828294,-0.4181559,-0.15954407,0.14423475,-0.7428311,-1.9332021,-6.693712,0.22438022,-1.0645773,-3.3527474,-0.7171516,-1.0727472,6.90558,-1.2591757,-0.48852193,-0.63104254,-1.7539403,-3.2771833,-0.3618438,-13.063961
1.3167913,-0.25911513,-2.7321587,0.14766058,-0.31418803,2.9989743,-3.017103,-6.9110785,-6.99953,0.5918957,-0.40074152,0.36375192,1.7880231,-14.248997,-1.7557726,1.1685057,0.529467,0.58312345,-0.022577759,0.54524165,0.14944495,0.023342539,-1.7395958,-17.991243,-1.058074,-0.016074741,0.35237217,-0.060755104,-0.027655121,-0.52447695,-0.30086672,-1.1852683,-1.1896893,-2.6608071,-1.2673968,-0.16396946,-4.736513,-0.38181928,-0.9272615,-3.308429,-0.28700197,-1.4027791,-0.21215983,-1.9374218,-3.4190886,-1.1079738,-12.601721
1.2230109,-0.23483364,-1.7697563,0.16054171,-1.3398917,3.76963,-0.07572392,-8.116617,-7.276564,0.51979053,-0.39063707,0.3708386,2.2887468,-15.105886,-1.3502815,1.2448978,0.54776704,0.62615895,0.13157707,0.46543872,0.22847629,0.07931697,-1.4163259,-17.743021,-1.1965284,0.052238207,0.20389013,-0.028505905,0.4213199,-0.6248841,-0.21660882,-1.2255888,-1.0904988,-1.8682232,-1.1252468,-0.1429537,-4.096621,0.084020086,-0.5307675,-3.4855802,-0.22933376,-1.2805654,-0.055361237,-1.882952,-4.3138614,-1.2950047,-13.763481
1.3095399,-0.019550132,-3.0635254,-0.55366325,-1.1210105,3.4587238,-1.2039144,-6.9208775,-6.7403836,0.8926896,-0.7500275,0.07121546,2.0956898,-12.554025,-1.7194682,1.1172999,0.42706403,0.67590195,-0.13619946,0.012137876,1.1031009,-0.8094762,-1.7425029,-17.831633,-1.3266319,0.01781683,-1.4293408,-0.07095721,0.02293728,-0.56609315,-0.1618642,-1.3672508,-1.3762274,-2.0369892,-0.013547748,-0.9246278,-3.2343624,-0.31811252,-0.6203728,-1.844137,-1.3641366,-1.0754673,-0.109111644,-1.9505398,-5.1393404,-1.1618232,-12.484353
1.1840297,-0.1864763,-1.5139532,0.10678768,-1.2395777,3.7324793,-0.6025569,-8.606125,-8.071266,1.3552252,-0.6596969,0.55340624,1.4243426,-13.822749,-1.416828,1.0371683,-3.627111,0.086535856,0.006580442,0.023399018,-2.4175608,-0.012023399,-0.80330664,-16.630968,-1.0194658,0.062210187,0.42827174,-0.10000829,0.44565412,-0.7136219,-0.14005171,-1.4109008,-0.8868963,-0.73567253,-1.1343881,-0.042310625,-4.433142,-0.5558511,-0.74144244,-2.994834,4.631453,-0.6729542,-0.022310812,-2.0039704,-4.6505194,-0.7714156,-13.592587
1.2889622,-0.083056785,-3.0066354,-0.69946325,-0.6229077,2.6625967,-1.3950745,-6.7053657,-6.235591,0.2991654,-0.528809,0.5919375,0.8632213,-14.809057,-1.3002962,1.2992853,0.23114929,0.65056163,0.13919137,0.5795675,0.20872931,-0.31190452,-1.5877494,-14.954095,-1.5998045,-0.050475378,-0.42161724,-0.06800971,-0.121729724,-0.5489308,0.44574705,-1.3669081,-1.7255381,-1.3811332,0.4061444,-0.804137,-3.6740808,0.68440217,-0.48591283,-2.3730042,-0.21274893,-1.2726071,-0.25724313,-1.8320198,-5.0078053,-1.0787511,-15.447231
1.1600275,0.010870201,-1.8148723,0.3505631,-1.4339013,4.250106,0.9161919,-7.262495,-7.794193,1.359448,-0.4728568,0.25900254,2.6214514,-13.249121,-1.6739678,1.244232,-2.163088,0.65705824,0.15821183,1.7584053,-2.1999161,-0.7722555,-1.2166828,-18.312185,-1.0203317,-0.10752302,1.9893416,-0.07281566,0.17995483,-0.6872837,-0.35665852,-0.8986697,-0.91750103,-0.4269589,-1.1173193,0.48792952,-5.1335306,-0.35899335,-1.692445,-3.1191971,-0.3127643,-1.3042965,0.11084851,-1.908493,-3.8074095,-1.0050626,-14.880768
1.4096316,-0.18481873,-0.60602087,0.20230514,-1.2620152,3.1293666,0.1152567,-8.421178,-3.372797,-0.57425493,-0.5503274,-0.05047752,2.329428,-14.560804,-1.755191,0.46392593,0.20285563,0.4083533,-0.10926875,0.14512403,-4.249912,0.11728272,-1.2668456,-19.49655,-1.8799907,-0.06743285,-0.6816284,-0.02820378,0.3263979,-0.5173251,0.010512752,-1.4809506,-0.94781446,-1.9646875,-1.4373461,-0.62563324,-6.983921,-0.3983088,-0.6917067,-4.0841265,-0.4386877,-1.2498146,-0.28847012,-2.2679374,-5.6882834,-1.6113743,-14.059206
1.4118104,-0.19144727,-0.58637244,0.20667827,-1.2599347,3.0938547,0.17906003,-8.430573,-3.2974377,-0.5950754,-0.55042887,-0.10502607,2.2229204,-14.546218,-1.7495703,0.4674423,0.20284064,0.4104985,-0.111642405,0.14789926,-4.2181635,0.22820468,-1.2751665,-19.510447,-1.8745584,-0.084618725,-0.6844028,0.0030864424,0.31799212,-0.5239533,-0.02429991,-1.4870934,-0.997088,-2.1383896,-1.5540296,-0.63165486,-6.99392,-0.4079269,-0.65392286,-4.1016054,-0.4368231,-1.2501243,-0.28163475,-2.2613273,-5.6951876,-1.615132,-14.041778
1.411173,-0.18541987,-0.57103217,0.20705952,-1.2653941,3.1328518,0.15375176,-8.396024,-3.478254,-0.5748667,-0.54957014,-0.048353933,2.328287,-14.557356,-1.7556053,0.46955666,0.17236924,0.40935472,-0.11023779,0.13864502,-4.270061,0.1176028,-1.2782284,-19.43631,-1.8773884,-0.06816874,-0.6838157,-0.027944261,0.32607216,-0.5147266,0.01045589,-1.4750869,-0.96388304,-1.8982524,-1.1961522,-0.62746245,-6.993582,-0.41752088,-0.73263454,-4.046483,-0.43782946,-1.247662,-0.28502962,-2.268039,-5.699828,-1.611434,-14.091765
0.47321284,0.014043803,-2.6068985,-0.43202013,-0.6018625,1.3870746,-3.0541084,-7.5614934,-2.3336792,-0.9783214,0.057024118,-0.5148734,-0.46544853,-12.065144,-2.7482574,0.15603021,0.33628455,0.17157833,-0.038654123,-0.48057517,-1.6407858,0.547008,-1.5766456,-15.47094,-1.799611,-0.34000772,0.17270975,-0.07566965,-0.25370494,-0.75404364,0.53695685,-1.555461,-2.3062823,-5.451072,-1.6988983,-0.87060744,-7.438217,-0.18314102,-0.97729385,-2.4507306,-0.593234,-0.97854006,-0.9972981,-2.2245746,-4.217447,-0.33714214,-10.660538
1.2126364,-0.22757718,0.5594989,-0.01965754,-1.2476633,3.9706202,0.33685154,-5.6313515,-11.607773,0.07411022,-0.38430506,-0.36291134,2.437504,-18.00505,-1.7583348,1.369994,-1.2277998,0.2986067,0.4977822,1.6363978,-2.0841558,-0.5870241,-1.5608972,-19.085697,5.8539176,-0.25609335,0.7167021,0.02113469,0.37666798,-1.0530244,-0.2265361,-1.5606431,-0.7571354,6.7263403,-0.021247216,0.4152256,-6.863113,-0.1631235,-1.6496893,-8.135456,0.35105312,-1.4261767,-0.17825705,-3.7908614,-7.8444858,-1.1114621,-16.012499
1.0654752,-0.37155357,-0.39981288,-0.009453567,-0.9585887,2.9518125,-2.2603502,-5.27678,-11.402548,0.27979982,-0.61556643,-0.38027146,1.2387,-18.035152,-1.8239537,1.1977868,-2.3780532,0.21621351,0.20764962,1.5642068,-2.444682,-0.30944133,-2.2139366,-18.920084,6.063868,-0.16582134,0.7875047,0.012636728,0.14591347,-1.0214912,0.107589304,-1.4058434,-0.9639553,1.9265699,-0.13733447,0.101703264,-6.6375623,-0.37241116,-1.0994686,-2.335563,2.7636058,-1.5394492,-0.3307692,-2.4843574,-7.1172867,-0.7681432,-14.4166565
1.2617372,-0.17953509,0.5100029,1.1484885,-0.31961188,3.984282,-1.5544116,-5.3272686,-11.118785,0.022652028,-0.3778821,-0.4165101,2.4642296,-17.148249,-1.9897977,1.4678764,-1.1296962,0.53981483,0.33101338,1.6198735,-3.8010592,-0.59950835,-1.994021,-19.220444,5.8826065,-0.40714592,0.8157184,-0.123134464,0.33783078,-1.0549625,-0.23292217,-1.5584352,-0.7231874,6.5948963,0.17733173,0.52078307,-7.6336904,-0.4277727,-1.7695758,-8.517026,0.41624752,-1.4406598,-0.3308865,-3.63539,-7.3560367,-1.0644467,-14.763198
1.079599,-0.3494982,-0.66188973,0.036844615,0.13764411,3.2610102,-4.140653,-4.955349,-11.022345,0.15106413,-0.32773206,-0.15106122,1.8889726,-18.09482,-1.8445845,1.0320749,-1.5518819,0.674939,0.44965625,1.6916163,-3.2472904,-0.69951695,-2.026339,-19.379799,5.351258,-0.08878788,-0.22030702,-0.053287007,0.26799488,-1.0325568,0.26499838,-1.1370932,-0.9869233,2.7216136,0.5242203,0.33627853,-7.424239,-0.18514663,-1.6455191,-2.660962,-0.38362744,-1.3407688,-0.29832315,-3.4554665,-4.4212084,-0.96903557,-13.680011
2.4895923,-0.19285998,-0.17261782,-1.1843108,-4.222331,4.712686,0.51383996,-5.1874437,-12.07285,-0.14543712,-0.8421513,-0.057772785,2.2677274,-14.770526,-1.5619885,1.5318788,-1.0320941,0.32995737,1.3222005,26.90608,-4.690732,-0.8174421,-1.3856027,-17.793385,7.62244,0.24964942,0.4747546,-0.04520581,0.3308924,-0.98978883,0.119084544,-1.4737686,-1.7341737,8.878303,0.002921632,0.33058637,-6.618649,-0.43114516,-1.6285844,-6.212864,-0.814773,-0.31896877,-0.5980475,-3.8393743,-8.721916,-1.0822667,-14.497588
3.0301247,-0.21752104,0.11585151,0.3658171,0.2168607,3.9556642,0.7416456,-5.5844407,-13.730919,0.44292137,-1.7766249,-0.44943202,-1.0648421,-16.947515,-1.4319714,1.5650853,-1.1306171,-0.008252943,1.0209526,11.6248665,-3.881694,-1.0838785,-1.532743,-19.712349,7.8377523,-0.15181723,0.4981966,-0.036611464,0.38348648,-0.91104436,0.11714916,-1.2907709,-1.6547529,6.996704,0.26417354,0.33193573,-7.101157,-0.20992643,-1.6812247,-5.374321,6.066568,-0.38122392,-0.4145182,-2.9449105,-8.577947,-1.3117688,-14.089
2.0208519,-0.24928911,0.5184318,1.7113221,-0.6143303,4.134938,-0.3314747,-5.5999126,-12.601021,0.08164784,-0.6711083,-0.22807574,2.1279128,-17.829098,-1.5021943,0.9142371,-1.1337514,0.20440236,0.9671726,1.5889677,-3.9112883,-0.58798164,-1.8922895,-19.447935,7.7331333,-0.4129369,0.4765522,-0.063851334,0.26164463,-0.97960836,0.00031873057,-1.9424835,-1.8972956,6.573367,0.39637864,0.4692036,-7.2138796,-0.08326031,-1.6172358,-8.651714,3.3212922,-0.5972848,-0.3335308,-3.634389,-8.635813,-1.1633958,-14.823812
-1.0180211,-0.09482458,0.31201252,0.7139528,-4.2611504,4.754394,0.3360412,-5.5209765,-10.651637,0.11286466,-0.6911029,-0.20643042,-0.6369315,-18.694313,-1.9453852,1.0837387,-0.9547557,0.20737588,0.9780233,4.14076,-3.3905888,-0.58293736,-1.1644105,-19.719595,4.7163396,-0.11806129,-0.4365766,-0.02962893,0.4655421,-0.98253256,0.17561628,-1.6792508,-1.6935033,2.0090759,0.19417834,0.47811866,-7.1482625,-0.2838383,-1.7790977,-2.210247,3.6770847,-0.7138038,-0.06533486,-2.7860847,-5.105269,-1.3760517,-16.657484
1.4019579,-0.08260505,-1.3697014,2.9449291,-0.60932815,4.0555005,-0.53404766,-7.534919,-10.563272,0.44051746,-0.59333783,0.103894785,-0.38397506,-19.881569,-1.480889,1.7236271,-1.6188765,1.3288715,0.48431274,1.8309443,-4.4450083,-0.9694903,-2.300882,-19.712082,6.4497857,-0.12602895,0.5043069,-0.007815791,0.31158376,-0.7645747,0.10399997,-1.3635912,-1.6290799,1.7513398,-0.33712092,0.58370554,-8.029411,-0.14441688,-1.7917367,-1.0115116,3.567429,-1.326815,-0.3881651,-0.98319393,-7.4633603,-1.0388924,-17.22837
2.1386926,-0.0017709632,0.023882195,2.7001987,3.0726838,6.6036253,0.39394855,-5.8504477,-13.648589,0.32810155,-10.111956,-0.35792604,0.59627086,-14.665724,-0.78198445,0.7233234,-1.0747572,0.8252986,0.4816476,1.7695596,2.1713073,-0.6227188,0.041041866,-18.995697,12.420518,-0.2470316,0.5984181,0.11397287,0.5765575,-0.94872236,0.11197786,-1.6541039,-1.1510464,15.635565,-0.22826475,1.0515214,-4.960964,-0.35610232,-1.4252969,19.621037,3.8548474,0.8715856,0.13042413,-4.68642,-9.7571945,-1.1577308,-14.704716
-1.7490073,-0.22357863,-1.2994373,-0.6679393,-0.59092027,-1.8722197,-2.0556245,-6.81732,1.178564,-0.5445196,1.2746186,0.6894317,1.2955247,-11.373746,-3.8003194,0.06795555,0.15773953,0.14255352,0.40190813,-0.53385067,3.9394767,0.45645836,1.360039,-11.948086,-2.917287,-0.083103694,0.35104764,-0.030854175,0.07245012,-0.81776345,-0.005056266,-0.57673895,3.8771243,-3.7711406,1.6978586,-1.1444092,-10.271306,-1.8890816,-0.7422602,8.037694,-0.9804766,-0.67699397,-0.06136891,-2.37641,6.0393224,-0.018084044,-0.13591622
-1.7870066,-0.3453179,-1.5271479,-0.498117,0.19467889,-1.8890358,-4.7913976,-5.5058627,2.0737782,-0.9466114,1.5584753,0.5546223,1.2267902,-11.367924,-1.0662704,0.533906,0.064941645,0.09235672,0.39821562,-0.5447173,2.8517108,0.18352248,0.94475025,-15.596961,-1.3794217,0.17311513,0.018064117,-0.13128331,-0.48462445,-0.5230623,0.26301602,-0.21318896,-1.403384,-3.6546466,1.6412548,-0.86554736,-4.0393734,-0.9077177,-1.287001,8.554859,-0.4825453,-1.1209782,0.08790034,-0.12588702,-1.1703631,-0.028292079,-1.7040889
-1.6861899,-0.19219925,-1.520473,-1.3640766,-0.50723016,-2.37805,-3.5070863,-7.0562367,1.3542552,-0.6502973,1.0233252,0.7237639,0.7389646,-10.678077,-3.9855704,0.28257486,0.042436585,0.118897706,0.5876886,-0.7770139,2.3946102,0.1772098,1.3731158,-15.692825,-2.8522103,-0.4192296,0.11572238,-0.15039109,-0.020998746,-1.0848666,-0.10446302,-0.82811046,-1.7949786,-4.497551,1.529381,-0.982981,-7.385203,0.4515203,-0.26269582,7.268506,-1.1253055,-1.4243447,0.019760778,3.3660426,7.07563,-0.020638658,0.017381711
-7.0892286,-0.37235534,-1.6438041,-2.4824233,0.40825206,-8.24393,-5.5441265,-6.182731,0.36010215,-1.8268597,0.41035923,0.74987656,-2.0334637,-5.520217,-9.91238,-0.65305775,-0.2044608,0.06657299,0.6051427,-0.06962368,27.086298,-0.36958045,-1.1948829,-12.026263,-4.1838818,-0.73935294,-0.14729398,-0.39647967,-0.3291203,-0.895467,0.41212147,1.8414575,-2.2790546,-8.156019,1.0654202,-2.1644952,8.357739,1.2904589,-3.5450478,7.2617364,-1.3422419,-0.925014,0.29509595,-3.1303124,1.6799341,0.04539564,-2.5913358
-1.4037163,0.0013471805,-1.474178,-0.32008514,-1.177256,-1.978326,4.9719615,-7.408063,0.9438476,-5.7714367,1.0904412,0.80000323,3.395816,-11.537006,-0.84201676,1.0998423,0.12974977,0.43797112,0.31803155,-0.12859325,2.6366801,0.18570007,1.2762051,-16.04324,-1.8928034,-0.073716395,-0.29619807,-0.13849545,-0.101262294,-0.3234834,-0.03153011,-0.87201905,-1.0019044,-4.0589485,0.451095,1.2863181,-5.6977606,-0.91256475,-0.18680176,9.151663,-0.9939135,-0.47560388,0.012836022,3.8184013,0.5434188,-0.048429713,-2.1050768
-1.6022438,-0.36365402,-1.2323778,-0.35392907,-0.59122336,-4.038079,-4.5023136,-4.1890054,2.635933,-0.46947512,1.4505129,0.873521,1.7825282,-12.875792,-0.77316594,-0.09774597,0.23084708,0.458932,0.4459778,0.1402356,1.4368559,0.13626513,2.4640179,-13.816356,0.20358539,-0.028231023,-0.24141991,0.06916954,-0.10806633,-0.4648403,-0.16250417,-0.7339262,-1.7105277,-4.1525645,2.460157,-0.057051245,-4.4403543,-0.7173878,0.11784534,7.9271336,-0.26284653,-1.2670571,0.40400952,-1.3030404,-0.7032702,-0.10700627,-6.2845464
-1.627631,-0.64424247,-1.6135924,-0.6301166,-0.79234886,-2.0034769,-2.3013883,-9.241218,2.230481,-0.7864147,0.99902505,0.9019138,1.3954493,-10.940465,-4.548202,0.27535224,0.14788008,-0.48777017,-0.5613787,-0.6494294,2.3594813,0.21655825,1.0598665,-15.64621,-1.7928486,0.03551072,-0.008175579,0.019461377,-0.022313373,-0.4574878,0.29630965,-1.015153,-2.1208348,-4.224597,1.6529193,-0.5163144,-2.8734047,-2.043585,-0.32982674,7.407739,-1.1867296,-0.81588864,0.05514026,0.24020535,7.5004807,0.07238981,-1.3029369
-1.3516843,-0.115524955,-1.5188937,-0.5273,-0.97731495,-0.87102044,-0.7653014,-7.072519,1.4121985,-0.7864673,1.2051948,0.994878,-0.75261676,-10.604034,-4.336857,0.7244925,0.13961509,0.8712388,0.4696208,-0.8889666,0.7917911,0.116921,1.8069433,-17.111538,-0.84428054,-0.4286567,-0.10416482,-0.0869792,-0.008244584,-1.1218172,-0.12257782,-1.0237248,-1.8863037,-1.4931318,1.6065068,-0.22169219,-3.5507576,-1.7719156,-0.12773989,7.2720532,-0.2958391,-0.62522334,0.15313011,-2.0797448,7.5479693,-0.0926328,-5.8611584
-0.6451552,-0.15339646,-2.6035159,0.042417176,-0.5251118,-1.0602361,-6.9595265,-7.213525,-7.0347342,0.31790197,0.1282509,-0.13394697,1.7947056,-13.125867,-1.8386596,0.29253924,0.46441808,0.469146,-0.5549366,0.46746126,0.8313713,0.10883222,2.5791628,-16.661575,-0.31033692,0.19995953,0.15376602,-0.065188594,0.06102101,-0.49548593,0.020839958,-0.5924795,-0.9436889,-5.817084,1.4112569,0.24839821,-6.3783236,-0.20824392,-0.75912124,-3.7641401,-0.35038397,-0.8806739,0.29888347,-1.101876,-2.0990784,-0.22889392,-9.667671
-1.141977,-0.06891637,-4.7314773,-0.06806289,-0.26049975,-0.79223263,-6.2154365,-7.2535744,-6.2931943,-1.0085711,-0.41768447,-0.046768527,2.227405,-13.524591,-1.4594814,0.15104832,0.45955524,0.30160537,-0.14331888,0.30591604,0.6967633,0.16024509,2.6973016,-16.162207,-0.67270243,0.12956712,0.1539332,-0.04909883,0.097279906,-0.20701686,-0.042183857,-1.0045916,-1.0552479,-5.979097,1.1500628,0.35879457,-6.231717,-0.33772704,-0.9547038,-3.3226182,-0.20895551,-1.051697,0.45951933,-0.92590356,-2.4507756,-0.14561698,-7.4556503
0.5653239,-0.05233962,-2.5627189,0.019026732,-0.50243914,-1.5668812,-7.0057716,-7.2748265,-6.8147974,-0.5049747,0.0914018,-0.07256876,1.7091731,-12.879161,-1.3314233,0.28917053,0.43973067,0.40864065,-0.48861432,0.44985285,0.71384925,0.13772044,2.5646544,-17.053068,-0.39734212,0.15104853,0.16857594,-0.0018905707,0.0751451,-0.39353135,0.09073374,-0.4720168,-0.90431136,-6.3514886,1.0787792,0.5731888,-5.58598,-0.059584234,-0.7496391,-3.8916357,-0.37073553,-0.7288017,-0.045705047,-1.0932019,-1.994801,-0.81877637,-9.465945
-1.0757332,-0.20460835,-4.5807195,0.0048111132,-0.49549845,-0.89177686,-6.7480583,-7.4352746,-5.851951,-0.82768524,0.75519055,-0.1102075,1.77079,-12.474758,-1.4779758,0.16071601,0.6167935,0.14429632,0.07537284,0.14471383,0.7370919,0.12485388,2.335277,-16.791046,-1.0402323,0.0982804,0.2667514,-0.02309156,-0.10511344,-0.39443251,-0.004573767,-0.76986164,-0.6919422,-6.288328,1.045239,0.16606864,-6.301551,-0.3898503,-0.6183359,-3.0636246,-0.41325253,-2.1907308,0.16629645,-1.1208184,-2.193783,-0.21202387,-5.821334
-1.5950626,-0.1560937,-4.7223554,0.41773653,-0.7510619,-1.7329924,-7.148884,-7.6740756,-5.35369,-1.1139592,0.67049766,-0.46335036,1.831451,-12.394606,-1.260441,0.19614986,0.4880998,0.068978526,0.22672634,-0.8580392,0.9625359,0.17582369,1.8248513,-15.759712,-1.4991795,-0.27068385,-0.09473099,-0.13281263,-0.122537084,-0.50813544,-0.2043224,-1.1367856,-2.207107,-8.022194,0.9482593,0.74762267,-6.8376727,-0.7310955,-1.2224096,-3.2021368,-1.5240661,-2.2634962,0.31361485,2.9148986,-2.5662134,-0.2289426,0.17947993
-1.2637186,-0.48309284,-2.4231339,0.638229,-0.5074354,-0.71924376,-7.032541,-7.3635426,-7.7497263,-0.4607774,-0.16844527,0.14239945,1.5461227,-13.300666,-0.9687041,1.1256967,0.4964767,0.49098763,-0.36155036,0.6228892,-0.2528421,-0.6000067,2.6562083,-15.676723,1.8481609,-0.052511092,0.06930593,-0.1029831,-0.02807997,-0.6357627,-0.20849699,-0.5461478,-0.6058239,-4.626034,0.779993,0.5152149,-6.1812205,-0.16734521,-1.0690842,-1.8407611,-0.31052974,-0.90511906,-0.46448648,0.05702776,-4.7926435,-0.81093776,-10.207539
0.15242046,-0.014332755,-0.72127175,0.1610062,-0.5561698,-0.4468024,-8.865435,-7.786475,-8.772505,-0.28906134,-0.7410101,-0.26238546,1.1533087,-13.244022,-0.38236144,1.1601377,0.26505464,0.32305944,-0.5650636,1.6622444,-1.6309347,-0.8044365,0.83010805,-18.199726,1.6624968,-0.09429262,-0.027251795,-0.046800245,0.06840876,-0.73748463,-0.1677202,-0.8915516,-1.9707894,-3.383603,1.22509,0.8906623,-5.7667904,-0.4783817,-0.84654176,7.057505,-0.39761946,-0.98408407,0.47871995,-0.60713273,-3.9870124,-0.08404815,-11.187741
10.642594,8.329886,16.488726,2.785748,3.7590349,32.77221,21.376959,41.46221,35.00442,5.940017,4.4308596,4.468816,9.9915905,40.746452,14.521591,36.039085,-0.61094034,18.119884,0.8158379,26.823591,30.035597,5.1201634,10.451652,63.340954,-0.5943298,4.493351,0.8077721,0.46052915,8.666728,2.805149,0.65828735,5.421392,20.807726,18.572702,10.963351,14.283486,37.886185,-0.37991768,51.257164,9.072233,-0.0012994781,25.902029,7.2645497,4.379389,14.938927,0.42959487,35.686092
1.1612021,-0.017213162,-4.138087,0.24974039,-1.3275616,3.7591004,0.5713962,-9.428889,-7.570795,0.5102946,-0.48343512,0.38162616,1.9358768,-15.210127,-1.9254305,0.450115,0.49682775,0.79332715,0.1877443,-0.11419628,-0.020000402,-0.4486901,-0.6076005,-17.278078,-0.8441624,0.08646453,-0.34891656,-0.04816075,0.27118498,-0.7815295,-0.5768493,-1.465915,-1.5250322,-5.3050995,0.03371662,-0.17675799,-2.7205567,-0.2558901,-0.9262591,-3.5389159,0.887099,-0.84324,-0.1819682,-3.0086818,-4.789019,-1.5011514,-15.257724
1.1765649,-0.05141319,-0.7264335,0.126444,-1.2897415,4.627618,1.6442198,-9.059168,-7.473591,0.5201709,-0.44529173,0.36742058,3.4532392,-15.685959,-1.8023403,1.30847,0.6701354,0.58127177,-0.009080517,0.13998018,-4.3878226,-1.2369878,-0.40350068,-18.45693,-0.23372273,0.26505926,-0.76759017,-0.04270432,0.4239714,-0.73283887,-0.110255554,-1.4225688,-1.5936363,-4.6323805,-0.31057504,-0.13389029,-3.4979815,-0.008858252,-0.80353683,-3.1881201,-0.26526526,-0.77447575,-0.0661147,-1.6138734,-4.6044044,-1.2541132,-15.096865
1.0468254,-0.24724121,-0.08310116,0.20593046,-1.5509045,5.270009,1.1029279,-8.181384,-8.848515,0.442491,-0.58461183,0.52749616,2.756524,-14.948206,-1.534482,1.1412792,0.43313736,0.57185894,0.18018036,1.5843368,-5.5559106,-0.77470666,0.013230881,-19.08762,-1.2982376,0.17865282,-0.71604574,-0.036823504,-0.012392718,-0.8022976,-0.33900145,-1.3596665,-1.6037866,-4.257111,-0.72189826,-0.22468497,-3.3635654,0.012376935,-1.7493634,-4.8125257,-0.34932584,-1.0633409,0.13777964,-2.8655307,-4.5986605,-1.4889414,-13.376414
0.4372596,-0.32367265,-3.4281628,0.17594716,-1.4131634,3.3871136,0.0278356,-8.122785,-7.2542286,0.45657575,-0.3799456,0.4047291,1.8525689,-16.024902,-2.2733717,0.76669765,0.55892426,0.5991135,-0.036154527,-0.09475271,0.6092779,0.11202639,-0.7214752,-17.481544,-1.2270137,0.078309886,-1.5079588,-0.04405713,0.4032592,-0.55178964,-0.12452918,-1.4576646,-1.5622641,-5.1122184,-0.029398538,0.29494312,-3.6842496,-0.47074413,-1.1956365,-2.8464913,-0.654567,-1.0862335,-0.1807268,-2.2922697,-4.5993423,-1.4857584,-12.876444
0.47950462,0.11074163,-1.2956821,0.3643567,-1.4541068,3.759335,-0.05155976,-8.330135,-7.8920355,0.65289795,-0.34711364,0.42599666,3.4507985,-17.273626,-1.6956129,1.1563771,-2.5521104,0.39050603,-0.059979178,0.15776011,-3.7478888,-0.91369206,-0.712274,-18.184864,-1.1891679,0.29275256,-1.4993131,-0.034363326,0.49187657,-0.7234734,-0.22097471,-1.8021443,-1.175697,-4.379675,-1.2616531,-0.089236,-3.8445537,-0.75178295,-1.4339046,-3.1156912,5.1347413,-1.1049842,0.032418825,-2.1112278,-4.507587,-1.0921298,-12.947091
1.1796409,-0.320333,-0.691953,0.21749978,-1.3900038,3.9362445,0.300712,-8.081843,-6.611155,-0.1273439,-0.51013434,0.51606876,3.0398984,-14.581281,-2.2295542,-0.058528442,0.3629223,0.61115414,0.123032235,-0.06786855,-3.918618,-0.72488266,-1.7221684,-18.19074,-1.4622637,-0.05154894,-1.1264931,-0.022893608,0.48422545,-0.76556844,-0.14707793,-2.282547,-1.1002158,-4.64582,-0.43733138,0.24165636,-4.4111414,-0.69332343,-1.5391116,-1.9919196,0.8788933,-1.1436087,-0.008770545,-2.059713,-3.7169845,-0.25561845,-15.701088
1.0732526,-0.19875473,-1.398398,0.3539108,-1.6672978,1.5156682,-0.49881488,-6.174046,-5.4756503,0.68580544,-0.82978934,0.43270808,2.2565758,-15.623697,-1.537461,0.67268836,0.28001168,0.5844803,-0.00781435,0.06808895,-1.9729457,-1.8184619,-1.7478758,-17.948317,-2.2551773,-0.08675306,-1.5456253,-0.096296266,-0.16383228,-0.62900794,-0.19968225,-1.4412295,-1.8876319,-4.253217,-0.2634096,-0.2545082,-2.8599327,1.6642952,-1.399758,-3.27148,-0.5451306,-1.0785391,-0.057206526,-2.0678387,-3.0177276,-1.3787111,-14.59902
-4.465076,-1.598199,-1.4521389,-1.5994321,-0.8624232,-5.6854415,-5.6032386,3.0958066,-8.73905,-2.0541296,-0.16935107,-2.3247476,-1.7366194,-10.747167,-5.7584734,-1.2079573,-0.26292172,0.061640188,0.23338582,-0.51914173,1.9898614,-1.195721,-5.3601637,-14.108831,-3.8673153,-0.51355433,-0.45979103,-0.27266216,-0.646421,-1.0045606,-0.30453414,-1.3063374,-2.3349533,-8.44323,1.5903829,-6.1192365,11.560153,0.6142197,-0.59043044,4.556421,-0.46387535,-0.75664556,0.14910752,-4.7928686,-6.598099,-3.1511197,2.6156259
-0.833732,-0.095388815,0.60487497,0.25183722,-1.6336035,4.04972,-0.6986103,-8.791878,-4.2983155,-0.027991498,-0.2881128,1.4103246,4.1424775,-15.169983,-1.2787207,4.32176,-2.4091175,0.92959493,0.14587389,2.29164,-3.1231468,-0.42192534,0.025861591,-15.608478,-2.2169192,-0.46824545,0.668795,-0.007081656,0.41604537,-0.97087234,-0.38834414,-1.4764695,-1.2075244,-1.3251708,-1.3441936,1.4286915,-0.002115553,-0.62922454,-2.4315867,-5.4869432,5.4810247,-1.2238635,-0.55525225,-1.6545851,-4.322878,-0.706868,-13.93781
2.1014755,-0.19167532,0.13879149,0.66083926,-1.1523095,4.888637,1.2020804,-6.896251,-9.433892,-0.96899515,-0.72348887,0.019499874,3.6865578,-16.826937,-1.4286925,1.176488,0.042816266,0.5542495,-0.1263507,0.044008184,-3.6528125,0.4226312,-1.424724,-19.349873,5.874505,0.19960764,-0.14191958,-0.344825,0.0400704,-0.68292165,-0.0697713,-0.28232703,1.7049583,1.5992725,-0.23416865,0.018748313,-6.9380217,-0.3405314,-0.70981735,-3.7625782,-0.1876432,-0.75744593,-0.36703694,-3.1849701,-9.790154,-1.1395183,-17.348349
1.2116802,-0.2888964,0.19419922,0.44959623,-1.138195,4.8167667,1.13496,-6.965105,-8.355553,-0.7398008,-0.50875324,0.24793524,3.4534764,-16.237381,-1.5555401,0.23001736,0.026341554,0.5352898,-0.11852585,-0.03618062,-4.0833945,0.42570835,-1.4807429,-20.074812,5.3049283,0.34285614,-0.34795627,-0.030056559,-0.55652004,0.2879321,-0.09716907,-1.6826051,-0.82487726,0.74327165,-0.4554644,-0.19044363,-3.7010298,-0.2825684,-0.5576795,-3.5922782,0.018399496,-0.98877144,-0.16062722,-3.7095416,-7.44313,-1.0428696,-16.47987
3.4587379,-0.3389721,-0.8188139,-1.5210581,-0.028787192,12.569677,12.004127,5.8964915,-3.7766619,-0.8115272,0.6890845,-0.042932,-1.3466974,25.608313,5.031689,-0.29872355,-0.5885562,-0.098387465,-0.6183975,4.5672503,0.24019037,-0.014020185,-1.8402631,30.51923,-2.8507078,-0.4377226,0.053798087,-0.038451973,0.9760516,-1.182653,-0.2873138,-1.787169,-2.2463872,8.411753,1.3950158,4.378016,18.186607,-1.3119247,2.4283934,5.6285486,0.15365392,-1.2490983,0.6189929,4.8210382,12.523136,0.23185441,26.883255
-3.381127,0.23628154,-1.380512,-3.574291,-0.18508154,6.075808,8.863115,10.4521,-0.65335786,-0.8188242,0.48761028,-0.5338385,3.1133652,33.397667,5.1631637,0.47906786,-0.7198883,-0.2859372,-0.6082872,0.070973985,22.359165,0.67714226,-0.01450474,36.048847,-4.8156114,-0.30024135,-0.039000947,-0.0059231007,-0.012850557,-1.2118584,0.55699927,2.6484356,-0.88294095,-0.012040242,0.58401376,-0.1975681,17.320818,-0.5966758,-1.9168552,3.362008,-0.56594306,-0.5926986,0.58330005,1.7168117,9.6011915,0.31002355,21.97944
-1.8347251,-0.009167812,-0.7273725,2.8029685,0.6337403,12.405322,11.641846,6.0368896,-3.0160174,-3.5379498,0.54830647,-0.32804382,-1.875355,26.661938,4.5459223,-0.119044945,-0.85094094,-0.040851742,-0.57675266,7.0640326,0.42492238,-0.33265293,-2.9873042,31.025839,-3.6956477,-0.62129444,0.34640777,-0.044767763,0.7639458,-0.8782333,0.27988562,-1.7113055,-1.8818712,9.581661,-0.38949016,4.4023037,18.839495,-0.9265313,-0.6241693,5.5309496,-0.04685637,-0.23186451,0.8399664,3.862452,11.956314,0.09304484,27.854279
-1.9819874,0.16769926,-0.8070589,-0.30523074,0.17159484,3.6467578,10.160448,3.6471713,-2.3439305,-0.5876215,0.7076302,-0.3921052,3.0201094,29.440868,5.89911,-0.21765567,-0.38150764,-0.30610335,-0.046608932,1.2699896,20.110254,0.723473,-3.5107334,34.57739,-4.6320806,-0.32483807,-0.034493513,0.11901653,-0.16633472,0.21030746,0.1486361,-1.284999,-1.042099,0.37521413,1.6552253,3.9711163,16.100563,0.3685259,4.2346663,5.4225245,0.298112,-2.1436186,0.6709187,2.215927,11.490082,0.4581117,22.430649
-1.8917365,0.31171146,-0.49534252,2.0943158,-1.3733314,13.761135,11.368975,-9.299179,-0.8032865,-1.0162108,-0.06749987,0.11896402,0.74164915,32.94241,6.815885,0.1752355,-0.25999227,-0.08347937,-0.9637415,3.991153,0.07804341,0.060539156,-0.73417693,30.246675,-2.914953,-0.46741807,-0.031486597,-0.012019494,0.17391343,-0.5392474,0.31127593,-1.393564,-1.943081,-0.67298305,1.8131572,3.217221,20.541868,-1.4770304,3.8860078,4.2177067,0.37359095,-1.4753383,0.54042333,3.7477174,22.134933,0.053187046,27.361044
4.925255,-0.7182514,0.9143084,0.6004326,-1.3924118,14.566814,10.724719,5.864517,-1.4753717,-0.8828598,0.7142167,-0.2035651,-1.181839,25.544401,6.884056,-0.55626553,-0.6078362,0.17630455,-0.56524616,4.0440936,-0.011779236,-0.12526383,-2.9206426,29.714573,-2.8052783,-0.4355177,0.064486116,-0.051812515,0.65904176,-1.1395141,0.29127708,-3.2889938,-1.6950526,0.88452566,1.6757917,4.384906,19.370567,-0.9787693,2.5833416,5.0573325,0.5815613,-0.6139403,0.414541,3.8186262,12.518254,0.21091618,27.559
-1.9058092,0.43496805,3.2532413,-2.8859124,-0.5640611,7.7300663,1.7641615,11.490599,6.5263963,-0.40137026,0.47033244,-3.176627,2.9137185,18.269018,7.4633975,0.4937573,-1.6297683,-0.66905504,0.21907693,-2.5451064,20.82227,0.5982178,6.570913,43.224426,-5.6515446,-0.21046402,-0.8219029,0.22955023,-0.1988545,0.74392813,0.03892772,3.2806473,-0.8103978,-2.8139613,0.60681623,0.37089592,17.725847,-0.41849536,2.653685,2.1981754,-2.7076895,2.468214,1.3804775,1.134595,9.528169,0.023185084,16.017866
2.4107678,0.1283105,-0.6528759,0.65016884,-0.62628984,-9.436485,-2.5707781,-7.6343374,-4.268732,-1.6799319,-0.044608373,-0.32426476,-1.9441242,24.588049,1.2734078,-1.0892541,-0.2779772,-0.23511167,-0.5659984,-0.16281652,21.146168,-0.84808844,-1.4369234,28.161037,-1.6811827,0.035876542,0.0634592,0.10480391,-0.33299613,-2.0711906,-0.3115088,-2.1864114,-2.66791,-5.2860837,1.4813079,3.426854,16.617432,-0.67105246,-0.6780722,4.759059,-2.1241517,2.9210255,0.29994586,1.171036,7.7181206,-0.050573163,10.700773
-4.4061136,-0.33776805,1.3052047,-1.1353328,0.90306556,-11.332141,-10.283,-0.025614075,-0.60107815,-1.4701054,0.2537556,-1.0881925,0.41773528,27.675694,0.5139338,-0.25594074,1.4161887,-1.158028,-0.42323557,-0.14786343,19.936316,-0.551193,-1.9235061,31.540562,-3.388415,0.091902,-0.039069347,-0.24600907,-0.08533837,-1.478197,0.5463098,2.71244,-1.9570919,-9.777791,0.18649891,-1.9858274,15.013304,0.038199376,1.9639739,3.6682239,-1.8651038,3.4039872,-0.39829546,1.1635886,6.1944656,0.07731545,13.230388
1.5968633,1.1123413,-0.53267515,1.1338899,-0.0772548,-7.3617587,-4.4642444,-0.17346683,-2.2602043,-0.52656233,1.1265217,-0.014928999,-1.8727512,21.716557,0.69366986,-0.8475866,1.6930944,-0.11784287,2.4573922,0.09987244,21.808016,0.38678578,-1.2921792,-9.690864,-0.8225644,0.38622713,0.40629724,0.78531563,-0.9526085,0.40140057,0.2762792,-1.0906492,-1.3801283,-4.6304445,2.0847545,0.15106623,16.502537,-0.31703404,4.492755,5.732139,-1.6953583,4.8539667,0.531773,2.5763342,8.83236,0.34729356,13.451359
2.9263494,0.16770896,-0.5890177,-0.3219305,-0.36420676,-9.216671,-3.1300075,-1.3126853,-4.7334623,-1.3250482,0.65482134,-0.4709633,-1.4747882,22.3955,0.38582847,-0.82419586,1.0520624,-0.118923366,0.8995335,0.2017173,20.3512,-0.09474383,-1.9544492,22.754442,-1.366166,0.42598456,-0.088939175,-0.17533739,-0.5627546,-1.5700636,0.13306859,-2.1279545,-1.2178702,-4.8209286,2.1004581,0.03672507,14.585685,-0.8978797,2.886521,2.440501,-2.4124043,1.4515393,0.29161817,1.9060569,8.3388,0.1356429,10.538482
2.9827852,-0.21978165,-0.8299776,0.3424041,0.11558511,-7.308984,-5.57884,-1.1035625,-4.9951215,-1.3641605,0.74244696,-0.77996814,-1.5086213,27.163187,-0.025578441,-0.82860273,0.74756056,-0.098215126,0.49461466,-0.042110484,17.656187,-0.022639142,-1.6767902,23.591932,-1.4969007,0.20042804,0.15990192,-0.23078309,-0.7407047,-2.0006466,0.16134,-2.752819,-0.94186705,-5.0749817,2.1324577,-0.23038678,16.82474,-0.9443474,-2.3019009,3.1785529,-1.6751896,-0.05156204,0.3845981,1.5620831,8.165168,0.15794216,13.980417
1.0529289,-0.20687237,1.6233759,0.4014244,-1.2567122,5.1317005,0.37903708,-7.47484,-7.008663,1.0370611,-0.6838706,0.70923424,3.6100314,-12.834911,-1.4340476,1.276761,0.2273256,1.1869909,-0.039557856,0.9477033,1.9645708,-0.676338,0.48158792,-17.229822,0.5335405,0.29291987,0.37191936,-0.045785468,0.003226155,-0.5319868,-0.14911401,-1.4931717,-1.3646674,-0.919341,-0.92567825,0.34772983,-0.14482,0.11712649,-0.63213277,-1.8197259,1.5348217,-1.2050709,-0.06891711,-3.41259,-3.0131474,-0.7788716,-13.593412
1.5596789,0.06183356,1.2736057,-0.0025902048,-0.86971885,3.668188,-1.5545591,-4.595331,-6.776574,0.7062621,-0.37886444,0.45395336,3.3665776,-10.996024,-1.6260155,1.134556,0.14386855,1.0627145,-0.074024074,0.39830264,2.251178,-0.5226854,0.31069437,-15.930002,-0.8493663,0.3832742,1.2044451,-0.075692296,0.027758239,-0.4805179,-0.13944031,-1.5784123,-0.92805606,-0.28601706,-0.81788534,-0.27982718,-1.2958837,-0.36991736,-0.62873447,-2.4615076,6.0629106,-0.84719163,-0.23855874,-2.2752204,-2.5781581,-0.8066769,-10.905568
1.8766369,0.03897424,2.222811,0.48836294,-0.59218466,3.556692,-2.060177,-5.380408,-6.261477,1.2177838,-0.373655,0.88158894,2.0119267,-6.74527,-1.9093603,1.8398025,0.29645503,0.9432931,-0.13728434,-0.4692607,1.7772341,-0.08334804,0.074063204,-16.501219,4.083628,0.7256343,0.36653483,-0.0068352423,0.028273229,-0.3436629,0.50607705,-1.5890013,-0.38678136,-2.592484,-1.0079018,-0.012207126,-2.1165676,0.061420973,-0.4586305,-1.4312855,-0.07104957,0.28682435,-0.19029862,-2.2947326,-2.9143295,-1.0858877,-13.872804
1.8276227,-0.09149718,0.8535356,0.7975811,-0.64846236,2.4242449,-2.142823,-4.8949146,-6.9511027,1.569949,-0.9138912,0.4291009,4.836871,-3.870724,-1.4773959,2.8249915,0.51276094,0.39328575,-0.42749447,-0.85842025,0.643641,-0.02895016,-0.24937163,-15.0655575,2.4682958,0.6580602,-0.5241447,-0.020022321,-0.10243169,-0.529557,-0.030133644,-0.86441284,-0.79353297,-3.2322996,-0.08295779,-0.17185809,0.3016164,0.29516974,-0.83626,-1.6071842,-1.23426,-1.3449064,0.08325044,-2.7074628,-3.9636474,-1.0546553,-11.510817
1.6271402,-0.29165655,0.41994238,0.67122716,-0.5525397,2.3271258,-0.6851808,-6.30446,-7.055928,0.8826051,-1.1796339,0.37732905,5.5382,3.613921,-1.3459607,2.102846,0.24961217,0.64708954,-0.17461549,0.32163122,1.3446503,-0.39313185,-1.0659494,-14.905937,0.7764387,0.46548912,-0.65244585,-0.007999799,-0.12475101,-0.6090346,-0.17987104,-1.0098274,-0.7990444,-3.497611,-1.0457075,-0.24374877,-1.6734288,0.18590981,-1.1218537,-1.5694141,0.42958614,-1.4338614,0.10815339,-2.7762902,-5.602243,-1.1274787,-11.589889
1.3216152,-0.30857953,2.1312745,0.067343794,-0.3565012,2.2702873,-2.8775716,-6.3249373,-7.1917934,1.0483422,-0.2541175,0.65387684,3.2634563,-11.587757,-1.6943015,1.3682055,0.16967772,1.1079574,-0.09369305,0.6343387,1.9363916,-0.7670013,0.26981995,-16.453634,-0.48470902,0.30546954,1.4890225,-0.06664097,0.05517495,-0.8783593,-0.27081606,-0.75456387,-0.8771276,-4.371819,-1.0880921,0.02139231,-0.5634689,-0.22337466,-0.5260331,-2.4517977,6.9714184,-1.3068308,-0.20363918,-2.0788789,-1.2012799,-0.8592867,-10.339116
2.4158454,-0.21066368,1.5452234,0.26834103,-0.28613308,3.2434652,-4.3850446,-6.6109457,-7.046295,-0.58327734,-0.37768114,0.34410113,3.6183686,-12.535664,-1.3827612,1.1512918,0.27915037,0.28765577,-0.035834793,2.1855977,2.2024999,-0.7924998,0.526133,-17.32924,-1.0020047,0.3308864,2.7844946,-0.021359764,0.10064407,-0.5239042,-0.07905946,0.11440337,-0.53314424,-0.29498526,-1.1147662,-0.3688157,-0.48609412,-0.14021905,-0.42735535,-2.6466935,6.1772404,-1.0732255,0.016941343,-1.9936548,-1.0681535,-0.775327,-10.863795
-0.16775644,-0.018608093,0.4650762,0.49224213,-0.49227187,2.059252,-5.4877844,-8.188228,-4.908111,-1.272436,0.5104402,0.11975704,2.6486554,-4.7520604,-1.633226,2.0303116,0.32640928,0.22708926,-0.6948908,0.46619108,1.0208675,-0.41313145,-0.66349673,-16.747114,-0.7253281,0.07420448,0.3320816,-0.04637769,-0.1463809,-0.5246291,-0.18270738,0.71834695,3.6187177,-3.726316,-2.496289,1.0546231,-7.176605,-0.55288017,-1.0173781,-5.2432218,-1.555215,-0.910367,-0.4591352,-2.5935342,-2.1410356,-0.26780173,-12.320187
1.5764163,-0.21880811,-3.6335454,-1.0292338,-0.6512627,-0.3690299,-5.2071524,-7.2105985,-8.255281,-1.3467009,-0.48289436,-0.22494061,1.8493818,-15.093597,-1.6683878,0.9522966,0.5874244,0.008442979,0.04005129,0.35982323,0.6309552,-0.7036602,-2.0675797,-18.147299,2.4195812,-0.11966777,-0.07285188,-0.06496595,-0.011212662,-1.082715,-0.29640958,-1.0800083,-1.2695951,-5.682542,-0.22435814,0.056770463,-6.9259562,-1.5074234,-1.2363323,-4.5354686,-0.74136275,-1.1679671,-0.026758846,-1.5037471,-6.237027,-0.83144945,-11.338549
1.6104972,-0.08097327,-3.6440938,-0.92852336,-0.72756505,-0.28496853,-5.2065625,-8.049396,-8.495442,-1.302535,-0.46121863,0.12136746,1.9965867,-16.385664,-1.4469022,0.9239293,-3.9243739,-0.20330447,-0.5280835,0.2025188,-0.1877111,-1.1670367,-1.9392179,-18.10428,3.6414216,-0.22971642,-0.24949594,-0.14877662,0.18795946,-1.0737197,-0.3493022,-1.461724,-1.8674237,-6.3879733,-0.50635064,0.14728005,-5.821886,-1.3346028,-1.5808878,-5.0422425,-0.78494424,-1.0661169,-0.1653234,-1.1172438,-5.5793676,-0.67723435,-13.588363
1.5815008,-0.08368165,-3.7120707,-0.89085484,-0.7034868,2.2847009,-4.8161063,-7.6760964,-7.773198,-1.2787616,-0.25272983,-0.020698491,2.9734912,-15.923917,-1.2961233,0.96095496,-4.0400944,-0.029563377,-0.36725488,-0.3637577,0.11088965,-1.168668,-1.8623382,-20.476463,3.674485,0.1793334,-0.20775665,-0.12508611,0.1312128,-0.98782367,-0.2897838,-1.316534,-1.643564,-6.8662004,-0.5266222,-0.2095272,-8.452275,-1.2556995,-1.518053,-4.711926,-0.8501126,-1.0909387,-0.13626982,-1.4889016,-5.959828,-0.5216406,-14.241482
1.5571829,-0.022132266,-2.1192322,-0.88272953,-0.71780723,-0.34860843,-5.0995493,-7.590262,-9.017726,-1.070323,-0.33902514,0.21093182,1.8416961,-16.938553,-1.466111,0.94153064,-3.7069137,-0.22756948,-0.71186084,0.21051374,0.3178312,-1.2592318,-1.9512744,-17.999569,4.7272487,-0.19242693,-0.27789965,-0.11827906,0.11910315,-0.9929246,-0.29787186,-1.3040684,-1.6501377,-7.1271386,-1.4597421,-0.03145954,-8.580264,-1.149,-1.5067291,-4.778219,-0.7230913,-1.1166232,-0.15387769,-1.3255363,-5.6063704,-0.4470273,-13.139175
1.5502241,-0.20745051,-3.798878,-0.8849804,-0.6673828,-0.115325116,-6.090192,-7.371435,-7.7519555,-0.5881247,-0.59947777,0.17879418,1.9390278,-16.337967,-1.5062015,0.80802953,-3.997765,0.15953474,-0.35124,0.41038623,0.10546669,-1.4250474,-1.8796808,-17.957458,3.6700203,-0.08320522,-0.69954216,-0.13265574,-0.12751302,-1.0086411,-0.2787545,-1.1058655,-1.5371597,-6.1873507,-0.8124876,-0.0830625,-8.260934,-1.4757637,-1.8610346,-4.56731,-0.76555455,-1.1341738,-0.17457937,-1.5105555,-5.568006,-0.435483,-13.098158
2.0573373,-0.32063362,-0.2485707,-0.16453737,-1.3172466,4.573962,0.33616868,-7.5997868,-11.061463,-0.78392524,-0.8353321,0.13032821,1.4628656,-16.453823,-2.6768105,1.0887468,-3.005265,0.46032652,-0.44328624,1.6686213,-2.793474,-2.1396053,-1.4858282,-20.446892,5.598625,-0.0016487297,-0.5160246,-0.16730611,-0.12834208,-1.8057033,-0.51520765,-1.5256938,1.0504712,-3.2121954,-2.2563741,0.56168836,-7.844329,-1.306184,-2.849055,-5.6222563,-0.51816624,-1.4058534,-0.14416213,-1.7741748,-10.046734,-1.189746,-17.35031
2.1037874,-0.33567235,-3.8438115,-0.49934852,-0.861385,3.979794,-2.5149791,-7.032048,-9.645148,-0.7819822,-0.41387793,-0.008130345,1.9380621,-15.5322485,-1.4546386,0.43103915,-3.8082368,0.46825045,-0.15616527,1.8622539,-0.06899062,-1.4353763,-1.6829175,-20.271238,4.838515,0.16813324,-0.46686104,-0.016700137,-0.4034837,-1.2112337,-0.30839226,-1.2886673,-1.0611906,-4.365692,-1.3683077,-0.026168466,-7.5905323,-1.5205804,-2.5536652,-5.055831,-0.97354436,-1.5240972,-0.1413491,-2.6268363,-8.082234,-1.131262,-17.006783
0.97668684,-0.0752485,-3.949949,0.07495264,-0.55739576,3.666741,-5.5956984,-6.8339224,-14.081759,-1.3633376,-0.46991792,-0.4743058,2.0214455,-16.961071,-1.2705891,1.2521726,-3.1042235,0.16033912,-0.1754206,1.1599784,-0.060170818,-1.6614996,-1.8499693,-20.760307,3.833053,0.1288023,-0.4836386,-0.05885388,-0.012395432,-0.99514735,-0.3211962,-2.1124554,-1.491613,-5.392306,-0.23673056,0.5804529,-11.152338,-1.3774691,-2.3008997,-4.1250153,-0.87092626,-1.8078902,0.114510514,3.5364633,-0.82764506,-0.40404177,-17.62888
1.2240626,-0.19555451,-1.9413129,-1.1380347,-0.4585139,1.7430115,-3.5300784,-6.84136,-10.387407,-1.136338,-0.5128018,0.030386826,1.0652971,-15.019973,-3.147503,0.4621971,-3.7220745,0.751967,-0.062487267,1.7743227,-0.8480552,-2.2116928,-1.756224,-19.010233,4.1374702,0.04097559,-0.64905494,-0.044778716,-0.6859412,-1.4608423,-0.31396654,-0.353691,2.1544936,-2.87929,-2.355443,0.04762085,-7.986937,-1.0650846,-2.9425018,-5.467771,-0.44878477,-1.3336283,-0.14900886,-3.0050085,-6.0913453,-1.2545986,-16.309475
-3.661285,-0.55687904,-1.688683,-0.02410689,-0.56762725,-8.3152275,-9.232599,-6.537683,-7.9368525,-0.53957033,0.39590698,0.2912627,2.1039493,-11.391252,-7.0814643,-0.005144264,-0.119926006,0.15040593,-1.9416014,-1.0939442,1.735176,0.47241282,-0.23470394,-12.956208,-3.3593264,-0.52169514,-0.0808783,-0.16794786,-0.2901137,-0.43058023,-0.21148573,-1.0132539,-2.646316,-9.633134,1.6092789,-2.225772,-4.8374968,-3.2588086,1.3213769,7.134075,-1.9087553,-1.6404722,0.26586822,3.9350686,0.35591117,-0.06302691,8.842067
-1.2050544,-0.09920284,-3.6536272,-0.09505096,-0.44911623,-6.590268,-9.017429,-5.9222417,-9.5933895,-0.2422556,-0.82821167,0.58894086,1.8296171,-13.380533,-1.8133167,0.2024633,0.2560736,0.2554293,-1.248848,0.09246402,1.7508821,0.116414525,0.6129274,-14.797521,-1.1954163,-0.10114738,0.15313736,-0.048104145,-0.45375416,-0.5892138,-0.049952727,-1.2975675,-3.3570662,-1.7730619,1.5812643,-1.1706207,-4.936861,-0.79829395,2.4213424,-1.2853192,-2.566069,-1.9059721,-0.12150187,0.035494473,0.7683219,-0.2838395,-0.046632767
5.568689,0.039579015,-3.4321876,0.0035493595,-0.42507195,-1.9032803,-6.7443066,-5.5515375,-5.0462255,-0.60473555,-0.8537209,0.4072785,1.2811109,-13.579679,-1.7090751,-0.002908015,0.23374994,0.28615302,-0.5338,0.12228511,2.0313258,0.12777665,0.5598229,-17.061525,-4.421512,-0.16919577,-0.03605787,-0.06120094,-0.21241632,-0.5761618,0.21414244,-1.5766646,-1.5559129,-1.6262184,0.776613,-0.4437118,-5.147427,-0.9750668,-1.5856141,-1.6940875,-1.519325,-2.0640318,0.040686097,-1.5460932,-1.5460964,-0.6805933,2.6898577
-1.8880402,-0.5059515,-1.5377346,0.884013,-0.77991635,-3.9875982,-8.334489,-9.846189,-8.755885,-0.17652157,0.31532726,0.19085433,0.035954334,-11.399754,-7.3818455,-0.056305762,0.0008520244,0.07359952,-1.8893796,-0.5067276,1.8655496,0.13056353,-0.4561003,-15.364022,-3.8427963,-0.31523433,-0.065452,-0.60833275,-0.2174347,-1.9167577,0.21683334,-1.0472343,-2.8986466,-4.4446583,0.84962714,-2.7170122,-5.6921124,-4.1562076,-1.8373637,6.625482,-0.24670823,-2.8368416,-0.03224575,1.9439113,5.1442018,-0.025504278,10.573815
2.0586295,-0.37264672,-0.007314909,1.5577261,-0.8402868,4.520064,-0.22990485,-7.1040564,-7.8443117,-0.24287017,-1.3455358,0.03152368,3.858471,-15.292158,-1.576911,0.07398347,-0.026632052,0.55846846,0.14179966,-0.075010315,-3.2475863,0.49425596,-1.4408526,-19.099209,5.571348,0.35004303,-0.55629456,-0.009879264,0.014007937,-0.7362107,-0.15473707,0.29972044,2.1941543,0.95681804,-0.3905359,-0.16061124,-7.62225,-0.38601124,-0.88711303,-3.44556,-0.33281374,-1.4781759,-0.53278184,-3.6491249,-9.489178,-1.0678403,-17.166882
1.1286106,-0.26497173,-0.088063225,-0.024768187,-1.0238197,3.6644728,-0.22075947,-7.276942,-6.3538976,-0.82006323,-0.48967755,0.03354423,2.8310401,-14.050073,-1.7637099,0.0690464,0.058069475,0.5890551,0.05031295,-0.67915154,-2.7581398,0.9235305,-1.7172261,-19.091887,3.574232,0.1679487,-0.31351992,-0.04164297,0.007301694,-0.6304725,-0.18154113,-0.5976958,2.3700356,-0.7801979,-0.55838215,-0.20420985,-6.9343286,-0.16571209,-1.1336455,-3.9361727,-0.34337538,-0.98918784,-0.3206952,-2.3031616,-7.8019004,-1.068753,-14.806516
2.0931482,-0.20033133,0.21506484,1.2196146,-1.076587,5.2665005,3.8703501,-6.9355626,-9.744006,-0.9890563,-1.527764,0.005841913,3.6843476,-16.637617,-1.4525329,1.1872867,0.080421805,0.60014844,-0.13596122,0.04108374,-4.6343455,0.26936656,-1.2653621,-19.061922,5.4313884,0.20715359,-0.1579309,-0.032849625,0.2231131,-0.7705128,-0.0950654,-0.37969753,1.9022573,1.303007,-0.42508546,0.1566117,-8.748127,-0.3545895,-0.73992044,-4.7790747,-0.22815104,-0.7003698,-0.39692417,-3.0823586,-8.730516,-1.2954019,-17.032097
1.1678455,-0.22878201,0.2915815,1.2192566,-1.0428227,5.1354465,2.138446,-6.8994336,-10.615714,-0.31525213,-1.77115,0.121271424,3.4353647,-17.137922,-1.5093914,1.2033519,0.10907108,0.6321449,-0.13093276,0.34019467,-5.5234075,0.43793935,-1.2717587,-19.024458,4.589851,0.23594826,0.18837735,-0.010070626,0.185633,-0.94331115,-0.06503214,-0.43744496,1.7807103,6.4625254,-0.21221821,0.4924617,-7.276052,-0.10524041,-0.7822797,-6.3750796,-0.2746721,-0.42822954,-0.8605352,-4.358896,-8.61577,-1.1796346,-16.461454
1.458749,-0.1718523,-0.3005441,0.4501537,-0.87205887,3.166626,-2.3470232,-7.2300014,-6.0544815,-0.64544,-0.42467576,0.006125228,0.5907985,-13.1185255,-2.323983,-0.19302432,0.21258435,0.09337392,0.018301016,-0.1551134,-0.11904398,0.8664138,-2.0013266,-17.534895,-0.46512,0.0123909805,-0.39816165,-0.08073678,-0.044239033,-0.6475961,-0.3235202,-1.1769704,0.74114937,-2.4525023,-0.25410664,-0.29957178,-7.024731,-0.11228269,-0.5785127,-3.116283,-0.5851818,-0.8687353,-0.34023654,-2.060362,-4.4267607,-1.3425907,-13.154568
2.151624,-0.034699216,0.25139987,1.6155714,-1.136071,7.060325,3.1635146,-7.0414677,-10.55654,-0.66977435,-1.0009135,0.082667395,3.2830222,-17.446297,-1.7348247,1.1588554,0.07653243,0.44652653,0.07060634,0.4200634,-4.6735473,0.25341308,-1.1445671,-19.806545,5.345882,0.22115731,0.31488776,0.0075157187,0.19754134,-0.76677746,-0.09673024,-0.3070018,2.078403,1.8925872,0.15082614,0.07515688,-8.610616,-0.28252393,-1.0185213,-4.204354,-0.17179447,-0.33880964,-0.3533009,-3.324627,-10.18501,-1.0362493,-18.639517
1.0862396,-0.18677068,-2.6779187,-0.0393172,-0.6398331,-0.85727423,-6.0922694,-7.3785205,-5.196423,-1.2059457,-0.34203967,0.3502841,1.5520341,-12.480418,-0.94724184,-0.041526496,0.42970675,0.3713475,-0.3470222,0.3362822,1.0639589,0.67224133,2.5865855,-16.733881,2.0498068,0.017319879,-0.17081662,0.030412717,-0.27668118,-0.781126,-0.40120173,-1.1411335,-1.2174338,-6.75658,0.54655886,-0.15397315,-8.456688,-0.81692386,-0.20052439,-4.1396422,-0.9698378,-1.0590272,0.14352587,-1.4779058,-5.442167,-0.18263616,-10.288492
0.9009359,-0.16482797,-2.3615685,0.11419093,-0.59944,-1.0837051,-6.3349485,-7.8534946,-5.925501,-0.6324052,1.1017781,0.27751538,1.8128201,-13.306558,-1.6206814,0.43489945,0.71549463,0.30895698,-0.3690651,0.42975754,0.9067426,0.6168708,-1.3057178,-16.940033,3.7882016,0.7510976,0.15854676,0.0042950185,0.20617943,-0.5071307,-0.18850796,-0.96994305,-1.5188283,-6.044209,0.55814946,0.027557276,-6.481828,-0.7841681,-0.4468753,-3.984996,-0.77399576,-0.7587041,-0.059869904,-1.5792049,-5.608737,-0.6494689,-12.106037
1.5808762,-0.21716712,-2.8495047,-0.0083252555,-0.4058644,-3.3361845,-6.4655013,-7.194447,-6.336093,-0.65109426,0.89177644,0.41483366,2.1916623,-13.355588,-1.5938405,-0.02299867,0.42433178,0.17687705,-0.4282569,0.1601625,-0.056276273,0.57402,1.3708329,-16.860437,2.2302911,0.42502075,-0.040826164,-0.040676497,0.02790517,-0.8595517,-0.113886885,-1.4411299,-1.5032659,-6.0223393,-0.51362437,0.12812021,-5.453514,-0.29211366,-0.6633723,-4.500358,-0.9560597,-0.96840394,0.28983474,-1.1876531,-4.96513,-0.71924955,-8.527361
1.1276932,-0.17999153,-0.9727224,0.26637405,-0.7233357,1.51705,-1.9280051,-7.4528546,-9.293209,-0.86740863,-0.48989972,0.18965976,1.6797254,-13.664647,-1.2964637,1.062842,0.53013,0.5497611,-0.12274749,1.7900345,0.4339698,0.4596442,-1.3730321,-17.49723,3.8911011,0.82536966,-0.97758234,0.029717628,0.110946715,-0.90237683,-0.0042374493,-1.9370042,-1.7553754,-3.7910008,-0.7886627,0.5990647,-6.6914897,-0.45840093,-1.5410855,-4.4366007,-0.6637203,-0.97598654,-0.060738713,-1.79952,-4.528238,-0.19514303,-15.49524
1.7139896,-0.24212947,-4.423613,-0.35360667,-0.52106166,-3.0171852,-7.1587467,-8.00016,-7.3784995,-1.5032109,0.9577246,0.4850703,1.8169901,-14.231214,-1.607461,0.039819196,0.4957643,-0.018952927,-0.39826626,-0.23078275,1.4095174,0.3832661,1.955169,-16.512424,-0.41081753,0.43155545,-0.41587633,-0.032187298,0.1043198,-0.6270795,0.40457192,-1.4147168,-2.0868673,-6.2177567,0.5290292,0.066472255,-6.307903,-0.764937,-1.3351583,-4.095192,-1.457032,-2.4232655,0.42970464,-0.39677092,-2.3339205,-0.3803772,-5.561122
1.2249389,0.07495169,-2.4236445,-0.009509197,-0.4884499,-3.2287872,-7.452399,-8.18351,-5.2641172,-0.54681766,1.1905142,0.3622344,2.6776757,-14.91565,-1.4724677,0.45025745,0.6212264,0.29229757,-0.35023886,0.32282138,0.9362108,0.46124554,-0.81530404,-16.775024,2.1487286,0.3395062,0.15742251,0.040341746,0.108959615,-0.61795264,-0.1392725,-1.3065464,-2.0271964,-6.0527186,0.5137634,0.09770452,-5.4972305,-0.54191494,-0.9361432,-2.08049,-0.65071243,-0.8396552,0.3724138,-0.23068182,-5.8256564,-0.63325477,-11.052082
1.1229756,-0.21059564,-0.07423865,0.35648188,-1.0257777,3.7964325,0.17035584,-7.594222,-6.899198,-0.6254155,-0.5059388,0.093486845,2.8751466,-14.029475,-1.758752,0.06304236,0.035477336,0.5562573,0.016957045,-0.35878316,-3.0515113,0.5307204,-1.5330622,-18.595194,4.1379857,0.22395866,-0.35391745,-0.030116864,-0.13427521,-0.3788928,0.2505725,-0.64143586,2.3512125,-0.63822675,-0.813713,0.12012693,-6.975767,-0.29337102,-1.1183683,-4.1478295,-0.3662095,-1.3738215,-0.35900673,-2.4169643,-7.7301874,-1.0864011,-15.847572
1.1085839,-0.26944375,0.28886253,0.3818523,-1.0776988,4.0687075,0.22181238,-7.5073824,-6.86624,-0.7851093,-0.51097965,0.06621589,2.8550787,-14.101518,-1.5626493,0.056185883,0.029991467,0.54973394,0.050271995,-0.36421782,-3.0590463,0.5252335,-1.5048239,-19.11915,4.1571374,0.23284182,-0.37244627,0.012084597,-0.1494426,-0.4450445,-0.23194449,-0.56029785,2.3275213,-0.5871766,-0.7351721,0.10517169,-7.0449753,-0.31766313,-0.80918914,-4.112708,-0.33833107,-1.2496439,-0.35857937,-2.3206747,-7.7865553,-1.0997447,-15.85055
1.0811502,-0.32943246,0.2725589,0.46552196,-1.1229764,4.5344167,0.91738486,-6.9937677,-9.232071,-0.8716355,-0.8955779,-0.021849366,4.0167804,-15.742127,-1.6417254,0.053242214,0.021658292,0.5814829,0.14222875,-0.18070121,-3.434854,0.46656093,-1.2108057,-18.76817,4.607522,0.28063673,-0.35766315,-0.075803265,0.11596643,-0.79807514,-0.11430423,0.11346169,2.3267558,0.8534796,-0.602356,-0.21104893,-7.265631,-0.30401993,-0.6832556,-4.1808805,-0.31132862,-0.32000673,-0.39931616,-3.4843693,-7.528583,-1.1624985,-16.76261
1.1052363,-0.20011005,-0.18063568,0.3769776,-1.0850897,4.17843,0.19489656,-7.538018,-6.869365,-0.8036376,-0.5064251,0.0675055,2.921944,-14.09908,-1.7150836,0.0600103,0.018597124,0.5488108,0.049735926,-0.3498758,-3.1578808,0.45780113,-1.4848058,-18.603088,4.1412907,0.24725568,-0.3584665,-0.041484598,-0.06829508,-0.37070453,0.29120323,-0.65647537,2.3724215,-0.54605544,-0.8012211,0.11239644,-7.2160244,-0.3320414,-0.8384273,-4.217294,-0.39202738,-1.3735665,-0.35756254,-2.4215012,-7.7745223,-1.085847,-15.963013
2.030718,-0.053887114,0.37977728,2.020021,-0.55045086,5.160112,0.78885174,-7.687844,-10.295926,-0.9875426,-0.72710085,0.027408736,3.4938617,-17.20756,-1.4345307,1.1311228,0.024108157,0.59461564,-0.12421044,0.048965473,-4.7272973,0.5235405,-1.3155726,-19.685484,5.4793897,0.1918901,-0.14779614,-0.06277769,0.2992064,-0.76259196,-0.06959043,-0.3671815,1.8891006,1.7052083,-0.37566525,0.076706834,-7.5973897,-0.31252128,-0.74779063,-4.109789,-0.22701047,-0.21733607,-0.37443098,-3.2327623,-8.828095,-1.1354499,-16.82844
2.0019996,-0.14660269,-0.054894876,1.2927288,-1.184556,3.947605,0.035998575,-7.321281,-8.558612,-0.74113727,-0.38126758,0.06575304,2.847263,-14.471025,-1.4672027,0.09444754,0.026797745,0.5876758,0.053533677,-0.31830385,-3.49206,0.58545476,-1.2759616,-18.359585,4.629226,0.21673648,-0.30561274,0.014484667,0.17091115,-0.98472863,-0.17824513,-0.8342996,2.1172853,-0.59370416,-0.5882722,0.20437846,-7.5740542,-0.2526006,-0.94080734,-4.2556057,-0.29455698,-0.17495468,-0.3800315,-2.2352953,-9.567831,-1.4192789,-15.519631
2.0646908,-0.110815756,0.25006354,3.16727,-1.2149838,5.157468,3.073281,-6.831887,-10.158575,-1.0415586,-0.82972753,-0.005065873,3.4926305,-17.351793,-1.4494864,1.1656673,0.11644502,0.55966145,-0.118368655,-0.04366326,-4.815165,0.52694637,-1.2498525,-19.545456,5.6602387,0.17520045,-0.24001186,-0.13458768,0.30457768,-0.85898733,-0.20663284,-0.32681328,1.8922465,1.5441347,-0.30098516,0.062409576,-9.044297,-0.3145655,-1.1044627,-4.451782,0.0071322154,-0.035711296,-0.372257,-2.9997492,-9.772586,-1.1513923,-17.163149
2.1439395,-0.059195157,0.2693392,0.3751807,-0.9404872,5.5180917,2.1855705,-7.0088086,-10.495253,-0.31781334,-1.8981525,0.0695684,3.3756766,-17.1652,-1.1680816,1.075386,0.06275531,0.6227904,-0.078371264,0.7651827,-4.5811305,0.095460474,-1.1989126,-19.600805,5.4816566,0.23596752,0.64849097,0.0025238958,0.29646155,-0.83845663,-0.19217338,-0.3591206,1.6098938,5.4638653,-0.12155713,0.10026437,-7.0015144,-0.668488,-0.78370166,-6.62032,-0.15331103,-0.6860802,-0.44388756,-3.9290488,-10.498234,-1.1386247,-17.10367
1.0949165,-0.29274216,0.22528552,0.34886658,-0.9948811,4.1357083,0.13746746,-7.669704,-7.1785235,-0.4268292,-0.47569203,0.12542748,2.8940542,-14.091113,-1.6688464,0.042744067,0.004381035,0.56776285,0.06865203,-0.3018616,-3.2890894,0.4402908,-1.4659624,-18.855938,4.3653836,0.2392303,-0.38101292,-0.038850702,-0.084839374,-0.40159237,-0.04753178,-0.5775213,2.5059571,-0.56103677,-0.66615605,0.09073861,-7.089107,-0.32202223,-1.1184537,-4.192587,-0.24513702,-1.3087455,-0.39285117,-2.290785,-7.852035,-1.4945827,-15.942058
2.105333,-0.18973531,0.22556268,0.6919675,-1.1323762,4.9526887,1.163386,-7.033608,-9.610109,-0.95431715,-0.71543187,-0.011071056,3.6841807,-16.946154,-1.437891,1.1662083,0.043936495,0.6306042,-0.13782178,0.07615778,-3.665432,0.41423517,-1.2560035,-19.34212,5.685547,0.20404233,-0.14606138,-0.005282195,0.25467214,-0.8881849,-0.19580637,-0.28970283,1.894073,1.6857141,-0.31138656,-0.0049691256,-7.086947,-0.5879229,-0.6717702,-4.0260367,-0.12943926,-0.613232,-0.3682727,-3.2205052,-9.779523,-1.0316076,-17.271448
1.0616388,-0.20091479,0.28513217,2.0422845,-1.1986107,4.854359,1.6098845,-6.7029376,-10.378525,-0.9646814,-0.964647,0.007284094,3.5152705,-16.510027,-1.6415067,1.1063954,0.05821984,0.5840431,-0.14873073,0.02848447,-4.97984,0.4040998,-1.334675,-19.478525,4.9304347,0.15427338,-0.23154667,-0.08820965,0.18299128,-0.857664,-0.20260277,0.09783181,2.1175582,1.3859148,-0.42938787,0.16665915,-7.89077,-0.48396087,-0.773823,-4.127634,-0.22726424,-0.28540972,-0.37298733,-3.414669,-7.033695,-1.1557324,-16.458439
2.021443,-0.29400185,0.36711752,2.4715314,-1.074867,4.3268085,1.9932188,-6.7655597,-8.826876,-0.78704196,-0.85509956,0.029698208,4.1060305,-16.165306,-1.413611,0.1703207,0.07752307,0.57229596,0.16888915,-0.16812946,-4.940575,0.53561187,-1.3199854,-19.13017,5.311077,0.24413331,-0.2509273,-0.061431196,0.05899866,-0.85344535,-0.13647506,0.10995453,2.352469,0.8297003,-0.47266534,-0.24400958,-7.9974093,-0.2427558,-0.8726702,-4.9062557,-0.25648865,-0.67678326,-0.34826115,-3.1726544,-8.963103,-1.0902389,-17.263313
-1.1750264,-0.3163731,-3.093211,-0.5069079,-0.48931774,-3.656577,-6.8913627,-8.823827,-8.2229,-0.53448784,1.2151169,0.7559189,1.0487912,-11.7749815,-3.2959032,0.1391059,0.3263919,0.082882084,-0.38745922,-0.3005994,2.6166515,0.59473157,1.6078445,-14.578542,-2.4661653,-0.31203493,0.04938404,-0.08267464,0.14511067,-0.55233246,0.3286923,0.91557115,-0.8470546,-0.8224703,0.8382768,-0.87472636,-3.4513965,-0.3246883,-0.22711797,-2.1387858,-0.51960826,-2.506383,0.39867344,-0.5398518,0.17487092,-0.24491505,-2.1153612
-1.5475333,-0.08555704,-1.5014839,-0.3633006,-0.57964486,-3.8810363,-6.7464714,-8.665288,-5.4290533,-0.47442472,0.37998843,0.76160294,0.9913146,-10.493975,-4.0967855,0.10412809,0.044697538,0.13505517,-0.053465188,-0.2915459,1.9979504,0.5757507,0.85453033,-14.445829,-2.5980349,-0.49521473,-0.18460731,-0.09009688,-0.16272472,-0.46006158,0.2512737,1.09361,-1.1698651,-2.996936,0.6930668,-1.0276241,-3.2082918,-0.79207253,-1.1015717,6.6017756,-0.64202106,-1.6315116,0.056442622,-1.2921225,-2.68085,-0.10416283,-2.8333044
0.68338513,-0.15865158,-2.388633,-0.052136548,-0.5837741,-1.4261285,-4.5690656,-7.608002,-6.1996927,0.27104023,1.1006017,0.76103145,2.7347612,-16.622892,-2.0744832,-0.05650589,0.4925923,0.47683218,-0.19616905,0.19311556,1.7362103,1.001544,2.26161,-16.436838,-0.9628857,-0.03394407,0.2694736,-0.08437694,0.04895799,-0.50179076,-0.10424848,-1.0277991,0.04226796,1.0424916,0.67496425,0.36262926,-3.1451745,-0.07242218,-0.47095114,-1.8543209,-0.103489846,-1.0033118,-0.14748113,-1.0802755,-3.0812807,-0.7328391,-9.291332
1.6915325,-0.06293604,-0.89584523,-0.013819155,-0.61692744,-1.0562385,-4.190093,-7.7525787,-7.368754,-0.42241558,-0.3874873,0.426208,2.3379898,-17.646328,-1.7093028,0.6144121,0.34398183,1.3180623,-0.364888,1.4749609,1.9552305,1.9776756,2.1173797,-16.723444,-0.35684654,0.47194046,0.8946695,-0.1506625,0.020146523,-0.95201457,-0.010692606,-0.31995824,0.35774574,1.8355361,-0.24495922,0.8099183,-5.873808,-0.4189777,-0.37970993,-3.0904896,-0.0863142,-1.0397854,0.16816778,-0.81249267,-2.664805,-0.6033444,-10.818535
1.8109661,-0.16859035,-2.4004488,-0.071654335,-0.5646757,-1.4141054,-4.5288796,-7.6873736,-6.039628,0.3222769,1.0771085,0.8062496,2.838381,-16.801706,-1.9970889,-0.043966636,0.5069457,0.41483113,-0.12935366,0.21658239,1.7301589,0.9842717,2.2280438,-16.522024,-1.0725415,-0.038274724,-0.12568468,-0.061794687,0.032531764,-0.50333637,-0.10099294,-1.1341239,0.032069616,1.07142,0.6636268,0.3483001,-3.125542,-0.06409353,-0.48138666,-1.7264833,-0.12376171,-0.78688425,-0.14705132,-1.0657897,-2.9315708,-0.7363069,-10.500283
0.72744167,-0.2588804,-2.1049387,0.091682665,-0.8144981,2.7793212,-4.4541426,-7.5204244,-6.2693095,0.0063813278,1.2518553,0.77426696,2.76276,-14.214749,-1.854747,0.044843696,0.57865727,0.39629817,0.11522016,0.5702986,1.5155523,1.0465258,2.9295988,-18.527931,-0.93943864,-0.12855302,0.1544607,-0.06074378,0.025010852,-0.4716454,0.12960654,-1.0561677,-0.059732206,-1.8687161,1.1292043,0.009162037,-3.5771785,-1.0613158,-0.78982246,-1.8968593,-0.18445653,-0.943492,-0.14559917,-2.1829612,-3.2630541,-0.763168,-12.386766
0.61605054,-0.1111111,-3.3540907,-0.32943216,-0.55861956,-1.2430044,-4.751035,-7.101465,-8.20655,0.6405771,-0.64862317,0.4340687,1.9316146,-15.397747,-1.8949748,0.6082411,0.48174217,0.61765945,-0.6601395,-0.06349632,1.1228087,-0.5006489,-1.7493674,-17.654432,-0.56477153,-0.25392294,-0.031899523,-0.09771695,0.011172756,-0.5891858,-0.25454423,-1.2049664,-1.5832871,-6.241301,0.45435438,-0.642102,-7.999001,-0.83267313,-0.8670615,-4.0788093,-0.9505771,-0.81570363,-0.18784823,-1.4150069,-2.675019,-0.5500399,-9.598437
1.5850383,-0.32704127,-3.513971,0.17260778,-0.7975901,-0.017797457,-5.605339,-7.7461476,-7.7479677,0.3832867,-0.43628618,0.27092916,1.2124027,-15.046003,-1.6530523,1.5426978,0.35643324,0.8419382,-0.34426105,0.48717815,0.74606323,-0.011888561,-2.0920336,-17.569925,-0.28632954,-0.0031855747,-0.32303873,-0.033215962,-0.28533798,-1.1349455,-0.3487956,-1.487243,-1.189463,-4.320883,0.2247418,-0.22756177,-7.4567847,0.07839515,-1.6164849,-4.3496437,-0.6332755,-1.3280306,-0.17847663,-1.2116059,-3.7431443,-1.0662366,-12.235386
0.8021601,-0.05815809,-1.4581504,0.318901,-0.9484611,3.717496,-1.9482934,-8.305376,-8.6586895,0.22800943,-0.64082015,0.15310465,2.4304643,-14.658506,-1.9977947,1.8799518,-2.9331918,0.7482915,-0.026410602,1.6367269,-2.6344867,-1.3017402,-1.6065868,-19.191587,2.971078,0.14028591,-0.9098966,0.08188229,0.45780364,-0.9652804,-0.26732966,-1.6218235,-1.0668298,-1.3961512,-0.52372056,-0.088089526,-6.8553767,-0.21232682,-1.6891739,-4.1076603,-0.46546227,-1.3435072,-0.09937353,-2.1078763,-5.811603,-0.45075378,-16.754583
-1.1001754,-0.22432865,-3.3088484,0.02397568,-0.6390973,-0.721458,-5.4805746,-8.125053,-8.162305,0.22480233,-0.5255786,0.39122814,1.563575,-15.16836,-1.8055564,1.0283979,0.346046,0.498301,-0.22727175,0.100075774,0.85644954,0.03313104,-2.5178723,-15.362129,-0.97056735,-0.16559035,-0.17015678,-0.071670435,0.15326916,-0.70245945,-0.44162354,-1.4195917,-1.8877398,-3.9088774,0.41645047,-0.96429086,-7.1016273,-0.6211303,-1.3634495,-4.3814383,-0.8213927,-1.1516265,-0.66643953,-1.3198789,-2.2622411,-0.41742417,-9.917411
1.359982,-0.056027055,-0.7947296,0.16114525,-0.62811106,0.4406058,-5.0969663,-7.9760137,-8.649907,0.25911683,-0.7520569,0.1761341,0.6614742,-15.580667,-2.187467,0.7086548,0.35546684,0.73384994,-0.034296907,1.278864,-3.3104851,-1.0213616,-1.8413031,-17.481617,1.5309324,0.14471951,-0.5952635,-0.047224227,-0.2482041,-1.0755754,-0.4366419,-1.7558978,-1.1958869,-0.7758417,-1.2736167,-0.20990415,-5.668712,0.00343655,-1.6506315,-3.9417906,-0.5534742,-1.3534062,-0.13214593,-1.4848485,-6.1260986,-0.8123991,-11.842875
-1.870244,-0.65252244,-1.3552732,-0.9438852,-0.80833024,5.025631,-5.7830677,4.8158026,-5.9484954,-1.2419776,0.6898411,0.1496825,-0.35261354,17.952202,7.595202,-0.69092226,-0.460608,-0.13009594,0.08987221,-1.6612895,19.27253,-0.68377274,-2.9830036,29.677807,-3.0050943,-0.6326241,-0.2715386,0.10756794,0.012864668,-0.11616987,0.61865157,-0.30400598,-1.1533368,0.43937233,1.6769334,-2.3825867,13.361718,-1.3645926,3.53499,2.8349683,-4.7092876,-1.5794039,0.8671444,1.8724482,8.403767,-0.3463513,17.437723
-2.5552864,-0.25672418,-1.1202704,-0.8727164,-0.81967795,4.7078834,-11.27851,5.039592,-4.1617384,-2.3311903,0.22971158,-0.27485985,-0.43100473,17.774427,8.240884,-0.86023736,2.9750948,-0.6391318,-0.49125126,-1.7015674,20.138733,-0.701569,-2.984324,30.630238,-3.070591,-1.0817403,0.15167771,-0.0758098,-0.52121186,0.449524,0.3641863,-1.6959397,-1.1268368,1.048192,0.9406138,-1.9507079,15.944254,-0.82306325,1.3657955,2.2628322,-0.80334336,-1.1091416,0.75545365,1.7352182,8.26693,0.16569987,18.69582
-0.9886594,-0.14750427,-2.4283347,-0.112500384,-0.49218434,9.471023,-2.7976098,6.228217,-6.677194,-2.2490492,0.7297454,-1.0924864,-1.388929,9.6483555,4.479704,0.7196783,-0.8760193,-0.100244015,0.23111053,-1.7474486,-0.14990714,-0.7675342,-4.329183,28.017694,-2.4113069,-0.78294545,0.21833661,-0.5415091,0.022285013,-1.2549219,0.5207766,-1.3702146,-3.4242225,13.142763,1.8316716,-1.348246,18.042843,-0.94066095,3.0095325,4.573427,-2.8618317,-3.2202375,0.57727295,3.5261035,10.168373,0.09110406,23.615164
-4.0165486,-0.4404872,-0.957646,-0.7858647,-0.82537466,3.4552886,-12.235493,4.7136188,-3.151153,-1.0504375,0.18313748,-0.33212838,-0.82422006,19.56908,7.411984,-0.65982807,2.9799411,-0.3694308,-0.28599706,-0.8617167,21.293892,-0.6136672,-3.3631604,29.45582,-3.6475155,-0.940589,0.22492069,-0.13683365,-0.08700904,-1.0965409,0.3650005,-1.672095,-0.7661695,0.6638897,1.7226254,-3.1024694,14.552846,-1.2537175,2.037639,1.8821046,-1.5259796,-0.7581613,0.798125,1.9159325,6.803546,0.109507985,19.527723
-1.660176,-0.42610627,-1.3528466,-0.61850697,-0.6495221,2.66368,-8.758667,7.61737,-6.097392,-1.1478702,0.74162096,-0.46139196,-0.42384842,18.60216,6.66529,1.4117154,-0.3848168,-0.08302173,0.03856205,-1.4529452,1.7044154,-0.3817764,-3.593107,31.371996,-3.7066169,-0.98647213,0.34929,-0.14480619,-0.15312831,-0.96723646,0.45413557,-1.740477,-0.71783924,-0.22148208,2.0159073,-4.0838323,15.472876,-0.20355506,2.0262368,4.306037,-3.3012838,-0.751174,0.6810063,2.739157,11.034534,0.19031215,27.995747
-1.0410943,-0.7144657,-1.5159249,-1.4101952,-1.0794405,2.277346,-13.371059,4.307341,-5.155626,-1.1480416,0.6910096,-0.66458964,-1.1628872,18.852915,5.4113207,-1.0203325,2.909115,-0.047694065,0.24155973,-1.6611763,16.329838,-0.6066108,-3.3971188,31.688446,-2.8461359,-1.1551675,-0.3230362,-0.25133994,-0.36546797,0.2282186,0.024199648,-1.323186,-1.3689898,-0.6586871,1.6083649,-3.3087945,16.5187,0.25801438,1.9848667,3.3121476,-3.039224,-0.8201274,0.70575094,1.8433564,6.8092284,0.00042745567,16.497082
-0.6019701,-0.5193602,-1.3850797,0.93563086,-1.0021675,16.874601,-2.262222,3.9764698,-6.544588,-1.9807584,0.86940116,0.10833561,-1.965715,18.271177,0.7154546,-2.1996007,-2.042,-0.0013863598,0.42132467,-0.8887909,0.9011047,-0.81774193,-6.4826617,21.441154,-1.8252957,-1.0669762,0.024333425,-0.0069099655,0.18272915,-1.2112583,0.21978326,-1.1656637,3.4747458,7.227295,2.2917976,2.100607,18.480227,-0.22823903,0.82091445,3.736323,-4.688645,-3.0181065,0.7717922,3.69678,10.291065,0.052885726,17.646715
4.1750946,-0.09365305,-2.0128512,0.056993414,-0.113301545,13.416426,3.8349273,7.6944,-5.2011943,-1.5068835,0.90994,-0.17419499,-0.029864334,-0.26018417,-4.5455294,-1.19456,-1.153628,0.9321816,0.6172353,-0.6277618,1.5828806,-0.49363452,-4.7483406,23.823982,-1.6746098,-0.876441,-0.15184599,-0.109502904,2.3719761,-1.1245307,0.3841981,-4.5738864,-2.2530966,14.985287,1.2181334,-5.201117,19.947182,-1.4505913,-0.6915386,12.6498,-2.5766687,-1.8374054,0.3007524,3.1202917,8.863126,0.31489936,17.14415
10.314224,-0.56433505,1.1503508,7.346533,-1.3088742,26.735207,28.41461,19.81643,4.3299522,2.4876208,0.39224714,-0.007170581,27.85112,26.477743,-1.3949474,1.41678,-0.7079446,0.32779253,1.7048306,0.81036484,1.7423334,1.5731373,10.794628,40.580315,28.130287,-0.084975496,0.6683996,-0.19368584,0.28198236,-0.16883183,-0.11827772,17.31539,7.0388083,23.58518,1.5982071,8.142388,24.612532,-1.2785577,4.5784097,11.79104,0.4644302,-2.0596466,0.85147846,3.2991662,9.814668,0.24911438,25.308422
12.011306,0.082487404,-1.0932115,11.136489,-0.33656147,27.607271,28.060356,14.193191,11.660914,-0.8156542,0.8399519,1.0119064,23.868298,28.16186,0.3923288,0.65378475,-0.7212348,-0.0025529093,0.2971232,-0.82653445,19.361357,0.5304922,14.531722,43.69897,16.369862,-0.2385982,0.59629583,0.2660835,0.41871667,1.8621272,0.2768756,17.078825,3.8165078,22.417168,3.6509266,0.92636496,23.92569,-0.64312094,-1.8673202,9.919941,0.92711055,0.675859,1.591205,3.36099,10.620361,0.36224607,18.52541
13.577888,-0.23404522,0.13409019,13.564069,-0.9726317,29.659807,35.41712,17.335875,5.0304346,0.6602667,1.213705,0.2565783,24.97403,24.356194,-0.97775054,-0.3301039,-0.5173362,0.6108573,1.8977543,4.065627,-2.0479994,1.2449781,14.026659,40.00262,27.082273,-0.20724542,0.9822205,-0.24379759,0.4336009,-0.06002816,-0.3432399,17.96281,0.3496471,20.073126,1.8688796,7.601463,23.233631,-0.7170691,5.8269806,12.110875,0.35236964,-1.6569965,-0.09390234,-1.390681,10.049831,-0.23608902,27.81392
12.194443,-0.9886127,-0.8771348,12.991714,-1.977509,26.762583,27.08148,17.792477,12.179748,2.6400363,-0.19548857,0.074996375,24.71046,25.255854,-1.9891465,1.8631787,-1.0342605,0.045568474,0.18693657,-0.8899244,19.217999,1.5227869,11.863347,45.454426,20.732275,-0.14470525,0.60948634,-0.23304477,-0.0067946925,0.88328075,0.09890286,17.453672,0.18223193,20.731245,3.685514,5.3026304,22.009901,-0.5100131,2.6622293,11.450186,0.28633448,0.4916333,3.0364387,3.5401626,8.293418,0.6759893,18.703981
14.346592,2.366813,0.081953615,14.763987,-0.8431235,34.65803,22.49038,8.527249,11.638021,1.0622463,2.170594,0.5443806,25.528835,-3.8566492,-1.2131324,0.8398666,-0.39223516,1.7409074,2.0948555,5.3112607,3.8199358,0.14523709,-0.4128087,33.653873,32.725002,2.130513,1.5100967,0.55067474,1.9094126,3.5880477,0.4555023,13.404751,1.7422581,34.52995,3.496013,-0.26549625,24.908707,-0.81424993,3.1959014,26.41969,0.31195107,-0.9308951,2.005636,8.491971,10.604304,0.5331071,24.009268
7.3082333,-0.20602049,-1.1636403,11.016625,-0.042255916,24.02472,16.906967,22.551441,12.5506315,3.2182276,0.029721076,0.5243651,19.46183,33.995277,5.2647624,-0.23482588,-0.4429715,1.7974712,0.46309382,-0.5034266,24.151941,0.21769401,20.156,47.217293,2.3643298,-0.44778058,-0.080610804,0.13886216,0.7739419,1.161248,0.13556397,13.491466,3.1055205,20.472532,3.4819274,4.3569965,24.387756,-1.0324999,4.1167436,6.901432,-0.9458918,6.4142194,2.1877291,2.7387824,10.29659,0.20563218,21.2733
4.876532,0.2191747,-1.3643919,5.268354,1.0044851,12.833887,5.999223,30.914118,25.766214,-0.5463524,0.7112132,-0.8434418,2.8970215,33.163708,7.614659,0.8185647,3.2045562,0.74291545,0.03683485,0.8241723,22.728392,0.15428433,11.744402,48.210426,2.680301,-0.28522608,0.23770383,0.068262786,0.09213859,-0.07412075,-0.55432117,6.7532024,0.6517164,0.90080076,1.3064508,3.007922,22.249798,-1.2940398,-2.3874874,2.8261595,-1.8271089,4.9413657,-2.9292858,0.42451555,8.98562,0.3803031,21.781258
3.9974434,0.92238986,-0.029545214,6.2489047,0.9628044,11.266625,-1.9093266,54.560844,39.972885,2.340845,0.99523383,0.17907192,0.902551,30.691784,11.0863285,1.8579495,1.7763218,-0.20299403,-0.23001081,-1.4499319,21.44065,1.2642933,11.605345,49.883694,-6.6379967,-0.66941196,0.50932115,1.6032437,-0.52892464,4.5946865,-0.50391155,4.683315,-0.83835244,-0.14447911,3.076174,2.0177255,30.394484,-0.4832947,3.7177336,28.831852,-0.67255855,6.3186035,-5.13641,10.345616,19.545895,0.86157095,24.75832
10.569103,1.3305705,-2.9621046,12.322692,-5.4385405,30.577639,24.59712,14.3384075,-2.5308466,0.39890113,-0.041615043,0.38979217,21.345196,-9.29014,-4.7240644,1.3651159,-0.30502272,0.50559986,0.25419787,0.6809908,5.4772763,1.38624,9.903447,38.395496,-2.6078568,0.80172,0.5969387,-0.2060766,0.14589071,1.1865519,0.1644597,16.166723,0.10748478,16.373985,4.835038,4.337633,31.66488,-1.1578553,-0.7753958,-2.5644479,1.0862399,3.4471383,1.128407,8.194103,3.3097413,0.314152,20.322493
1.388522,-0.15960644,-0.5321382,0.37811977,-1.315446,3.093582,0.039939445,-9.640143,-2.913459,-0.9244402,-0.5493685,-0.06802665,0.5927523,-11.987628,-1.8156917,0.02691711,0.2150319,0.3941048,-0.17435926,0.12473168,-4.1551824,0.313904,-1.5267962,-18.214907,-1.5806168,-0.20242842,-0.33698994,-0.060068987,-0.25990507,-0.49200416,-0.12240648,-1.644652,-1.99038,-1.9903258,-1.3434036,0.93841225,-6.064111,-0.48153347,-0.96197295,-3.9666898,-0.43860516,-1.2822826,-0.4290139,-3.146823,-5.1019683,-1.36742,-15.216467
1.4185704,-0.18654779,-0.6057127,0.21903904,-1.2579643,3.2581563,0.39806607,-8.414393,-3.3020782,-0.5802788,-0.5510407,-0.09742182,2.3054066,-14.529678,-1.7754884,0.43853217,0.20266843,0.40593377,-0.10601749,0.14343129,-4.2439227,0.117759086,-1.2609324,-19.489052,-1.8927975,-0.071498506,-0.7144178,-0.027213441,0.3324394,-0.5180341,-0.018218445,-2.1365557,-0.9597004,-1.9193894,-1.4359764,-0.6308127,-7.9830775,-0.38383004,-0.6468386,-4.257651,-0.4678262,-1.1045598,-0.29113325,-2.266782,-5.5777307,-0.37316835,-14.436758
1.4122006,-0.18496603,-0.60745573,0.20673412,-1.263023,3.181546,0.11481622,-8.397441,-3.3647666,-0.5900726,-0.55072856,-0.04978309,2.326269,-14.559743,-1.7606273,0.46632153,0.17292295,0.40937024,-0.10956735,0.1442689,-4.2466693,0.088911824,-1.2758219,-19.497139,-1.8790436,-0.067778364,-0.6816257,-0.095864564,0.3291041,-0.51402205,0.010009101,-1.4742478,-0.9493571,-1.8844072,-1.427613,-0.62867,-7.004281,-0.39913106,-0.69240814,-4.137824,-0.43815145,-1.248478,-0.29205906,-2.2979736,-5.696234,-1.6114012,-14.069646
1.3331136,-0.03791855,-1.9580256,0.014232179,-1.1580877,2.600209,-2.3996472,-7.3868027,-2.447945,-0.9056788,-0.41146144,-0.015622888,1.3587679,-12.919967,-2.0806713,-0.008908776,0.27445823,0.12609679,-0.034147236,-0.5229819,-3.5870404,0.31046134,-1.9112684,-17.095615,-2.3234885,-0.076690756,-0.18154556,-0.017684499,-0.013508947,-0.6986116,-0.17466529,-1.4061376,-1.6373553,-2.7491617,-1.5468564,-0.6105004,-6.754098,-0.23910443,-0.9120573,-3.7897553,-0.69024694,-1.5335947,-0.31776246,-2.2516732,-4.589446,-1.4921496,-12.611117
1.3884685,-0.21242355,-0.59761274,0.22283193,-1.2714477,3.255064,0.00887466,-8.370608,-3.432074,-0.49336195,-0.55952686,-0.07303056,2.3102505,-14.432541,-1.7488264,0.47524393,0.17316766,0.40990955,-0.07194875,0.13938652,-4.4144325,0.083881326,-1.3224965,-19.480532,-1.9287832,-0.27964994,-0.40203443,-0.061202593,0.28194553,-0.52399397,-0.063708924,-1.6650524,-0.94005597,-2.0835953,-1.2701967,-0.64052117,-6.83656,-0.41130698,-0.90501267,-4.089383,-0.42624006,-0.5938208,-0.2681526,-2.3175805,-5.8883767,-1.2112892,-14.370872
1.1083436,-0.06464794,-0.91786844,0.39673758,-1.3408228,4.043514,0.66099644,-6.978477,-7.36811,0.78607047,-0.40438938,0.3819997,2.7636347,-15.782349,-1.6243716,0.937928,0.41539416,0.60735315,0.5444869,0.2702366,-2.62817,-0.88101155,-1.6009654,-18.963005,-1.3484157,0.068398796,-0.49035427,-0.17371757,-0.3640795,-0.2663196,0.16519333,-1.7848625,-1.3464206,-3.8040662,-0.5585842,-0.21484351,-3.7952895,-0.9045694,-1.4166789,-2.6503155,-0.34532607,-0.9573796,-0.20956734,-2.632809,-6.330052,-1.0758252,-15.129488
1.0964013,-0.05973621,-0.94054294,0.41965747,-1.2707916,3.946086,0.4177318,-6.9972353,-7.4264584,0.6776883,-0.41092628,0.38841078,2.7289932,-15.820567,-1.6486813,0.979175,0.39201593,0.62761825,0.09642475,0.24011542,-2.5993783,-0.80454665,-1.6007524,-18.901926,-1.4328047,0.027116321,-0.49150205,-0.059353713,-0.046622843,-0.4712135,-0.18691882,-1.837749,-1.2259116,-4.048619,-0.602744,-0.23828495,-3.629244,-0.6002968,-1.0149542,-2.4786308,-0.32412475,-1.0443848,-0.072057165,-2.1664085,-6.292461,-1.0997629,-15.091685
1.0964013,-0.05973621,-0.94054294,0.41965747,-1.2707916,3.946086,0.4177318,-6.9972353,-7.4264584,0.6776883,-0.41092628,0.38841078,2.7289932,-15.820567,-1.6486813,0.979175,0.39201593,0.62761825,0.09642475,0.24011542,-2.5993783,-0.80454665,-1.6007524,-18.901926,-1.4328047,0.027116321,-0.49150205,-0.059353713,-0.046622843,-0.4712135,-0.18691882,-1.837749,-1.2259116,-4.048619,-0.602744,-0.23828495,-3.629244,-0.6002968,-1.0149542,-2.4786308,-0.32412475,-1.0443848,-0.072057165,-2.1664085,-6.292461,-1.0997629,-15.091685
0.46895325,-0.27979136,-0.83055687,0.29976988,-1.2957671,3.930674,0.41064927,-7.026714,-7.511558,0.70675933,-0.4069015,0.38939694,2.6851897,-15.827822,-1.6715761,1.0788893,0.39848724,0.5862432,0.46756312,0.26087955,-2.5276358,-0.78361493,-1.5785912,-18.94709,-1.3907373,0.025532756,-0.7008022,-0.04774335,-0.03186377,-0.46498102,-0.18276286,-1.760995,-1.4070109,-4.021349,-0.6672698,-0.12990576,-3.8742063,-0.64349717,-1.0497134,-2.5796778,-0.3137923,-1.037487,-0.0774156,-2.161401,-6.2057133,-1.0931528,-14.286758
-1.021246,-0.16888227,-0.9698233,0.4321988,-0.7775701,0.059177246,-2.1914203,-7.573426,-7.700647,0.57564366,-0.40027,0.37599626,1.664993,-15.185649,-1.9847548,0.98572445,0.38925955,0.6777224,-0.048970383,0.19369492,-2.544979,-0.78367555,-1.7835145,-14.84135,-1.4489337,-0.04834946,-0.48817474,-0.051443998,-0.026962593,-0.47163728,-0.18832654,-1.529763,-1.2185944,-3.9780278,-0.59180576,-0.2753718,-3.4815948,-0.6320387,-1.0701636,-2.619587,-0.32547,-1.0788627,-0.6567067,-1.5474665,-4.4851384,-1.0533293,-10.95282
0.3781068,0.09206314,0.39577472,0.7097504,-1.4398874,4.9477515,1.5449938,-6.544025,-8.631769,0.40477738,-0.5629872,0.040413857,1.8524604,-15.0532875,-1.7409173,2.2454875,0.07835945,0.2158867,0.25026774,1.5928757,-5.6642685,-1.3676251,-1.871141,-19.61635,-0.94874245,-0.2981433,1.8697618,0.071727805,-0.44250298,-0.55768204,-0.18564111,-1.8339539,-1.1389974,-2.304732,-1.5363563,-0.5160139,-3.0632508,-0.8134828,-2.364279,-3.850878,2.3301632,-1.2399328,-0.21506865,-2.7080653,-4.0186048,-1.0169662,-14.635922
7.0912833,-1.8243539,0.1576804,-0.18870187,-0.65975904,18.620573,26.713112,-8.215106,-7.106424,-2.255357,0.8285189,0.7289857,-1.2276145,29.84771,-1.629959,2.4350054,-1.6119882,0.05532009,0.4562656,7.0399065,0.42320016,0.046679474,-0.61861074,29.281975,-1.7586852,0.11138431,-0.33612943,-0.22141656,3.4045002,-0.7847419,-0.33471054,-4.1208687,-1.2951589,5.1288176,1.710217,5.0954065,19.494118,-0.4336958,-1.2041022,12.542669,-0.083630495,-1.296749,-0.80988604,3.304074,9.421605,-0.4973783,18.31634
7.1612635,-0.47358054,-0.13019301,-0.12325162,0.41116494,18.57581,25.506521,-7.9992085,-9.304339,-2.0645454,-0.1352763,0.9581223,-0.42698586,27.887627,-2.5297258,2.1330183,-1.3942112,1.0785697,0.11869496,9.137749,-0.1639852,0.21453565,-0.77948856,29.930998,-1.9802912,-0.1533471,0.44526064,-0.43394393,3.8239555,-1.0553488,0.044752173,-4.062075,-0.24006915,1.2491441,1.9111248,4.473306,18.07276,-0.2994711,-0.79286176,8.344754,0.14223862,0.25847632,-0.8367157,3.0286884,15.042625,-0.4214947,18.920464
7.6173506,-0.89322174,1.043361,-0.46212366,-0.7545318,19.128786,28.677872,-7.9033885,-7.112515,-0.14569935,0.3451221,0.47348195,-2.3772879,18.67481,-1.403778,0.76531595,-1.8383518,0.055905327,0.18592261,7.811735,0.5510803,0.02568458,-1.6538044,27.502794,0.96492076,-0.2899488,-0.26934028,-0.38754517,2.3236234,-1.5304745,-0.2738492,-4.330797,-1.3290763,13.107114,1.8562695,3.969989,17.692144,-0.4563374,-1.4090384,15.22313,0.20898312,-1.0675645,-0.6246971,3.515152,9.173406,-0.011277106,19.044497
6.8160377,-0.45995003,-0.27268627,0.16327766,-0.5539049,17.896141,27.302326,-8.206939,-7.629285,0.22326598,1.1471485,0.48231435,-2.2194726,15.91432,-1.247618,1.9761351,-1.6651323,0.67942345,0.24114245,8.453781,0.4381852,-0.2313109,-1.7204214,30.37874,-1.1723797,-0.01890266,0.7621281,-0.22345299,2.5597556,-0.9401206,-0.229121,-4.396132,-1.3540814,15.096155,1.9541001,4.6295915,16.912943,-0.5832695,-1.8535961,14.93693,0.9752199,-1.9628032,-0.5135553,3.2608075,9.254289,-0.4669861,18.82585
4.4244995,-0.40883443,-0.7022687,1.0430671,-1.5437874,19.361134,23.16611,-8.15824,-6.266545,0.6432897,0.5230621,0.570893,-1.9346275,16.850294,1.8930442,1.443718,-1.753768,0.19510959,0.4660864,7.371441,-0.7139389,1.2939059,-1.3059753,26.229645,-1.453894,-0.47805572,0.13263226,-0.18283613,3.6726646,-0.9541082,0.08068473,-4.1951766,-1.9718827,14.264844,2.3788683,4.0577927,16.95495,-0.4499148,1.9910614,10.45408,0.88229084,-1.942123,0.6437996,5.298472,14.517854,-0.49830183,17.397984
3.8044674,-0.11712581,-0.7568519,1.26441,0.12659189,14.871205,19.217415,3.865971,-4.6155844,0.40328005,-0.05500355,0.52568084,-1.8558999,21.255955,5.4142222,0.07241536,-0.4103659,-0.19675626,-0.6301431,5.695683,-0.35249186,1.1046915,-3.388612,29.04202,0.8227658,-0.83947504,-0.1293301,-0.07483679,1.1074681,-1.4541479,0.2585564,-3.4172564,-1.8861822,10.387125,2.2710555,4.5526447,15.650405,-1.5501771,1.2996149,8.766963,-0.0928961,-1.7937324,0.010077791,4.636679,9.097793,-0.07519029,21.615631
1.9852366,-0.5484179,0.17280619,0.3365615,-0.68541557,19.46113,26.646414,-8.525083,-6.04619,-0.33398062,0.58081245,0.076471135,-1.5956306,15.883,1.8838204,-0.110731214,-1.5795258,0.18678974,0.16747057,6.2949724,-1.6210046,-0.24381723,-1.7238696,25.036146,8.575201,-0.5949886,-0.33385244,-0.16700256,2.0493553,-2.0046372,-0.46496648,-4.3133793,-1.6755441,13.833914,2.0314994,4.313465,17.631832,-0.5372524,-2.4909563,10.71881,0.8543822,-1.535009,0.38041553,4.494878,16.451412,-0.056400694,20.664574
1.9744669,-0.70862573,0.20713897,0.9085522,-1.7695374,18.00155,22.977383,-8.818897,-5.176167,0.6152372,0.38343155,0.09751126,-1.2193273,17.081057,-0.99924415,-0.5265107,-2.0944235,0.12882826,0.35903022,6.63879,-1.6883761,-0.2375578,-1.3193685,25.588524,12.956991,-0.31828323,-0.29725468,-0.010706305,1.8341717,-1.4338628,-0.09749072,-4.091845,-1.6177555,12.413426,2.054842,3.3758168,17.804045,-0.55028754,-2.3169978,11.148439,1.5162933,-1.7343788,0.17647478,4.279236,15.909523,0.22491483,21.723528
4.4975185,-0.23679075,-0.7323152,-0.54268575,-0.59421617,16.534733,19.393337,4.7952466,-8.035602,0.86784714,0.109512284,0.5224562,-1.1054426,23.676584,5.222849,-0.6629965,-1.2146066,-0.8472754,-0.21438754,6.5014205,-1.1198643,0.8660032,-1.746346,29.464945,0.26078406,-0.2730311,1.1697876,-0.07970634,1.3931261,-0.95672816,0.32007307,-3.8153195,-1.2842826,1.3675586,2.5117254,4.9377623,16.85621,-1.0669179,4.034142,7.0154057,-0.16232435,-0.5835022,0.075137146,3.971143,9.81266,0.14425251,22.394352
7.383974,-0.7074269,-0.42356366,1.2570702,-1.3267362,18.072403,17.134783,-9.648013,-8.176677,0.32614532,0.19320633,0.10941631,-0.3764803,28.513361,2.7787848,0.074658446,-1.61218,0.06427274,-0.06660605,9.491682,-2.9631214,0.80957204,-0.74167967,23.885712,17.751173,-0.39965755,-0.09379566,-0.2066072,-0.112869024,-1.7800366,-0.44015604,-3.9938989,-0.8966114,1.2572759,4.8647094,1.0386958,15.525757,-0.8429422,-1.6855965,7.3928647,-0.13100633,5.490079,0.25339398,4.435161,19.900444,0.16987269,26.572964
3.0351703,-0.438083,-1.6641513,-1.8133647,0.25170827,7.1843996,10.299503,4.437456,-2.10834,-3.8852568,0.5552945,-0.9694329,-0.26376644,24.090034,4.825949,0.13816795,-0.4145847,-0.3692134,-1.049388,1.9672111,19.540298,0.53486294,-2.9576342,36.261326,-4.1249948,-0.50639796,0.0064920657,-0.05855804,0.9057239,-1.5091428,-0.27290323,-0.52910846,-0.77037686,9.5451565,1.0259334,5.7179604,14.824923,-0.6125749,-0.5806363,7.2567883,-0.30970135,-0.31194344,0.5668899,3.1705537,10.465594,0.54926544,21.184439
3.4027734,-0.3093951,-1.3982644,-2.984031,0.3086905,5.119803,12.494761,5.2119417,-3.439848,-0.42844465,0.5910802,-1.0811962,0.21398696,33.649426,4.598844,-0.22404289,-0.6790425,-0.2259135,-0.3322043,-0.0014822376,22.030304,0.78121674,1.3396211,36.91257,-4.64546,-0.3743224,0.13117094,0.11584725,0.7158965,-1.2162374,-0.03159606,-0.34426704,-1.0660914,2.0011032,0.50937504,-0.26651347,13.970553,-0.984465,0.60105175,3.319065,-0.23517564,3.4489439,0.4946473,2.1016157,10.224531,0.39662793,18.903952
3.5062532,-0.33228955,-0.76762956,-0.9638227,-0.07475276,12.5476885,11.407362,5.49285,-3.9468324,-0.8133356,0.71779037,-0.019915078,-1.3094428,25.622961,5.041759,-0.31685266,-0.63481945,-0.11868843,-0.64462775,4.624604,-0.02501852,-0.0064595374,-1.8577703,30.588776,-2.7414634,-0.3988565,0.09471634,-0.17266448,1.6331302,-1.4532387,-0.52973557,-1.7688612,-2.3262765,8.487013,1.3296833,4.4726295,18.024097,-1.3355772,2.514749,6.036701,0.13826133,-1.2629299,0.6058388,4.845335,13.022529,0.23512281,26.740755
3.4581866,-0.36421803,-0.820475,-1.4403026,-0.09499376,12.590332,11.434295,6.4002175,-3.9455087,-0.8019167,0.72239697,-0.032396335,-1.3249223,25.614864,5.02405,-0.2992279,-0.63052803,-0.09796614,-0.57626545,4.5695267,-0.0047998196,-0.010098211,-1.8412517,30.5663,-2.842124,-0.37199715,0.04853396,-0.07576659,1.0404353,-1.2630842,-0.2869681,-1.7872806,-2.227605,8.473996,1.340181,4.359219,18.081718,-1.3373832,2.4377174,5.6259418,0.13947067,-1.2388107,0.62490153,4.8026767,13.030087,0.23492429,26.849981
4.6682935,-1.4797704,2.7735612,-5.070142,-1.1524779,1.0985203,11.453321,5.2616067,9.551794,-0.5995262,0.38733867,-0.40240166,-1.6424468,22.284515,3.1186502,-0.7106998,-0.9527294,-2.3537576,-0.12196389,-1.3004246,21.109972,-4.739381,4.3970156,41.300007,-9.344979,-0.55536455,0.10952678,-0.83647054,-0.5170319,-1.886905,0.009407531,4.2056217,-0.51430714,11.643559,0.40422502,-0.63574195,17.728725,-0.453615,2.0556974,4.6331277,-2.094109,1.077593,1.761209,2.0450134,10.483694,0.25313985,17.119587
1.1550654,0.1832341,-3.0141866,0.18363445,-0.5364127,1.5581526,-4.4297996,-7.906992,-8.982213,0.48623937,-0.66860586,-0.7390258,1.161072,-16.570824,-0.9828855,1.9268615,-3.1020377,0.69843745,0.04726982,1.6672866,0.06243411,-0.48754254,-2.1235266,-17.457846,3.7203786,0.072068684,-0.3984993,0.062516786,-0.105920024,-0.73346096,0.4960334,-1.2257367,-0.83336973,-4.6841364,-0.56548333,0.15110172,-7.2840977,-0.4742285,-0.5882295,-3.6617367,-0.5335441,-1.2050111,-0.12725058,-1.1762456,-6.2703276,-0.6050735,-15.033484
1.1218885,-0.07568831,-3.271218,0.24751963,-0.6493324,-0.0029654452,-5.5257635,-7.636646,-7.917635,0.30703723,-0.71297604,0.24980934,1.0670244,-16.266483,-1.2317908,0.64404184,0.56550646,0.74347705,-0.17474337,0.5808466,0.061838403,-1.1717422,-2.097882,-17.778553,2.066509,0.13256037,-0.31286797,-0.0135957515,0.033341438,-0.8601811,-0.21593589,-1.3557386,-0.8332547,-5.045238,0.18082547,-0.18473808,-6.6328588,-0.43016598,-1.2061734,-3.7194734,-0.65405524,-1.0457027,-0.19887568,-0.9263742,-5.932227,-0.59239775,-12.446648
1.2330071,0.009810222,-1.8578448,-0.5128547,-0.7362912,2.3990507,-3.0769758,-7.233573,-1.4142246,-1.0537657,-0.6821368,-0.11780636,0.52916616,-13.897336,-2.5953255,-0.28094578,0.0643438,0.14760181,-0.03429319,-0.49643183,-3.7941973,0.32630533,-1.7176197,-17.09052,-2.1121693,-0.3339288,-0.50786936,-0.031327046,-0.15705535,-0.4122471,-0.19186987,-1.2998824,-2.3370516,-0.44913542,-1.7827778,-0.2767553,-6.3969846,-0.60094696,-1.0930194,-2.6424952,-0.6654227,-1.2679287,-0.34927535,-2.2099502,-3.9020922,-0.5148848,-13.752616
1.2098542,-0.021090051,-1.8116367,-0.13843,-1.0667516,1.9363794,-2.3112376,-7.7178187,-2.5858047,-0.9492368,-0.59944296,-0.65757036,0.6818085,-13.733222,-2.6015801,-0.39447957,0.17561571,0.07820903,-0.91714716,-0.6558021,-1.0970844,0.26619887,-1.8602252,-17.315866,-2.5047085,0.008736206,-1.3266765,-0.087058455,0.022579152,-0.61502945,-0.29315,-1.7469168,-1.9630406,-0.5652935,-2.2186396,-0.33697852,-3.3490593,-0.6352511,-1.3495574,-2.89282,-0.734571,-0.96921647,-0.43916968,-2.4332783,-3.4737568,-1.8724406,-12.472864
0.39486817,-0.026815003,-1.8333914,0.0675703,-1.0152481,2.3573215,-0.91185415,-7.0987186,-2.5422335,-1.0292312,-0.3708177,-0.5314539,-0.5172651,-12.470461,-2.5215688,-0.043915674,0.2437095,0.18059295,-0.017771011,-0.69347644,-2.6299827,0.31714168,-1.8450315,-16.871618,-2.7038765,-0.052694444,-1.3722069,-0.09808037,0.10357087,-0.614078,-0.11176532,-1.4454046,-2.4122963,-1.0397638,-1.4812942,-0.23771136,-5.7409973,-0.58376384,-1.1317703,-3.3536203,-0.63575464,-1.3060236,-0.38768065,-2.3890378,-4.40847,-1.502602,-12.807099
1.1830329,-0.21242148,-3.1839802,0.03683127,-0.63284767,1.4342431,-3.4406033,-8.116598,-0.84607977,-0.76180744,-0.5461874,-0.561634,-0.2385014,-12.407995,-2.9514525,-0.5622406,0.22933535,-0.14495681,-0.14401282,0.76086473,0.71626264,0.849323,-1.348532,-15.979143,-1.6266291,-0.077026784,-0.27158147,-0.078169554,0.3165618,0.06159895,-0.11791675,-1.4592742,-2.2130156,-0.84438777,-1.5753435,-0.7230264,-5.5556593,-0.60304946,-1.0878425,-3.6285,-0.8143079,-0.53271765,-0.39213908,-1.9362794,-4.825026,-1.3871155,-12.892497
1.2001505,-0.1921345,-0.92414385,0.11895294,-0.63609374,2.8448546,-2.0346196,-8.230554,-1.6697253,-0.9462556,-0.5725317,0.26061776,0.8461935,-12.976175,-2.7534707,-0.30745092,0.15724105,0.081882544,-0.09453982,-0.8105035,-4.0639343,0.74635464,-1.3887172,-16.741467,-2.965636,-0.3935583,-0.2651357,-0.09123614,0.22118483,-0.71168745,-0.2522073,-1.4058102,-1.8248245,-1.909445,-1.5869517,-0.33121392,-8.201363,-1.1171201,-0.9520397,-2.8131852,-0.53728634,-1.2390013,-0.42446518,-2.1829948,-4.1481295,-0.34211764,-12.93565
1.1407107,-0.14013867,-1.4881374,-0.34637687,-0.6369518,0.29149982,-5.27361,-7.839078,-0.30218565,-1.1406864,0.83425784,-0.4681464,0.54631513,-13.880122,-2.577312,-0.48850074,0.21281417,-0.36044872,0.114488035,-1.1007057,-4.1284776,0.36726198,-1.6997311,-13.849774,-3.1314266,-0.8365528,-0.48044696,-0.09297583,-0.32098147,-0.57995814,-0.35647386,-1.352476,-1.7923411,-1.2388899,-1.2189407,-0.90477777,-5.6945868,-0.9386646,-1.735552,0.24914186,-0.5927067,-0.4493158,-0.66630465,-2.1349926,-5.44258,-0.3866316,-12.39425
1.7536309,-0.26762855,-0.3254058,0.27423006,-1.4543781,4.1565495,3.6610122,-11.0343275,-1.1283088,-0.93810594,-0.13927308,0.09384892,2.203197,-12.867294,-2.0499694,1.0200957,0.0005675422,0.14071457,-0.34134805,-0.522021,-5.661123,-0.7790428,-0.3639901,-18.600702,-2.0119405,-1.1558627,-0.4854173,-0.08484609,0.2546199,-0.7102368,-0.36922348,-1.1141077,0.86073124,-0.85295445,-1.4881881,0.6091666,-7.762385,-0.30534014,-0.8329288,-5.0334177,0.09115216,-0.741008,-0.52353257,-3.9946282,-3.8320153,-1.1438807,-14.480618
1.8914659,-0.27823767,-0.18390651,0.13606985,-0.86358994,5.0105114,2.1274328,-2.10492,-5.5370855,-1.0983093,-1.1299219,-0.0964032,1.3266978,-8.73825,-1.9423745,1.6409206,-1.6666669,0.8365483,-0.119200744,0.44752008,-7.0509377,-0.045383997,-1.159693,-18.904688,-2.7320743,-0.335258,5.562167,0.224884,0.14344892,-0.7055559,-0.07460487,1.5690659,4.567315,0.67294663,-0.6396836,0.5330803,-7.3244805,-1.163241,-1.1338471,-5.3721642,-1.3475587,-1.53799,-0.6849062,-2.9116862,5.2314053,-0.8624573,-14.323132
1.7459177,-0.21716069,-0.968599,1.7087005,-1.5954025,3.7380223,0.11690477,-6.401748,-9.127443,-1.2761419,-0.76857156,-0.16120818,0.05177201,-13.165128,-2.408906,1.7163211,-2.2969534,0.7253435,-0.24931411,1.4555172,-5.223061,-1.2194669,-0.8548389,-19.001038,-2.1651983,0.13934451,0.41746977,-0.2975601,0.22375326,-1.3843879,-0.55113286,0.21270722,2.3374603,1.4049442,-0.7436187,0.25790954,-6.2244673,-0.7304757,-1.2117698,-7.7035546,0.038143545,-0.23341133,-1.3170596,-2.8569472,-4.8543496,-0.864231,-15.025404
1.0647149,-0.29121345,-0.6479732,0.30479616,-1.0661905,1.774927,-2.3756444,-7.406558,-2.70912,-0.74820596,-0.64322674,-0.13100772,0.13612585,-13.681344,-2.0245485,0.06831525,-0.039630692,0.1132782,0.08447464,-0.3039114,-8.207012,0.16100605,-1.7842429,-17.051142,-2.3641322,-1.2019576,0.13315359,-0.052079808,-0.35869595,-0.6249943,-0.474242,-1.5274223,-2.528399,-1.6430432,-2.3031285,-0.38674033,-4.26525,-0.9555649,-0.82934225,6.9703226,-0.65472054,-0.96194327,-0.41001496,-1.9514383,-4.846832,-1.5059305,-16.269636
1.213388,-0.29395065,-1.8096939,0.17604497,-0.7090399,-0.38746622,-4.9636064,-8.359714,-9.470939,-0.27045423,-0.8534681,-0.75189245,0.95180887,-17.111528,-1.6377771,0.651061,-2.5884721,0.8428198,-0.20830931,1.1589869,-2.1023517,-1.2805582,-0.6552565,-17.734446,3.8194075,0.05090341,-0.54541755,-0.14943402,0.37768167,-0.9795018,-0.17027701,-1.2059497,-0.92149216,-4.574574,-1.6766781,0.05644541,-6.989111,-0.4430157,-1.8764659,-3.6376538,-0.8240776,-1.1810166,0.13298091,-1.3328984,-6.4746475,-0.7814682,-11.929005
1.2218466,-0.20572488,-2.028928,0.12918076,-0.7592889,-0.5069063,-4.803767,-8.108131,-8.417209,0.4919071,-0.6564077,-0.5837117,0.8295568,-16.883753,-1.4500136,0.73895144,-3.337191,0.84197885,-0.70723444,0.52974313,-0.7030524,0.15259297,-2.3378992,-17.220604,4.025537,-0.08106713,-0.48114836,-0.13535261,0.238894,-0.771161,-0.21318503,-1.25859,-1.0034901,-6.644533,-1.6432824,-0.2248341,-6.8254566,-0.8435824,-1.2090787,-3.8362753,-0.39927962,-1.1432679,-0.21362981,-1.3090471,-6.2218313,-0.7834125,-12.748273
1.135095,-0.28659537,-1.9054971,0.12661988,-0.67314965,-0.3364525,-5.114747,-8.012733,-7.6719093,0.36019737,-0.67953944,-0.66343385,1.0072442,-16.794346,-1.4208556,0.5016307,-3.3286448,1.2010013,-0.11520764,-0.358461,-0.46471936,-0.8264824,-1.944062,-17.106943,3.5903802,0.089178935,-0.5789702,-0.119243585,0.37229973,-1.0605679,-0.11330546,-1.4333192,-0.8280223,-7.3861747,-1.4898471,-0.4122939,-7.041799,-0.6274474,-1.5294814,-3.5999446,-0.51248384,-1.094737,-0.13820273,-0.9598583,-6.0390124,-0.62463707,-12.613847
1.2231184,-0.15720983,-1.5141234,0.2478631,-0.69258046,-0.2940299,-5.422343,-7.819256,-8.857616,-0.5433227,-0.7985314,-0.9025357,1.9426681,-16.390013,-1.4840146,1.2212827,0.48815152,0.7865644,-0.22625192,0.35777232,-0.29161447,-0.86272174,-2.3538945,-17.017916,4.0736666,-0.078026526,-0.73888123,-0.09749951,0.093458265,-1.1702205,-0.20343517,-1.3252817,-1.0365629,-7.1932282,-1.0469959,-0.50648487,-7.1990137,-0.5192361,-1.617989,-3.1575973,-0.5175151,-1.0771445,-0.1359197,-1.0762291,-6.460066,-0.890619,-12.828387
2.0912294,-0.26207343,0.13192606,0.42025837,0.638472,3.0854309,-3.2492821,-8.151431,-10.631282,-0.70943487,-0.4260161,-0.74271643,1.4502852,-15.948871,-1.3394783,0.87302935,-3.051349,0.67963743,0.11749727,1.228789,-0.3491729,0.6366009,-1.6438842,-19.278889,4.6785083,0.06706679,-0.66504717,-0.042042278,0.35979176,-1.0021851,-0.16074108,-1.4658768,-0.7448052,-7.7210875,-1.9165949,0.21144931,-6.9437737,-0.40384603,-1.6616418,-3.3494244,-0.54993594,-1.4228259,-0.19317243,-1.9311479,-8.047115,-1.1518719,-15.577594
1.9838392,-0.17615017,-3.868864,0.43796408,-0.7620929,3.1739275,-3.5451014,-7.799165,-8.213788,0.29558292,-0.32223314,0.23862088,2.2342203,-16.226078,-1.2062805,0.17319657,-3.6489465,0.6315378,-0.26427975,0.4947816,-0.49073425,-1.2898277,-1.4960883,-18.661194,4.377666,0.11783883,-0.67670864,-0.038188986,0.3244109,-0.9021598,0.38642782,-1.4994655,-1.0152999,-7.3788,0.09669264,-1.1225215,-6.5697274,-1.1359746,-1.7138067,-3.2545202,-0.46965155,-1.349633,-0.14332838,-1.5786886,-7.5243106,-0.47786593,-17.554882
0.9419029,-0.12725449,-0.8852547,0.04833297,-0.78449875,-1.0145588,-7.918343,-7.593844,-9.657022,-0.4917938,-0.111363366,-0.52450204,2.0931966,-15.084088,-1.2055044,1.0719534,0.29505092,0.81899196,-0.5391738,0.3926132,-2.5479515,-1.0017189,-1.7263273,-17.22208,3.7825193,0.035569135,-1.514867,-0.1254462,0.22076617,-0.57207406,-0.15054251,-1.299083,-1.5147551,-9.679436,0.141878,-1.2887902,-6.450675,-0.79290056,-1.8434479,7.3332753,-0.6667876,-1.0755782,0.08544629,-1.0415479,-4.947843,-0.6106441,-13.45139
1.0995828,-0.71386236,-0.9621748,0.11625447,-0.89470726,2.3446398,-5.3521085,-8.337585,-10.51792,-0.8531113,-0.8712416,-0.5567469,1.688861,-15.804956,-2.8512425,0.58970827,-2.0423925,0.22426642,-0.50675404,1.6016784,-5.710728,-1.2160392,-2.0349188,-20.165682,4.6720004,-0.08675018,-0.80520314,-0.08132328,0.050578833,-0.8843032,-0.40306473,-1.8568782,-0.7190835,-3.480687,-0.59719485,-1.0157365,-7.1952353,-0.56282085,-2.5590637,7.0464926,-0.5311664,-1.1771652,-0.42726815,-1.6992812,-4.9640894,-0.9540516,-17.366648
0.85865486,-0.8161924,-0.49543488,0.2998093,-0.76155335,-2.0057433,-7.7788186,-7.848712,-10.686429,-0.8131239,-0.7896014,-0.7386782,0.74936235,-15.255004,-1.133762,1.031627,-2.5729668,0.613825,-0.6855309,0.594441,-4.3174124,-1.1632316,-1.2572707,-17.040457,4.4987807,0.11707926,-0.34443197,-0.004490669,-0.10898909,-0.61354434,-0.20734765,-1.1716428,-2.1098318,-9.724043,-0.8567227,-0.8768554,-6.0821776,-0.9916637,-2.1299677,7.696646,-0.7343555,-0.8360601,-0.29421008,-0.99664456,-5.8854957,-0.5751964,-13.090147
0.6694147,-0.18769467,-1.299765,0.032166515,-0.6225104,-1.0259933,-7.8369136,-7.2638307,-7.275785,-1.0725541,0.08085447,-0.60539705,2.446813,-13.934311,-1.2812016,1.1472886,-0.17940098,0.9847138,-0.4511283,0.18482274,-2.2981122,-0.8231903,-1.7638183,-16.509254,4.8826385,-0.18682565,-1.373094,-0.06476456,1.5426984,-0.8648069,0.03877192,-0.1870566,-0.61020607,-8.43824,0.18456854,-1.1683414,-6.1709933,-0.35858345,-1.1503931,8.429784,0.5078876,-1.7839729,0.219937,-1.1997845,-4.342199,-0.37761396,-12.69746
1.3557062,-0.2606125,-1.3074161,0.49695152,-1.4106604,2.2993298,-0.22558673,-7.066998,-2.7092597,-0.8245172,-0.54248315,0.08587958,1.1251899,-13.242623,-1.8630251,0.011282335,0.17659667,0.18182622,0.0071187704,-0.33618152,-3.6018956,0.28767756,-1.8536578,-17.589,-1.7903652,-0.06049028,-0.3084797,-0.021921871,-0.17302965,-0.41162065,0.38802814,-1.70678,-2.212176,-2.596027,-1.6317778,-0.55944,-5.975088,-0.43079934,-0.91654795,-4.249057,-0.5420059,-1.1698396,-0.3961721,-2.158479,-5.642098,-1.5974807,-14.394401
1.4042758,-0.2332499,-0.6422878,0.22003865,-1.3390571,3.213126,0.067927115,-8.437377,-3.3251874,-0.57952946,-0.7246748,-0.10616192,2.3125808,-14.357339,-1.7927846,0.48103338,0.20355813,0.42005384,-0.0772545,0.11528892,-4.2762837,0.08174693,-1.279809,-19.397585,-1.6360952,-0.18468252,-0.24777472,-0.055822175,0.31652507,-0.6932304,-0.059113592,-0.8995679,-1.5611918,-1.8381844,-1.6586288,-0.6507449,-5.90622,-0.73333454,-0.84378934,-4.134597,-0.45250106,-1.2169545,-0.8332035,-2.5129066,-5.777205,-1.222053,-14.156083
1.522121,-0.098943405,-2.4782162,-0.66014135,-0.9870203,1.5664809,-1.5205384,-7.3318343,-3.36387,-0.8712334,-1.1167947,-0.9544167,-0.341398,-10.795892,-2.8585863,-0.23871191,0.2653815,0.18885516,-0.035645172,-0.66464466,-0.93419015,0.2723012,-1.6389277,-15.174968,-3.2929926,-0.023190614,0.0073055252,-0.09473153,-0.047571372,-0.5204601,0.3631662,-1.2811657,-1.1883991,-3.284568,-1.0685414,-0.9314483,-7.883422,-0.5446534,-1.0493402,-2.9597414,-0.9806446,-2.0872738,-0.5533557,-2.7510993,-4.7826233,-0.43540984,-9.369546
1.817806,-0.11956522,-1.0532547,0.56152683,-1.2386452,3.763932,1.0950974,-7.20566,-3.9068131,-1.0501727,-0.4227412,-0.0102981115,0.8650168,-14.4235115,-1.8129866,-0.019252373,0.22515544,0.1851696,-0.084795855,-0.33164972,-3.7613788,0.45129374,-1.9621024,-17.797321,-2.3778925,-0.10985185,-0.55448794,-0.022401128,0.022220593,-0.7042698,-0.1432163,-1.3807584,-0.9408831,-2.776259,-1.4656614,-0.53719544,-6.5500126,-0.49843982,-0.8090009,-3.931613,-0.5808219,-1.0285463,-0.26470497,-3.0105476,-5.4025693,-0.5562547,-14.999068
1.6326712,-0.17251176,-0.055122036,0.34219828,-1.3674008,3.9910495,0.154957,-8.692626,-4.093345,-0.89159214,-0.6675814,0.16848452,1.1397028,-13.431145,-1.9110297,-0.0044471035,0.06894605,0.63978624,-0.103892095,0.14484979,-3.6153903,0.36570242,-1.4267012,-17.593153,-2.1401865,-0.20067586,-0.7735831,-0.092299916,0.04855042,-1.3814821,-0.19737831,-1.7927529,-1.0727441,-1.6386999,-1.5106986,-0.8888558,-7.0170083,-0.52683,-0.66185194,-4.176784,-0.41650647,-1.481879,-0.27490798,-1.8370979,-5.6442256,-1.4406104,-13.757999
1.8050879,-0.33040798,-0.6518329,0.34733942,-1.309398,3.6717072,-0.1381006,-7.660628,-4.1350894,-0.72788703,-0.46049175,0.06930792,2.3128746,-13.976336,-1.9005638,0.9398468,0.34113246,0.4409055,0.07485859,0.39007306,-4.5330873,-0.15842801,-1.2389188,-17.95702,-1.8373615,-0.27996162,-0.59808683,-0.1787193,0.25593832,-0.6424195,-0.37202242,-1.2819252,-0.8308077,-1.8601187,-2.1751828,-0.21690695,-6.6450005,-0.5309059,-0.6269496,-4.144183,-0.4057949,-1.283054,-0.49418187,-2.3886573,-4.6893435,-1.096902,-15.115955
1.3863046,-0.1909499,-1.2630826,0.4800126,-1.3169619,2.4958594,-0.36033538,-7.420454,-3.285528,-0.7597523,-0.52718455,-0.042738624,1.0983163,-13.180379,-1.8086321,0.13446327,0.21902356,0.40698007,-0.13029951,0.16625822,-3.9642684,0.2328798,-1.7685351,-17.922972,-1.4164094,-0.08752563,-0.32462403,-0.030278625,-0.27301008,-0.49137422,-0.06545771,-1.691688,-1.3941983,-2.5274909,-1.0107291,-0.61211586,-6.260517,-0.47476766,-0.9297247,-4.121484,-0.4031696,-1.2827201,-0.39907363,-2.0007641,-5.7332964,-1.5708333,-15.33324
1.6456417,-0.10048872,0.83910286,-0.073815435,-0.8478583,3.0696113,-3.9451427,-6.0290265,0.7434976,1.0502176,0.105248,0.2147855,2.5841963,-10.677468,-1.6594,1.500341,0.3671023,1.1194937,0.1794762,0.8707017,3.0060968,0.2778379,-0.39242625,-14.180452,0.25918996,0.007475369,-0.41943973,-0.09022621,0.7940275,-0.99790514,-0.3474622,-0.72657984,-0.8396184,-1.6087874,-0.16513486,-0.9026946,-1.434153,-0.14592153,-0.89897436,-1.645232,8.39485,-0.9333875,-0.1465535,-3.057569,-2.4103038,-0.58792406,-9.568074
1.5891868,-0.084721886,0.9153205,-0.04158865,-0.845687,2.7953978,-3.7295668,-5.3139,0.5304101,1.2126667,0.13622096,0.21210226,3.6870997,-11.255192,-1.516422,1.293526,0.3873529,1.1431736,0.21078168,0.9516043,3.0367212,0.16687332,-0.5883206,-14.124557,-0.29106405,-0.002624661,-0.40854624,-0.013532095,-0.08801028,-0.49802214,0.5263588,-0.8455165,-0.8490745,-1.6424268,-0.27262747,-1.0714189,-1.7060764,-0.6207512,-0.98263776,-1.3117418,8.291917,-0.90841985,0.023509217,-2.2746794,-2.6277857,-0.7407455,-9.174074
1.567474,-0.08302081,0.9187964,-0.11219272,-0.8474405,2.8398528,-3.699568,-5.3057895,0.6168316,1.2114441,0.14384995,0.21046196,3.6784964,-11.257532,-1.4116302,1.3082865,0.37863645,1.146007,0.19373326,0.95075667,3.0483675,0.1616953,-0.55639935,-14.124375,-0.29106992,0.003576312,-0.41372812,-0.012525789,-0.105846435,-0.4535634,0.5997139,-0.8666536,-0.85737026,-1.5408264,-0.26871997,-1.0713854,-1.7079744,-0.36076343,-1.008211,-1.3350171,8.293727,-0.8092915,0.11366072,-2.2432673,-2.6303475,-0.6721413,-9.183028
1.600914,0.10427823,0.34015992,-0.092446275,-0.8034278,2.6000113,-3.7718215,-6.6075225,0.4088371,2.90097,0.2386439,0.20187081,3.230025,-11.18606,-1.3694807,1.3509768,0.39282116,1.1539738,0.249685,0.8323564,2.5558095,0.1519966,-0.4918405,-14.213391,-0.2078271,-0.015689392,-0.4040411,-0.018282421,-0.089730345,-0.5035628,0.45032874,-0.7955611,-0.81945395,-0.3712236,-0.9368624,-1.0694358,-2.686881,-0.2931705,-0.6241794,-1.4349092,8.462161,-1.0577053,0.05800805,-2.4368448,-3.041982,-0.66363966,-9.473882
1.4416376,-0.038888752,-3.1550643,0.1518457,-0.35885072,2.855446,-3.2917643,-6.7000694,-0.8079036,1.6630801,-0.33313566,0.39621565,2.065443,-11.549725,-1.4590993,1.5294622,0.3864251,1.0155367,0.23132908,0.8925936,2.1641743,0.15720509,-0.34621292,-14.864238,0.54359156,-0.09790729,-0.62799835,-0.009135654,0.2827129,-0.48460224,-0.56359565,-0.7299439,-0.5023662,0.69663996,-0.78469247,-1.0689193,-0.88233477,0.058386922,-0.88873404,-4.42305,7.685274,-1.2556185,-0.0005727698,-1.8401841,-3.165964,-0.7071232,-9.670743
12.259657,-0.4570524,-0.82581973,8.91801,-0.59639746,25.773668,28.798218,17.548788,8.38039,2.9539263,0.87283134,0.0715115,24.06264,40.990185,0.3676963,0.066983774,-0.83052236,0.075153135,0.26207402,-0.4003249,21.197182,0.56582564,14.286014,42.73551,17.900152,-0.32621172,0.36145362,-0.38901272,0.2900553,-0.33845758,0.22652553,17.327688,4.8890734,19.705015,2.3458848,3.8259983,23.7814,-0.8031705,4.4893765,0.65120685,0.37770012,-3.6210837,1.4517624,4.246541,12.242088,0.33920172,17.793892
10.399934,-0.3990336,-0.7631375,11.216214,-0.47279903,28.276402,32.309544,18.887022,5.5214596,2.6441805,0.52490497,0.19833058,25.411907,25.843336,-1.0289748,0.09075123,-0.86721766,0.10039612,1.6421267,0.7667771,1.7108185,0.9659732,9.66782,39.839756,22.488869,-0.17009325,0.7892291,-0.31377235,0.4743339,0.28638902,-0.35361743,17.061893,5.3944974,23.682709,3.2169209,8.495391,24.22851,-1.1036037,2.990068,11.300777,0.2323987,1.1824671,0.9092984,3.621993,10.977551,0.4076885,25.576319
10.353493,-0.7340844,0.25271013,7.779963,-0.3224977,27.376608,31.638382,20.192663,6.1637034,2.7571502,0.6870161,0.17933495,25.367104,23.404978,-1.168602,0.8411381,-0.7043308,0.057409085,-0.27345037,0.66823655,2.760677,1.2840958,10.734801,41.515636,22.52718,-0.22465868,0.56025076,-0.09173653,-0.36414543,1.0500444,-0.09144664,17.233566,7.023954,24.295666,3.2860148,6.4698343,27.91505,-1.1156673,3.2602463,11.292139,0.28835636,0.33459413,0.81904393,4.427372,11.037213,0.053770676,26.265451
12.058948,-0.4005806,-0.6802233,11.855019,-0.97986096,28.702324,28.917044,17.01712,11.706822,2.7141478,1.2678634,0.16952665,24.040592,29.768915,-2.2180672,0.8994327,-0.9578898,-0.2254958,0.14125647,-0.9913271,18.72237,1.3033626,11.608273,42.581223,20.012264,-0.35617343,0.6412532,-0.26839855,0.34213972,1.7235107,-0.030032711,13.599124,3.209765,21.531902,3.6180499,2.4612718,23.858576,-0.5090637,2.5423124,10.135625,0.33389536,2.422102,1.7813114,3.567267,9.067538,0.55805796,16.667322
3.8439677,-0.37577942,-0.5736699,1.9926292,0.5015048,7.5889606,3.6846008,25.53509,35.10957,2.8609703,1.5416939,-0.48528734,0.58758307,34.089336,8.414535,1.9519684,2.398016,-0.28439882,0.31508097,0.2177363,23.348196,-0.36812043,15.341914,53.294167,12.866436,-0.24195734,0.9576406,0.10307662,0.17629474,0.37285686,0.126687,9.751492,0.39329162,1.6355048,2.8641214,6.0412703,21.273912,2.949712,-0.49756858,3.7683935,-0.9091723,3.7529085,2.2034407,1.3501223,8.574633,0.5409644,22.51421
3.048983,-0.6866747,-0.724663,3.7910345,0.0132714985,10.988654,2.1856866,21.053999,31.450285,2.550075,0.6225106,-0.11925718,-0.72541547,32.953888,5.267311,1.513854,2.4936485,-0.38423264,0.08370969,0.70124984,22.386396,0.31410342,9.7968645,44.063423,13.66902,-0.40254048,0.42101392,-0.065889366,-0.0393256,-0.08102295,0.29600438,-1.432863,0.28290516,2.9755409,3.6592407,6.286955,22.040167,-1.2029701,-2.2897737,2.8256388,0.84595263,-1.7952249,2.168272,1.1788483,6.503224,-0.06872501,22.497526
2.080706,-0.36980888,-0.12085791,-1.2330384,0.39714354,9.693705,2.9348454,24.814682,36.393562,-2.5225759,0.94236887,-0.16057907,1.7939607,31.143993,9.291159,1.6927875,0.7745099,-0.40260792,-0.31217888,-0.6629148,21.10603,-0.10052544,10.714534,50.654728,13.947882,-0.37900487,0.67469484,-0.023715654,0.49316743,9.607583,-0.108616844,4.883425,0.61153615,0.805344,4.267993,3.4604218,26.530043,1.9007497,0.005171991,10.634745,-0.64548916,5.6887813,3.6725523,1.4731611,11.706293,1.1748575,22.598055
-0.1457915,-0.23381913,0.95100135,-1.1646671,0.122347064,-4.637464,-2.407982,53.26721,43.882793,1.7053466,1.0952265,-0.82328683,0.019296842,41.333565,16.73318,-7.8876643,2.521165,-0.4452011,-0.6177873,-11.450204,16.222252,-2.5240297,4.8388343,51.21589,-3.4225972,-0.81596154,1.7137965,0.5269787,-0.21683028,9.133448,1.7370819,2.9523666,-0.49572292,-3.1634736,1.9143938,0.41739923,19.503222,1.1801808,2.6984267,44.116295,-1.6894032,4.594134,-1.9265878,1.1156975,17.060495,0.029458411,23.48616
4.8759184,0.123121426,1.0249563,-0.48605508,-0.38752902,-3.933077,-3.3053565,24.741253,46.187424,3.122629,0.7486191,-1.0797653,-1.057322,35.8832,18.301949,2.9094653,1.0273454,-0.12476099,-0.6146244,2.2621174,21.69175,4.071343,-1.1217757,48.003536,-3.2542024,-0.6870488,0.7174946,0.4396211,0.094881035,5.465648,-0.40983242,4.7851534,-0.75694644,0.4030734,0.653488,6.750147,24.20815,1.6143318,-0.20593785,22.49267,-1.1748765,4.7053127,-0.9267935,0.67668086,8.618513,0.2857784,20.909275
2.316579,-0.11351279,-0.5038083,2.3973112,0.5273981,5.0340548,-5.0088654,19.54608,41.108383,3.2691393,0.7825836,-0.5503893,0.07916245,35.573685,10.217291,3.0503368,1.0696676,-0.17281055,0.10992361,1.5200865,21.87298,-0.38120744,13.969648,52.288773,6.419914,-0.52034944,0.948953,-0.7794579,-0.2963794,6.6530123,-0.39217806,7.4714603,0.4189637,0.5152108,1.2462467,7.0021386,25.602633,0.47043455,1.6855958,21.662952,-0.6965015,3.113227,0.93913686,-0.35323906,9.279852,-0.1533052,23.355963
3.6965752,-0.14991906,-0.61452687,2.3344197,0.15404145,7.726451,-10.3214445,24.401638,28.960348,2.8138278,1.2250111,-0.7399167,-0.891469,27.535404,9.70296,1.2354919,-14.361929,-0.39905077,-0.025797546,-0.08740485,21.65925,-0.72626644,5.9605927,53.23364,5.2024484,-0.49113426,0.9044761,0.18239252,0.053091183,2.4333386,-0.27194163,9.018686,-0.75053185,1.5062147,2.056494,3.2493045,23.84808,0.09298743,0.026308563,16.018936,-0.17139591,4.3648305,-3.1845126,1.3953495,8.448153,-0.50645584,16.910543
7.5388064,0.12959553,-1.1029702,1.3620121,-0.21815068,9.331316,-17.045494,10.601798,7.9495964,1.7581038,0.91389835,-1.0933263,-7.2078414,20.562857,3.1789985,-5.1211696,-15.351115,-0.40170616,-0.6652117,-1.5752379,19.254665,0.09394417,3.5744703,49.73315,5.548371,-0.4045374,0.5415964,1.5747522,-1.5975379,1.4566957,0.30965883,10.495898,-3.2089283,12.373523,-1.3027145,5.208322,11.76938,0.41202077,-1.266362,19.992203,0.5096908,2.5774758,-6.962052,1.4791545,7.9332023,-0.20624216,17.298843
1.3082178,-0.23599079,-3.5992367,-0.10153042,-0.6601041,0.0839592,-5.0541773,-7.9814343,-9.297592,0.13225125,-1.0184594,-0.7350928,1.1228144,-16.517336,-1.3688356,0.95816654,-3.243196,0.80078644,-0.23394638,0.49354845,-0.24732575,-1.2298514,-1.5804142,-17.71122,4.47515,0.21638654,-0.72744066,-0.10639201,0.36354086,-1.2319431,-0.28760883,-1.1703296,-1.0498879,-4.955688,-0.61203927,-0.12893096,-7.4144096,-0.06874243,-1.8233513,-3.7767534,-1.0187712,-1.0868871,-0.09749481,-1.2065833,-5.8198996,-0.6074051,-13.3373785
2.0577393,-0.45898408,-1.1584635,0.10042685,-9.9732984e-05,1.6560862,-4.6864867,-7.9830675,-9.5249,0.29654667,-1.165743,-0.773862,0.48162842,-16.649717,-1.3102393,0.6407234,-2.7117453,0.66062135,-0.36690527,1.3921827,-3.1605415,0.33389008,-1.9909005,-17.684412,4.756107,-0.15345424,-0.3072823,-0.051458288,0.11151288,-1.2684051,-0.2808344,-1.2631791,-0.87980306,-3.6078815,-1.894555,0.2465513,-6.7529945,-0.22405237,-1.5296831,-3.8123374,-0.49888554,-1.1830268,-0.08270833,-1.8186104,-8.272661,-1.0082666,-14.594073
2.0470316,-0.22065061,-3.575266,-0.1073509,-0.6925075,0.023513988,-5.217977,-8.08363,-9.174537,0.24728386,-0.9823517,-0.7079069,0.82804614,-15.412809,-1.2670803,0.92703754,-3.2140105,0.7652475,-0.19760771,0.46207687,-0.20551935,-1.1958615,-1.9204268,-17.814522,5.1732416,0.0746591,-0.68671995,-0.004881378,0.075885326,-0.98767626,-0.26885825,-1.4080532,-0.92730474,-5.3839126,-0.73066235,-0.028300231,-7.080746,-0.6286361,-1.8376716,-3.7431097,-0.49479884,-1.1343929,-0.13262513,-1.1859131,-7.6829033,-0.5927012,-13.1798935
1.9321418,-0.26990467,-1.4317493,0.010675434,-0.6603669,-0.5867007,-5.8129363,-8.137494,-9.667067,0.2590784,-0.95745945,-0.78335655,0.25530797,-16.487999,-1.4705749,1.2516621,-2.139277,0.64514774,-0.07444797,1.5631515,-2.15635,-1.3556234,-1.356024,-17.415142,4.598927,0.011610771,-0.46441954,-0.25082287,0.17012103,-1.232282,-0.21574056,-1.3612866,-0.91372025,-3.4085743,-1.6171391,0.03525194,-7.0064416,-0.32688808,-2.129476,-4.0861197,-0.9849601,-1.4618287,-0.01281701,-1.1781505,-7.7319193,-0.82770646,-12.115042
1.0619844,-0.15446784,-0.72022945,-0.09365943,-1.1365995,4.2461433,-0.6258411,-7.1281705,-9.478804,-0.7980967,-0.13389005,-0.17115352,3.9126124,-15.786714,-1.9989597,-0.09620046,-0.5961273,0.3923157,0.07635867,-0.40954965,-4.0515623,0.47692508,-1.8986318,-18.41783,5.678589,0.48729056,0.44001648,-0.09887138,-0.3205699,-0.488016,0.34545296,-0.24359532,3.9603934,-1.1557816,-0.6164911,0.11605279,-10.399867,-0.43281114,-1.1849755,8.911391,-0.3137968,-0.29956695,-0.45002544,-3.985234,-8.760348,-1.1663778,-16.393982
2.099704,-0.21603484,0.24145442,0.6681752,-1.1299309,4.9605813,1.2087883,-6.9001546,-9.693961,-0.96445185,-0.7173332,0.00998597,3.6848173,-16.790972,-1.4422697,1.1639469,0.041332424,0.5549669,-0.13455725,0.047342848,-3.653035,0.42258906,-1.4151555,-19.353636,5.865346,0.20156293,-0.14132841,-0.035915077,0.038881794,-0.677056,-0.07432914,-0.28118777,1.9109919,1.6201212,-0.32050234,0.014006056,-7.205173,-0.34787852,-0.70662385,-4.04374,-0.18168572,-0.65936863,-0.36027205,-3.184326,-9.794571,-1.1390367,-17.315702
2.099704,-0.21661602,0.24145442,0.6681752,-1.1299309,4.9605813,1.2087883,-6.9001546,-9.692686,-0.96445185,-0.7173386,0.00998597,3.6848173,-16.790972,-1.4413155,1.1639469,0.041332424,0.5550464,-0.13455725,0.047342848,-3.653035,0.42258906,-1.4151555,-19.353636,5.865346,0.20156293,-0.14132841,-0.035915077,0.038881794,-0.6770077,-0.07432914,-0.27655923,1.9152946,1.6201212,-0.31740156,0.014006056,-7.219476,-0.34787852,-0.7061016,-4.043741,-0.18168579,-0.65938795,-0.36027205,-3.184326,-9.794571,-1.1390367,-17.315702
2.099704,-0.21637577,0.24145442,0.6681455,-1.1299309,4.9605813,1.2087682,-6.9001546,-9.693961,-0.96445185,-0.71726805,0.0099999,3.6848173,-16.790972,-1.4422697,1.1639469,0.041332424,0.5549669,-0.13455725,0.047342848,-3.653035,0.42258906,-1.4151555,-19.353636,5.865343,0.20156293,-0.14047961,-0.035915077,0.038894035,-0.677056,-0.07432914,-0.28118777,1.9109919,1.6201212,-0.32092836,0.014006056,-7.205173,-0.34791988,-0.70662385,-4.04374,-0.18168572,-0.65936863,-0.36029202,-3.1843853,-9.794571,-1.1390367,-17.315702
0.7930217,-0.30412114,-0.233835,0.47902095,-1.117974,4.164149,0.27796516,-7.0656734,-6.9182634,-0.792241,-0.49900994,0.06278759,2.9334266,-14.075609,-1.7222095,0.09536354,0.0123357745,0.5506036,0.044216443,-0.33845738,-3.59135,0.46267974,-1.4647044,-18.516598,3.992014,0.23498611,-0.32469034,-0.039223295,-0.09363773,-0.7309449,0.28943166,-0.82649344,2.190405,-0.5687964,-0.7162547,0.11274054,-7.1768603,-0.313997,-0.857108,-4.1685996,-0.25937086,-0.70519143,-0.37788525,-2.431362,-7.7696447,-1.0872203,-16.090176
2.099461,-0.1997053,0.26153538,0.6728981,-1.1316937,4.814136,0.93097633,-6.874734,-9.348128,-0.9050663,-0.7124353,0.0096719675,3.6911125,-15.722315,-1.4473177,1.1943774,0.03935091,0.5579757,-0.12454306,0.03451913,-3.6391904,0.4917605,-1.4147393,-19.358994,5.8759093,0.20579095,-0.14553271,-0.30246434,0.0401775,-1.2552412,-0.07699986,-0.282367,1.9192959,1.6226176,-0.2895137,0.01032741,-7.5292196,-0.33347884,-0.7471596,-4.023184,-0.17266385,-0.6604499,-0.43054616,-3.2110991,-9.809199,-1.1385965,-17.356577
1.1293497,-0.17590848,-1.2945405,0.3076624,-0.7167323,3.603793,-2.2715464,-7.4919453,-6.395466,-1.0206084,-0.563288,0.12401537,2.6392539,-13.009564,-1.9862899,-0.020046117,0.2752566,0.31836954,0.09217654,-0.25532138,-0.55303323,0.94992644,-1.8657414,-19.320381,1.6843077,0.029881123,-0.3352839,-0.096129864,0.06987155,-0.22887424,0.28560588,0.2980023,2.8254728,-1.5855381,-0.6490802,0.055043418,-7.4318438,-0.20452029,-1.180421,-3.5675042,-0.5017237,-0.95474756,-0.4769718,-2.4843173,-6.730531,-1.4082248,-13.93103
1.0489864,-0.2165493,-0.072894454,0.087616466,-1.024961,3.5857038,-0.7860998,-7.5341535,-6.284681,-0.8269237,-0.45733902,-0.06447545,2.3222623,-12.935431,-1.9459046,0.07045375,0.18480156,0.30871376,0.063775554,-0.3818096,-0.3147511,0.88464344,-1.7340714,-19.361427,2.1098146,0.10102022,-0.53966165,-0.0049357144,-0.073791295,-0.18311955,0.2387503,-0.74926496,2.2295434,-1.3011719,-0.5560395,-0.28396973,-7.173226,-0.15928394,-1.0226476,-4.055403,-0.38930184,-0.9386811,-0.5327571,-1.9834877,-7.611077,-1.1653373,-13.461273
2.099704,-0.21637577,0.24145442,0.6681455,-1.1299309,4.9605813,1.2087682,-6.9001546,-9.693961,-0.96445185,-0.71726805,0.0099999,3.6848173,-16.790972,-1.4422697,1.1639469,0.041332424,0.5549669,-0.13455725,0.047342848,-3.653035,0.42258906,-1.4151555,-19.353636,5.865343,0.20156293,-0.14047961,-0.035915077,0.038894035,-0.677056,-0.07432914,-0.28118777,1.9109919,1.6201212,-0.32092836,0.014006056,-7.205173,-0.34791988,-0.70662385,-4.04374,-0.18168572,-0.65936863,-0.36029202,-3.1843853,-9.794571,-1.1390367,-17.315702
1.1270682,-0.2712493,-0.2125249,0.12972514,-0.73338646,3.5240414,-1.8596619,-7.717414,-6.4529705,-0.67526424,-0.46303698,0.114293404,2.9193902,-12.704253,-1.916324,0.13111186,0.105557956,0.40092054,0.06278388,-0.5100089,-2.503926,0.916746,-1.7720661,-18.945549,3.6601744,0.21699792,-0.28521013,0.0061699157,-0.032315254,-0.38143185,0.25819987,-0.8021914,2.1950285,-1.091149,-0.65199935,-0.11680954,-7.3134375,-0.30739477,-1.1614711,-4.038213,-0.36330235,-0.849631,-0.40490115,-2.3207023,-6.6426725,-1.3715454,-14.948475
1.155846,-0.22281921,0.27905253,1.8921279,-1.1067884,5.237372,1.3071839,-7.0627666,-9.833114,-1.0128173,-0.90502316,0.08192762,3.4148962,-17.414398,-1.6069877,1.2235322,0.004794647,0.61323565,-0.11232675,0.05708014,-3.8289487,0.45703796,-1.2861159,-19.706585,5.0459037,0.24544129,-0.25214046,-0.015380275,0.14348008,-0.7650324,-0.06804152,-0.28894055,2.0757084,1.8038278,-0.13414241,0.035712395,-7.7431355,-0.3022731,-0.726585,-3.952303,-0.23977858,-0.40414268,-0.37354544,-3.205652,-8.153553,-1.1334933,-17.260967
2.099704,-0.21603484,0.24145442,0.6681752,-1.1299309,4.9605813,1.2087883,-6.9001546,-9.693961,-0.96445185,-0.7173332,0.00998597,3.6848173,-16.790972,-1.4422697,1.1639469,0.041332424,0.5549669,-0.13455725,0.047342848,-3.653035,0.42258906,-1.4151555,-19.353636,5.865346,0.20156293,-0.14132841,-0.035915077,0.038881794,-0.677056,-0.07432914,-0.28118777,1.9109919,1.6201212,-0.32050234,0.014006056,-7.205173,-0.34787852,-0.70662385,-4.04374,-0.18168572,-0.65936863,-0.36027205,-3.184326,-9.794571,-1.1390367,-17.315702
2.099704,-0.21603484,0.24145442,0.6681752,-1.1299309,4.9605813,1.2087883,-6.9001546,-9.693961,-0.96445185,-0.7173332,0.00998597,3.6848173,-16.790972,-1.4422697,1.1639469,0.041332424,0.5549669,-0.13455725,0.047342848,-3.653035,0.42258906,-1.4151555,-19.353636,5.865346,0.20156293,-0.14132841,-0.035915077,0.038881794,-0.677056,-0.07432914,-0.28118777,1.9109919,1.6201212,-0.32050234,0.014006056,-7.205173,-0.34787852,-0.70662385,-4.04374,-0.18168572,-0.65936863,-0.36027205,-3.184326,-9.794571,-1.1390367,-17.315702
2.099704,-0.21603484,0.24145442,0.6681752,-1.1299309,4.9605813,1.2087883,-6.9001546,-9.693961,-0.96445185,-0.7173332,0.00998597,3.6848173,-16.790972,-1.4422697,1.1639469,0.041332424,0.5549669,-0.13455725,0.047342848,-3.653035,0.42258906,-1.4151555,-19.353636,5.865346,0.20156293,-0.14132841,-0.035915077,0.038881794,-0.677056,-0.07432914,-0.28118777,1.9109919,1.6201212,-0.32050234,0.014006056,-7.205173,-0.34787852,-0.70662385,-4.04374,-0.18168572,-0.65936863,-0.36027205,-3.184326,-9.794571,-1.1390367,-17.315702
2.099704,-0.21603484,0.24145442,0.6681752,-1.1299309,4.9605813,1.2087883,-6.9001546,-9.693961,-0.96445185,-0.7173332,0.00998597,3.6848173,-16.790972,-1.4422697,1.1639469,0.041332424,0.5549669,-0.13455725,0.047342848,-3.653035,0.42258906,-1.4151555,-19.353636,5.865346,0.20156293,-0.14132841,-0.035915077,0.038881794,-0.677056,-0.07432914,-0.28118777,1.9109919,1.6201212,-0.32050234,0.014006056,-7.205173,-0.34787852,-0.70662385,-4.04374,-0.18168572,-0.65936863,-0.36027205,-3.184326,-9.794571,-1.1390367,-17.315702
2.1747394,0.057823814,0.4532729,2.894343,-0.81762487,5.011641,1.3465427,-10.382363,-5.292593,-1.0527853,-0.8415301,0.32811445,2.8506181,-13.224267,-1.3468255,1.3126265,0.07515455,0.74226093,-0.23506816,0.20931977,-4.609035,0.776101,-1.1363913,-19.093645,4.805873,-0.30170876,0.4954787,0.030503767,-1.0591074,-0.76312506,0.38409483,-0.20759459,2.3062863,-3.8050423,-0.42316708,0.4185765,-8.194558,-0.35678026,-1.1759168,-5.071298,1.9472615,-0.95210254,-0.19891492,-3.1712291,-11.336497,-1.2743595,-16.461159
2.04198,0.092500076,0.39998445,2.7429647,-0.24492066,7.052396,2.6909382,-5.561979,-12.489813,-0.10952592,-2.1495543,0.05070091,3.3370879,-18.317705,-1.281301,0.55222493,-1.452473,0.1455164,0.1335574,1.5063787,-5.125535,-0.9832106,-0.68195903,-19.466812,5.1132936,0.1777341,1.0233353,-0.12685469,0.2195643,-1.0727304,-0.014907804,-0.05846246,1.6308229,6.6376114,0.20527264,0.14709131,-8.544547,-0.38275084,-1.5324105,-7.219024,2.1364658,-0.022191554,-1.2516726,-4.700313,-9.442353,-1.1262,-18.817747
2.1139698,-0.08710486,0.3041993,1.8962016,-1.0739735,5.725917,2.3444262,-7.652574,-10.394294,-0.2331806,-1.9175587,0.038476747,3.304904,-17.181458,-1.1279279,1.1026561,0.06820061,0.56897926,-0.07296379,0.7173067,-5.0776606,0.076499924,-1.1907738,-19.81828,5.3742523,0.20482537,0.5563503,-0.05568122,0.23459798,-0.7900129,-0.19235314,-0.24290234,1.6062324,5.2767105,-0.15424243,0.15657997,-7.723416,-0.28128096,-0.94980675,-7.1142473,-0.079095386,-0.6692068,-0.45434085,-3.8099585,-9.261884,-1.1654398,-16.988832
1.2169607,-0.24484329,-3.6110299,-0.034255557,-0.66974676,-0.35292786,-5.151975,-8.254761,-8.730424,-0.33066383,-0.6489323,-0.6686998,0.90612596,-16.970598,-1.4270692,0.6583088,-3.374315,0.795456,-0.26323834,1.2469647,-0.18910588,-1.2296599,-1.6433951,-17.927826,3.8622537,0.057936795,-0.73393154,-0.13459185,0.20965837,-1.0120006,-0.2094192,-1.2011771,-0.8431439,-5.1883664,-0.81070536,-0.005015829,-7.032791,-0.65368325,-0.87263596,-3.6808932,-0.7805413,-1.1796308,-0.22867547,-1.169065,-5.950562,-0.58528554,-12.496165
1.1337538,-0.1730863,-1.9285747,-0.18388061,-0.60875094,0.13354014,-4.8271837,-8.037176,-8.77684,0.09367629,-0.89171255,-0.6044985,1.0062338,-16.935606,-1.4357659,0.95356315,-3.2649457,0.6853987,0.0663154,0.62307125,-0.8462424,0.26323476,-2.0115194,-17.669256,3.826678,0.15672,-0.42694545,-0.07655947,0.3852975,-0.9481585,-0.24573705,-1.2103571,-1.0410014,-4.656365,-1.4782099,-0.18647161,-6.9741144,-0.6310991,-1.3342439,-3.2299573,-0.45481777,-1.1011342,-0.11322564,-1.4625014,-6.2957296,-0.5763865,-14.16582
2.1440792,-0.124447174,0.13856378,-0.08932818,0.031795226,2.4593728,-4.406882,-8.109794,-9.372108,0.60587364,-1.1231866,-0.96516496,1.5309174,-15.947984,-1.7967411,1.083334,-2.9875336,0.6070674,-0.11873349,0.18007389,-3.2581034,-1.4677612,-1.8183318,-19.526163,4.6143255,0.054865595,-0.6432073,0.018536597,0.12944345,-1.0025604,-0.17566682,-1.36628,-0.78782904,-2.6207159,-2.011743,-0.3029417,-7.1277776,-0.3874065,-2.3231778,-3.9075196,-0.64378744,-1.3364875,-0.18992455,-1.3390416,-8.265828,-1.2842027,-14.628571
1.2202957,-0.23267113,-3.6969254,-0.14820643,-0.704786,0.071908146,-5.2431827,-8.0458145,-9.303712,0.045557328,-0.8504109,-0.76606196,0.6194434,-16.12087,-1.4354522,0.9325809,-3.1357179,0.774509,-0.1948503,0.56356657,0.03041619,-1.287728,-1.9325365,-17.852024,4.5370708,0.0863077,-0.7490554,-0.08906705,0.07278778,-0.9697212,-0.29449624,-1.2728491,-1.1226896,-3.6750958,-0.696046,-0.26199463,-7.1397886,-0.62740725,-1.8940095,-3.9356773,-0.49735782,-1.1371727,-0.14695081,-1.1158746,-5.8888636,-0.5858277,-13.24541
1.9676213,-0.32505742,-0.25893918,0.2522012,0.07462933,3.2937036,-3.3080525,-4.883059,-10.82566,0.26009327,-1.0531487,0.10120967,0.8469628,-14.774855,-1.5131396,0.47747293,-2.7671251,0.3418735,0.14158894,1.452606,-3.7648158,-0.60381144,-1.5865654,-19.551773,4.1361427,0.011635704,-0.41723981,-0.18054037,-0.29458153,-1.2164851,-0.24906027,-2.1437001,-2.1456506,-1.4305528,-2.2697546,0.09805643,-6.7348337,-0.5481442,-2.2122233,-3.468852,-0.7048042,-0.26220134,-0.0992958,-2.260841,-8.015224,-1.1406661,-14.926302
1.6005577,0.04765912,-3.2210708,-0.5859798,-0.43341205,0.5808668,-5.052923,-6.636484,-7.6927733,-1.6672348,-0.048968356,0.3694716,1.1050011,-12.162437,-2.0446236,1.2559886,-3.2054224,0.13227312,-0.27081877,0.14334631,-0.5135546,-1.0021625,-1.3439329,-18.417908,-0.58169293,-0.15669157,-0.32343805,-0.07224405,0.023026215,-0.3501806,-0.104694106,-1.21344,-0.908202,-4.846032,-0.5818308,-0.2436714,-7.4533987,-0.7258671,-1.4329246,-3.9731236,-1.3625374,-0.8779662,-0.11552965,-2.2086456,-3.071399,-0.5634039,-10.972715
1.4272211,0.062152307,-3.5578704,-0.8957909,-0.510109,0.008198828,-6.0870357,-7.068022,-7.454254,-0.7663644,-0.22921562,0.356904,1.4803437,-12.669034,-1.3090196,0.81248724,-3.1651897,0.057901036,-0.1495682,0.54584426,-0.48288283,-1.0586547,-1.0893086,-18.425669,1.5684248,-0.037587926,-0.22447066,-0.073375635,0.072312646,-0.7385115,-0.1618428,-1.3296565,-1.0880678,-5.443243,-0.4223967,0.3438906,-7.14517,-0.48535937,-1.3470243,-3.5282643,-1.216177,-0.7781258,-0.1585369,-1.3727049,-5.5906343,-0.5774909,-11.385034
1.3921281,0.04343078,-0.37398008,-0.8119598,-0.8446509,2.1713047,-1.5391394,-7.16031,-8.893013,-0.8294211,-0.27821976,0.18084936,0.67342573,-12.468396,-1.4851081,0.905735,-3.275616,0.006856413,-0.25733474,0.14038838,-2.5042472,-0.9208815,-0.750449,-19.197416,3.950501,-0.114748865,-0.4879955,-0.03268165,0.062563494,-0.8972186,-0.13078825,-1.1498212,-1.1742015,-4.505417,-1.4049346,0.014045587,-6.766183,-0.59356093,-1.651047,-3.1240895,-1.250693,-1.099651,-0.020366557,-1.8927361,-5.301671,-0.52303535,-13.289511
1.4075227,-0.17495555,-1.6991867,-0.9797495,-0.8063421,1.5850102,-1.2426687,-7.44206,-9.031237,0.010964758,-0.7226331,0.20463426,1.3370739,-13.490806,-1.7020743,0.8611525,-3.6808832,0.08875424,-0.32763165,0.07303478,-1.3479713,-0.8282044,-1.1608107,-19.0582,4.04638,-0.10465534,-1.0826403,0.018871522,0.33897087,-0.74217576,0.025044665,-1.9079673,-1.0979499,-6.216936,-1.3403642,-0.027986363,-7.747378,-0.58077186,-1.6477954,-1.8627939,-1.3002841,-1.004977,-0.21065791,-1.7777461,-4.3740783,-0.50551695,-13.859141
1.4966515,-0.06302617,-1.3718599,-0.96801585,-0.4944584,0.38821903,-4.9372735,-7.489043,-9.117822,-0.7665667,-0.95947564,0.112301216,1.1434644,-12.507953,-1.6214765,1.196519,-3.3160512,0.09822514,-0.52530086,0.21900599,-1.4928296,-0.6477515,-1.6811231,-19.12077,3.8897614,-0.14384465,-0.25583658,0.006454386,0.3854161,-0.69298595,-0.27694046,-1.2644507,-1.1172053,-5.6560216,-1.2971766,0.012778257,-7.430292,-0.67714095,-1.6898296,-1.8765796,-1.2691313,-1.0078043,-0.35971016,-1.6989994,-4.866157,-0.60108894,-12.326154
1.2658764,-0.017641325,-1.0185013,-0.49440512,-0.54007906,0.085574985,-6.3339925,-7.2600503,-9.457122,-1.2936496,-0.1165452,-0.97701484,0.18804732,-11.996783,-0.96753895,0.6331562,-2.4151614,-0.29137266,-0.6146494,-0.4949247,-4.6179514,-1.0106103,-1.784673,-18.740274,4.8546243,-0.26145607,-0.25062492,-0.012806569,-0.31698367,-0.55123454,-0.16625363,-1.1135608,-1.1856996,-8.963941,-0.8114718,0.7574164,-6.7529616,-0.8767398,-1.5802974,7.691276,-0.7114384,-0.91897213,-0.3115316,-1.213112,-5.1706524,-0.4903407,-14.526547
1.320313,-0.0010859888,-0.9511881,-0.009284987,-0.6032523,0.61660373,-6.459829,-7.960883,-10.809205,-0.7057444,-0.42286107,-0.13261792,0.4499647,-11.928562,-1.3304855,1.0017648,-2.3712547,0.3378832,-0.30003482,0.020702528,-4.6662235,-1.1574572,-1.9480281,-19.029402,5.02135,-0.06620432,-0.27147144,-0.0878667,-0.3336686,-0.45522794,-0.209753,-1.0447484,-1.3615928,-7.78718,-1.0810683,0.24313855,-6.575896,-1.4849569,-2.0550504,8.44508,-0.83429223,-0.9597811,-0.116693534,-1.826083,-5.529605,-1.0175965,-14.658194
1.3868859,-0.18341811,-0.6603186,-0.7019434,-0.466993,0.42506287,-10.330302,-7.2837734,-10.555652,-0.6805852,-0.45996842,0.1933154,1.1577493,-12.644108,-1.224513,1.0666866,-2.162117,0.5696301,-0.48886812,0.25548074,-4.652937,-0.8864239,-2.0444908,-19.388748,3.7758915,-0.26765966,-0.07190862,-0.0113780955,-0.42488462,-0.71730965,-0.1025461,-0.91975373,-2.0979006,-8.93369,-0.3434086,0.8146354,-5.7086916,-1.511653,-1.8895867,7.765078,-0.87859946,-0.9338245,-0.32763472,-1.0645823,-3.8708162,-1.0033163,-14.238591
2.2173786,-0.09791199,-1.5897334,-0.21863443,-0.7587136,2.3330073,-2.9043777,-7.00346,-9.721673,-0.12150032,-1.2604642,0.010682585,0.3768699,-15.031813,-1.1831983,1.2145598,-2.8388755,0.7526755,-0.16169623,0.38178855,-3.8066626,-0.7916351,-0.7697851,-18.633575,5.037117,0.025069866,-0.4571722,0.0145994155,0.38217208,-1.1268578,-0.34156573,-1.0630584,-0.98246366,-3.7815356,-1.5006757,0.10090527,-7.283973,0.008992379,-2.6746411,0.60301787,-0.5676588,-1.0722461,-0.14288075,-2.7607296,-8.055695,-0.8825231,-14.970019
1.3779643,-0.5278501,-1.4451941,-0.88981366,-1.2708158,1.4790552,-3.0400739,-10.386811,-6.5908856,-1.7929019,-0.9165586,-1.4146347,1.0565877,-11.675437,-1.5462359,1.1457247,-2.2688866,-0.31704965,-0.64067906,-0.33497512,-3.366178,0.1612601,-1.3140352,-19.462137,-0.96025807,-0.14629342,-0.38710532,-0.065849505,-0.7145043,-0.21082626,-0.077644154,-1.1502038,-2.487583,-9.678758,0.34362784,1.4505647,-6.9021683,-1.0047222,-1.1350439,6.9908276,-1.6402931,-1.2194709,0.15347087,-0.7963745,-2.3840976,-0.40772462,-14.510124
2.004206,0.056823086,0.31853947,2.0699663,-1.1800936,7.249542,2.0315244,-5.8518863,-11.589186,-0.29174444,-1.9054415,0.058514662,3.2698905,-17.118557,-1.2092199,0.43088377,0.083240196,0.45075148,0.030519392,1.3447752,-5.3441367,0.029271698,-0.75487936,-19.410053,5.3654475,0.19939512,0.58841544,-0.0106546795,0.43481553,-1.04838,-0.019687405,-0.36905995,1.4512773,6.1871614,-0.20073335,0.13042134,-8.6479,-0.40276334,-1.0781782,-7.160489,0.17637116,-0.07527903,-1.2929733,-4.045507,-9.2607765,-1.0423671,-18.671177
2.0430746,-0.07183882,0.31883797,1.9094521,-1.0719616,5.7739034,2.3772743,-7.6596575,-10.552313,-0.30349773,-1.9042664,0.066398285,3.327822,-16.383175,-1.126132,1.1003116,0.05250549,0.57343006,-0.08152329,0.7295095,-4.9348173,0.012405152,-1.1908288,-19.739763,5.357254,0.22554503,0.5707699,-0.0128261,0.22537729,-1.514439,-0.21217296,-0.259368,1.6407356,5.5031753,-0.21223399,0.19923188,-8.603151,-0.2818977,-0.8889567,-6.96493,-0.08648518,-0.64902914,-0.54158366,-3.8333845,-9.267087,-1.171087,-16.908176
-6.321403,-0.5288219,-0.92662936,-2.7906857,0.4207237,-6.9321914,1.3634747,6.25118,-2.0671847,-2.276172,0.75213987,-0.6247365,-0.90882736,11.07436,-8.784573,-0.6579221,-0.74904525,0.112553984,0.43016043,-0.5370537,26.697226,0.054949217,-2.7819421,-8.171413,-5.218329,-0.67623335,-0.3255662,-0.22220899,-0.33578643,-1.3507167,0.24713206,-1.0605619,-1.5602692,-10.111614,1.0497029,-4.878235,-1.9673694,-3.0839489,-2.9220958,2.3110232,-2.3329153,-0.6923773,0.54989195,2.7203054,3.6031039,0.25471887,-0.05252281
-4.0182977,-0.6733612,-1.1569387,-2.4331276,0.49944288,-7.2978134,-2.5316706,4.464972,-3.2710698,-2.2672698,1.3771319,0.7170382,-1.7777959,11.972149,-8.510193,0.16095938,-1.0843283,0.14021392,0.17209278,-0.9854129,24.159529,-0.51769966,-3.0628932,-8.292724,-5.511253,-0.16812176,0.10829091,-0.22218321,0.048627384,-0.9528414,0.45727897,-0.60481113,-1.657475,-10.100351,0.78110147,-4.609344,8.056189,-2.8108418,-3.5973344,3.238711,-2.5584602,-0.15917471,0.8461116,1.2104872,4.2892103,0.47779444,3.7979069
-10.189944,-0.56335,-1.293728,-2.7754714,0.32529858,-5.715204,2.4547215,2.9660966,-0.5105533,-1.8455449,0.8738731,-0.81262994,-0.71032715,-1.5755008,-9.45674,-0.32169494,-0.31796044,0.41201907,0.48115984,-0.306497,28.467653,0.0796543,-3.0292666,-8.046503,-5.5755873,-0.75050306,-0.52088195,-0.20447499,-0.21399853,-1.2981353,-0.13064657,-1.0094357,-1.1792661,-8.051512,1.0922827,-4.5172653,-4.02897,0.834252,-3.2504377,7.748013,-2.0866187,-0.80700266,0.5740434,2.6464417,6.071705,0.1779871,2.91764
-7.560807,-0.16122617,-1.1407344,-3.9211626,-0.36429214,-13.193311,1.8196297,4.2463937,-5.171662,-2.2648408,0.6665374,-1.235211,-1.9630505,6.4666657,-9.7838745,-0.91477734,-0.70472467,-0.119305745,-0.5577453,-0.9336537,20.644064,-0.32696658,-3.1469915,15.100503,-4.572533,-1.1604402,-0.7331246,-0.20831124,0.6350204,-2.5434117,0.2540531,-1.6198211,-1.2469056,-9.645094,0.6484605,-8.488442,11.339692,3.1407547,-4.7407746,3.3667333,-3.351677,0.9960927,-0.50864035,1.6105491,5.7552,0.27928793,1.7785888
3.4043467,-0.05755587,-2.888915,-1.2477072,-2.5568724,-3.1456647,7.0971465,3.9074156,-1.6486453,1.0681322,1.4386578,-0.064715944,0.8851279,-11.795456,-0.9484331,-0.31009483,0.2742608,0.7560445,0.8516657,1.8839531,4.417791,0.29175302,-0.86552864,-15.796075,-1.7503546,-1.1217697,-1.0536361,-1.1410863,1.8145794,-1.3764665,-0.09202976,0.46670496,2.1372578,-1.514608,1.4586829,-0.23153448,-10.940231,0.108502716,-1.9945097,-2.42055,-0.1844826,-1.2938882,0.21694791,3.796006,-4.137226,-0.058393776,20.700262
-3.2490032,-0.3619074,-2.227366,-1.26835,-0.5273192,6.893864,1.6770438,6.0819416,-5.1423073,-2.6742394,0.5801379,-0.9530757,-0.2457182,25.789576,5.9740353,0.33456635,1.9857844,-0.20087865,0.12237021,-0.8390893,0.55962217,-0.729857,-4.6039076,30.122066,-3.110177,-0.99663293,-0.30932876,-0.30492604,-0.31038857,-1.7376653,-1.0839338,-1.8864707,-2.101441,0.72469324,1.0118309,-1.975814,18.435354,-1.2707447,-1.0551766,2.562808,-3.805335,-3.9153469,-0.124781124,2.1068823,11.649469,-0.02948734,24.62892
-0.83209676,-0.47332364,-2.5667179,-0.10474289,-0.40692377,7.4457254,2.529907,5.9101324,-2.8596969,-1.5773057,1.1858041,-1.1225803,-0.47390097,21.39228,1.9187317,0.0332296,-0.9821074,-0.17775977,0.57743466,-1.6587034,-0.08428688,-1.4119871,-4.4526834,26.400454,-2.4911103,-0.7522931,0.18168777,-0.026203403,0.15556076,-0.1851692,0.2032673,-2.1236722,-1.9846283,1.1140804,1.7459662,-1.3372395,17.819378,-0.4737925,2.9691389,2.3335857,-2.0244608,-3.5838575,-0.33435822,2.5472,10.382981,0.19429229,21.586832
-2.3730762,-1.1378713,-2.5242848,-1.9087896,-0.8119022,6.6284122,-1.9270662,6.0764174,-4.5063853,-1.8773006,1.1690767,-1.0773222,-1.0747818,25.122742,1.8600637,-0.20007224,-1.3307316,-0.13944796,0.6342446,-1.6634712,1.0434469,-1.2944422,-4.4238567,28.574535,-2.4529257,-0.74575406,0.22541702,-0.072723545,0.31512398,0.21810345,0.46400958,-1.7909551,-1.7459066,1.15647,1.6350932,-0.709574,17.122889,-0.28857607,0.47507104,2.708275,-2.2726297,-2.5507116,0.6288006,2.373225,10.450818,0.07390392,20.984337
2.0991833,-0.21520169,0.24185081,0.6684667,-1.1322491,4.9858265,1.2084465,-6.901741,-9.686197,-0.9650167,-0.7187107,0.009616126,3.6833992,-16.789673,-1.4421632,1.1812484,0.042236675,0.55637604,-0.13532439,0.046383623,-3.6543279,0.42689374,-1.4198188,-19.355099,5.866893,0.20476687,-0.14216536,0.004916859,0.038906403,-0.6846404,-0.075777434,-0.28027692,1.9096565,1.6208371,-0.22309513,0.013475954,-7.2059307,-0.34355664,-0.7059286,-4.0450535,-0.18201666,-0.72467977,-0.36495584,-3.1837041,-9.794034,-1.1417695,-17.381504
2.1260533,-0.20965819,0.25971127,0.6665289,-1.2264118,5.02851,1.0456096,-7.075408,-9.736992,-0.96568024,-0.73075604,0.03836828,3.7003062,-16.77701,-1.3960645,1.1382921,0.0454351,0.605731,-0.13288411,0.040479265,-3.6465428,0.44488475,-1.291148,-19.324522,5.653771,0.19180027,-0.14184807,0.029707452,0.20592335,-0.8002756,-0.042219333,-0.34115264,1.8946441,1.6860937,-0.26285556,0.026494425,-7.1281266,-0.2852463,-0.7208536,-3.9442046,-0.15223327,-0.6750534,-0.39125088,-3.2341635,-9.906433,-1.1099408,-17.368313
4.05464,0.10422454,-0.24462043,0.008684579,0.40569776,6.2290454,0.26066157,25.594137,38.595066,3.1080647,1.2493466,-0.22692734,-0.06887266,32.029785,8.690461,2.3365302,2.4253771,-0.43736547,-0.124449596,0.805333,20.973082,-0.36905843,8.383491,50.673454,8.09056,-0.41445658,1.0335954,-0.03082061,-4.393283,5.6669455,-0.72218513,6.032649,0.8523039,0.46786776,1.4780113,2.1907725,25.2103,2.092869,-0.22775382,3.9837139,-0.76405007,3.0871053,2.472943,0.88629043,7.7233343,0.088171214,19.54386
5.718351,-0.31499752,-0.31659767,0.44064477,0.013407753,6.08351,1.0663401,27.192804,42.228745,3.3272576,0.7894566,-0.19646983,0.24554773,35.33418,7.201071,2.1020706,3.4863803,-0.35577646,-0.19955026,0.26927492,21.47269,0.64440876,15.241024,48.906364,11.897489,-0.41331807,0.82137454,0.19105864,-1.5398741,7.4700513,-0.5307687,9.900036,0.99598867,1.8976295,1.6122899,3.672707,26.298672,-0.74376684,0.055819,3.971145,-0.96363884,-0.71108323,3.334256,0.7973836,7.2954297,0.9226546,24.892595
5.7565007,-0.20333052,-0.34440193,4.1119328,-0.41958883,11.6167145,5.6418033,21.930548,30.817272,2.7359784,0.5846561,-0.28050306,-0.020360375,26.246733,5.3079915,2.519642,2.7766469,-0.34431294,0.35690844,-0.40519744,23.170465,0.29700965,12.660338,47.957096,16.46037,-0.46621692,0.5502459,0.23640275,-2.1238518,7.5802193,-0.6458702,8.278348,0.44068325,10.391894,4.953429,4.6612206,24.490547,-0.48026624,-0.7593401,5.6367793,0.5267705,0.5195224,3.4344172,1.862705,8.895373,0.45109403,24.282104
2.1165428,-0.34961665,-0.17649104,4.6644244,-0.3723856,8.309905,7.622155,25.184116,31.77588,3.0211818,0.9746566,-0.17447527,0.3610788,33.04406,5.7705493,1.7253473,3.9232342,-0.5920433,-0.060679708,-0.20203635,22.306814,0.526502,12.559663,48.56578,14.917426,-0.40246788,0.9551342,-0.0004408202,-1.3097414,7.4912896,-0.01995877,6.301731,-0.17970641,2.2004776,3.392994,4.9248176,24.618034,1.6176553,1.8696963,4.4553475,-0.97776794,4.6386375,2.713877,0.74651116,8.574041,0.59121126,24.168102
2.475295,-0.014709277,3.3475254,-0.39491558,-0.73175675,-1.7418329,-0.15847875,43.979633,49.599197,2.3896003,0.68258333,-1.1243117,0.6300703,41.586926,16.803358,2.3046558,1.3783405,-0.26947471,-0.43896082,2.185667,21.165522,-2.472638,5.3814263,53.098797,-0.6403567,-0.6331887,0.92257917,0.23748797,-0.7302657,7.4364567,0.31256682,3.430877,-2.177027,0.6807436,2.74529,1.4788004,23.329645,2.412904,-0.13945672,3.817578,-1.2824544,4.6565742,-1.8457984,-1.609025,16.826658,0.25267124,22.438437
-1.5433782,0.4487145,1.344829,-0.79629517,0.51025647,-1.7573794,-3.261466,42.537315,39.02717,1.0646439,0.8158407,-0.93732375,0.3907945,44.58513,19.29381,-4.363175,2.7255902,-0.5062502,-0.35264915,2.9456315,18.887897,-0.2779334,2.3386312,51.992794,-4.166526,-0.56654096,0.8903782,0.26347703,-0.30894265,8.579254,2.1198096,3.007811,-0.090444565,-0.22538562,-4.264849,2.959621,25.462872,1.7499577,2.625676,33.163956,-1.0531348,4.2475686,-0.47662127,-2.1306837,10.725777,0.29638162,23.567371
1.755741,0.16177152,1.9039317,0.020748867,0.73425674,-3.365811,-3.0442083,46.540188,37.198715,-0.078627385,0.87906146,-0.6845263,-0.10353263,39.34692,11.304058,2.2207458,2.089275,0.1443173,-0.02759424,2.8145542,21.437523,0.56038916,13.668979,46.277035,1.8635609,-0.58692074,1.2373123,0.576452,-0.30500343,7.871952,-0.104138166,0.28936696,-0.73806375,2.1275797,1.6714982,2.975314,25.226736,-0.7756349,-0.19034286,23.987251,-1.8116516,4.164702,0.13513312,-0.8818023,9.081044,0.6318278,23.252045
-3.6550367,-0.72994655,0.123253666,-0.22327897,-0.21224977,3.0814939,-6.321451,48.136223,42.647827,-0.512108,0.791014,-0.678725,-0.9820884,20.76304,12.237864,1.3024199,1.043455,-0.3304789,0.1856651,1.7216343,21.121902,0.08012641,-0.47896364,49.00314,4.7712507,2.6127863,2.189486,3.277318,-2.0607097,8.619937,0.051134896,-0.61111057,-0.14946452,12.749112,1.393568,2.7853107,24.206835,1.3065178,2.7862074,31.165863,0.31447044,5.715026,1.4151864,-1.5262215,7.6757584,-0.23498513,25.038662
3.0558898,-0.46670827,-2.0535939,7.003406,0.55109197,6.283472,2.7414925,-4.4484615,11.137503,-1.9528921,1.1549807,-2.0182252,-5.2898946,19.419828,1.1437236,0.94089174,-1.8742956,-0.20645514,0.43518034,-2.0795085,21.434734,-0.8562426,6.9181533,38.07521,8.20673,-0.23768397,0.62546885,0.27579603,-0.87370133,1.4954418,-1.1296402,-1.9201717,-1.8233109,11.579884,2.0770721,3.4922848,15.782876,-0.19148439,-0.15005864,7.6817865,0.14364459,-3.3852303,3.7078083,3.441892,-6.328621,-1.8015649,17.704868
1.6207063,-0.13141923,1.8389622,0.4357333,-0.34080365,2.7268972,-2.2067587,-6.679181,-6.5121665,1.5097319,-0.7985595,0.3535812,3.136143,-8.161598,-1.8277371,1.7706239,0.15757196,1.1713792,-0.09754411,0.26753458,1.425769,-0.23792896,0.31817865,-16.375406,0.4062299,0.33387193,1.2512184,-0.08126253,0.4120622,-0.7139738,-0.16272484,-1.3590759,-0.87751615,1.6540651,-0.9761721,0.0820846,-1.384913,0.006206764,-0.5728201,-2.3926017,2.477402,-1.3435923,-0.13777724,-2.7860458,-2.0626385,-0.8270351,-11.903853
1.5536189,-0.13239133,1.758796,0.40887776,-0.34121814,3.202512,-2.2576685,-6.219569,-6.3104,-0.60061914,-0.48103595,0.4438568,3.3305926,-12.184419,-1.6733917,1.2791276,0.0791308,0.89370865,-0.14051862,-0.10765421,1.4626646,-0.67854774,0.07246549,-17.30206,0.042306818,0.34307575,1.2992153,-0.002382083,-0.06921937,-0.5079762,-0.5960382,-1.5270033,-1.4106882,0.26891878,-1.2092278,0.0134012,-1.0487536,-0.36221972,-0.5874005,-2.859591,2.3795612,-1.3225623,-0.17684366,-1.9427124,-2.1906092,-0.86486906,-12.11885
1.4735138,-0.19642477,2.0032766,-0.015155358,-0.78849804,3.6567676,-1.5887562,-4.745266,-6.9867887,0.7250275,-0.36459056,-0.24585846,3.3664856,-11.093366,-1.6164677,1.120321,0.15672937,1.0672519,-0.15215865,0.4173503,2.1511352,-0.4820881,0.299404,-16.058165,-0.7267191,0.3968086,1.1985879,-0.04462783,0.0011258879,-0.49228677,-0.0927564,-1.2652385,-0.84930545,-0.35107407,-0.8339615,-0.23509479,-1.364035,-0.33260214,-0.56432825,-2.382065,6.1074147,-1.3360809,-0.2766701,-2.224001,-2.6422951,-0.81200737,-10.189425
1.625546,-0.23279776,0.9896356,-0.07639183,-1.4546323,3.6445096,-0.5301205,-4.1550827,-7.0759573,0.7027509,-0.6069199,0.2926834,2.2834468,-13.141019,-1.5919254,1.1804101,0.12695168,1.0987602,-0.04285629,0.43845302,1.8061162,-0.47182462,-0.13851608,-15.695447,0.31994396,0.22693095,1.3165468,-0.06619943,-0.019507505,-0.60128385,-0.04650584,-1.2413561,-0.88105375,1.1304404,-1.1143593,-0.19706652,-1.1303955,-0.10925469,-0.5338068,-2.1722221,5.470381,-1.3114208,-0.078381665,-1.9510859,-3.14111,-0.88304996,-11.967436
1.3940657,-0.27996927,-1.9940878,-0.25054008,-0.5484544,-1.2166423,-3.9124343,-9.779352,-9.596752,-1.0854348,0.9249353,0.30147797,0.39714786,1.4929608,-1.8058997,-0.8046699,0.25036466,0.101892956,-1.2719153,-1.0767143,-0.93795437,0.10803486,-1.9405876,-16.154694,-0.7115587,0.004412681,-0.38672617,0.10169308,-0.0911547,-0.38784575,0.50639886,-0.99357677,-0.518864,-1.1630917,-0.23396638,-1.6679378,10.457396,-0.2558601,-1.056702,0.19771329,-0.22245261,-1.1639551,-0.3688948,-2.2249963,-4.6052375,-4.695886,-10.345361
1.1500611,-0.23649801,0.0929799,0.3287095,-0.9967707,3.7771258,-2.2349832,-7.583543,-9.158955,-0.9574218,-0.28605118,0.35165542,1.8336313,-12.310564,-1.7842628,0.90515333,0.2642525,0.55758864,0.22445373,0.2798745,1.8331171,0.41714045,-1.6240433,-18.872396,5.0048966,0.34638098,-0.16140793,-0.19887927,-0.67489874,-0.4794484,-0.2873528,-1.634141,-1.2199949,-0.2673302,-1.0619522,0.36218354,-4.503206,-0.34554926,-0.68958354,-4.26801,-0.13283102,-1.4685749,-0.8494083,-3.2506607,-6.627787,-1.0240647,-16.048727
1.2099322,-0.18939115,0.22570245,0.19398852,-1.1013983,5.310565,1.1250702,-7.578743,-9.665184,-0.118950665,-0.7564615,0.1964165,2.2094257,-13.846549,-1.5023139,1.1795156,0.09898833,0.5444543,-0.10408104,0.6775011,-4.786163,0.28402692,-1.5383312,-19.39787,5.1205816,0.28498363,0.61730206,0.013976778,-0.53421426,-0.30928418,0.19671173,-1.7451835,-0.8350933,-0.47605425,0.008414694,0.08816693,-3.6955812,0.0073053073,-0.48930454,-3.8352497,0.070739806,-0.70793027,-0.49373704,-3.9218931,-8.531134,-1.0678952,-16.642326
1.3795825,-0.18472649,0.12114075,0.28617057,-0.9824046,3.8117414,0.8469489,-7.633194,-8.473065,-0.8790111,-0.08772812,0.23030451,3.2023797,-16.2002,-2.1697097,-0.16327207,0.13060111,0.16036552,-0.3165771,-0.5611144,-0.08078717,0.20230511,-1.3087229,-19.406967,5.486719,0.018144784,0.67209005,-0.01403218,-0.5586032,-0.4803375,0.13330254,-1.98525,-0.9609315,0.6061618,-0.9969932,0.031934544,-3.897384,-0.10706794,-0.71687573,-3.3428264,-0.068513066,-0.8318489,-0.45517707,-3.4591653,-8.216258,-1.0393351,-15.9095
1.2432002,0.005918309,-0.4331477,0.2219793,-1.4598035,3.655371,-0.1769505,-6.8964834,-7.421879,-0.7082134,-0.5499927,0.48151278,2.0592859,-13.57845,-2.2798023,0.2080715,-0.05971458,0.06233614,0.13682076,-0.55524516,1.2668558,0.84821236,-1.9285595,-18.870565,-0.7258644,0.08167712,-0.25598663,-0.18946388,-0.3914009,0.040586002,-0.09698638,-1.5486726,-0.98411286,-2.0941525,-0.6899987,0.6711547,-5.1486797,-0.47038856,-0.5735237,-2.5152485,-0.39173424,-1.1565102,-0.47645506,-2.508636,-5.5948324,-1.3733493,-13.046933
1.278925,-0.17997664,-0.7802775,0.2750272,-0.52380466,0.19210638,3.2284465,-6.0811677,-4.1717405,-0.13873205,1.6808541,-0.47700864,1.9476637,-10.126172,3.6197972,1.4381661,-0.7097157,-0.045877676,0.24064404,0.43493593,68.91433,0.030497562,-1.9536895,-14.357145,-1.0796878,-0.2138227,-0.03587861,-0.18998422,-0.46666688,-0.118224,-0.14050598,-1.741182,-1.1143732,-1.5815324,-1.2740909,2.604749,-3.3136418,-0.2017781,0.094865575,-2.1449108,-0.41515666,-1.9629426,-0.310638,-1.5717076,-5.6438684,-1.3429629,-6.869816
1.5317401,-0.10186274,-0.3136563,-0.07968201,-0.7271971,2.7221506,-3.434788,-7.878332,-3.2072,-0.8311944,0.5426579,0.03601053,2.7780306,-12.906491,-2.3748677,-0.04821732,-0.43720567,0.12829587,-0.00880243,0.10364539,-6.063684,0.8142984,-1.5204995,-18.682196,-1.0644411,0.11895523,-0.4950838,-0.11860341,-0.67604464,-0.34194654,0.29670593,-1.3729129,2.2404299,-1.164402,-1.4877567,-0.4154917,-10.967341,-0.5427817,-0.9440152,-2.9166722,-0.36001343,-1.6197389,-0.49552006,5.73285,-3.4901507,-1.0728053,-12.784441
1.4513497,-0.2518353,-0.3433414,0.42498142,-1.4606311,3.0843008,-0.07934707,-6.66595,-6.352597,1.1799294,0.30970338,0.38526654,3.4108405,-15.73881,-1.7872431,0.11744162,0.3716349,0.0009804696,0.34701237,0.5674983,-4.8927207,0.79392415,-1.6558034,-15.106882,-1.7833259,-0.28998244,-0.42912546,-0.19214645,-0.2216894,0.41988808,0.0032819759,-0.93233603,2.5206382,-1.4209102,-1.4911556,0.7776317,-7.001296,-0.2283789,-0.616162,-3.973118,-0.25072512,-0.9491896,-0.32989416,-2.5376685,-5.136724,-1.036348,-14.946077
1.5348547,-0.29466313,-0.13086896,0.5253614,-1.5750289,4.603643,0.69995046,-6.9834337,-5.840858,-0.93755853,-0.26000077,0.14545898,2.6215098,-13.344341,-2.539287,-0.29513627,-0.16918649,0.23961098,0.020752743,0.47015163,-3.5710897,0.1395559,-1.6641308,-18.938465,-1.9898523,0.05163478,-0.41251615,-0.020998716,-0.2968187,-0.074863836,0.124884106,-0.18607987,2.7467904,-1.6912675,-1.7399595,0.06664474,-7.2612906,-0.16143312,-1.1625534,-5.6967325,-0.2542768,-0.7719774,-0.22967331,-3.524315,-5.205983,-0.9979157,-14.808451
1.5313551,-0.26215923,-1.0362123,0.875892,-0.34084782,2.2112186,-0.60874164,-14.163281,-5.1509514,1.0991921,0.011463791,-0.17007194,1.148477,25.799656,-2.4648924,-0.4316076,-0.35235754,0.20386845,0.18123531,-0.2847771,-3.9826276,-0.24357437,-2.4075487,-16.583862,-0.6862003,-0.17320654,0.12484492,-0.15536201,-0.7444051,-0.3966687,0.25524408,-0.8985589,-0.6975341,-6.3527603,-0.21025091,1.7622334,12.429539,-0.19564481,-1.9787651,5.4506235,-1.003613,1.4228389,-0.5842038,-5.6400256,-5.636097,-5.660653,-12.667275
1.7935314,-0.048400648,2.2737944,2.988758,-0.019041961,6.188324,3.4612586,-3.0273254,-10.630333,-0.9369384,-0.6779849,0.12441787,2.2239077,-16.371216,-1.273279,0.13926229,-1.4383274,-0.7462341,-0.07269078,1.7072465,-5.5280724,-0.6439853,-0.5523543,-18.760187,5.742906,0.21162257,1.1396602,0.02653749,-0.004337901,-0.83208054,0.019540397,0.46018097,1.9093815,8.579256,-0.0027316923,0.6383882,-8.731963,-0.28292608,-1.4755788,-10.027982,2.3325837,14.084592,-0.54120296,-0.95191324,-9.303241,-0.43014067,-14.964082
2.1347027,-0.21300398,0.22340992,0.33373797,-0.89911693,4.621381,0.52990896,-6.8320813,-10.944766,0.05265419,-1.8087945,0.020201256,2.5890648,-16.910934,-1.3270239,0.52744657,-0.07591653,0.6006018,-0.2011126,1.545605,-3.7092488,-1.0232053,-0.6720171,-19.366163,5.1377296,0.18750487,0.43247765,-0.027144182,0.3832197,-0.92784363,-0.056137715,0.024830658,1.7701339,6.0385256,-0.4803166,0.18060774,-6.66513,-0.35531324,-0.84210134,-6.338026,2.353528,-0.19761805,-1.048557,-4.01207,-10.446389,-1.1362005,-17.203474
1.3168653,-0.25306958,0.24625617,0.39822146,-1.1026807,5.0724144,1.296908,-6.811232,-11.387746,-0.062132057,-1.7954414,0.16986303,1.8111858,-17.352745,-1.6214409,0.4430936,-1.4237951,0.16841751,-0.028103735,1.4415253,-4.160451,-0.76418287,-0.81595623,-19.11212,4.707638,0.20823753,0.84186924,-0.0063143168,0.39666373,-0.8508625,0.0048622233,0.01462718,1.5859619,6.186445,-0.16305369,0.09565221,-6.7889795,-0.4112705,-0.7399087,-6.5805745,3.9137514,-0.44179142,-1.235173,-4.137387,-8.650111,-1.1693088,-16.47132
1.3158469,-0.119436614,0.17227599,1.1578586,-1.0907851,6.63637,2.0016415,-7.2914066,-10.844661,-0.31546503,-1.6412137,0.049566075,4.5690885,-16.792826,-1.5498172,1.1259042,0.037034053,0.50994056,-0.43450642,1.8828079,-5.359405,-0.86520934,-1.1414628,-18.40512,4.495066,0.23881353,0.18399566,-0.038836874,0.06486396,-0.8279154,-0.020428646,-0.110945866,1.8914589,6.035169,-0.52896434,0.4049124,-7.304019,-0.2762559,-0.69045925,-6.490777,5.327292,-0.6425641,-1.0149493,-3.9567356,-8.522251,-1.174756,-15.970028
2.1362987,-0.25388232,0.28269935,3.3630648,-0.60338235,5.5302696,2.680066,-7.7670107,-11.077383,-0.6398032,-0.7770696,0.064130396,2.1514874,-17.189222,-1.3044292,1.2880231,0.07565813,0.4096614,0.0934358,0.5633421,-7.058872,-1.3470622,-0.76359975,-19.423779,5.4177155,0.25483224,1.1351445,-0.009073432,0.46075183,-0.9184919,-0.15188478,-0.01987705,1.6067971,7.082321,0.14459926,0.37683785,-8.478789,-0.5410385,-1.0710478,-9.279703,1.8252977,-0.29304075,-0.9403176,-3.76951,-9.260353,-1.1642579,-16.966846
1.2275746,-0.22325507,0.2774899,1.2665782,-1.1204906,4.6986113,2.085659,-7.2469754,-10.172799,-0.89074767,-0.2837708,0.0599831,4.093179,-16.928495,-1.8619835,1.1312934,0.116013475,0.49755627,-0.009647191,-0.029018268,-4.8865347,0.23767415,-1.6049709,-19.359205,5.2905784,0.20915443,-0.3868566,-0.028024597,0.19091672,-0.4211113,-0.0753979,-0.27794972,1.9690248,6.7713776,-0.5984148,0.1559187,-7.655148,-0.30630124,-0.991646,-8.789397,-0.25053495,-0.5851382,-0.8688382,-3.1286926,-7.1962376,-1.0436856,-17.189867
2.2381887,-0.20014945,0.29089972,2.1730525,-1.2130381,5.03122,2.196108,-6.9061294,-9.422974,-0.91026616,-0.61932737,0.09491545,3.8416512,-17.089836,-1.3582262,1.195831,0.07283528,0.51590323,-0.11287147,-0.26489133,-5.073197,0.3852522,-1.4279106,-19.930424,5.399141,0.16903736,0.021309985,-0.023245687,0.37863606,-0.755033,-0.1013544,-0.17614952,1.8360147,6.9276414,-0.44165543,0.21510608,-7.92571,-0.12287383,-0.7356088,-8.800666,-0.15100446,-0.63863844,-0.80306035,-3.203024,-10.2019205,-1.1679301,-17.171307
2.1970708,-0.12505381,0.17515866,3.4963076,-1.1576519,5.325754,1.0891792,-7.7191367,-10.14998,-0.3403184,-1.7967466,0.09790442,2.4595697,-17.756948,-1.1512492,1.0567328,0.030289141,0.52232933,0.03333301,0.4651325,-3.8673882,0.35572702,-1.2674409,-19.850658,5.3052034,0.17770137,0.25612676,-0.018042954,0.33315784,-0.7589314,-0.10230067,-0.057549145,1.7506272,6.4754477,-0.7497848,0.29560462,-7.803211,-0.07323971,-0.88924885,-6.4540706,0.0297947,-0.65060323,-0.90246636,-3.414288,-9.363911,-1.1878608,-17.393574
1.9716583,-0.14474474,0.23750158,4.383236,0.18578124,5.8089485,1.9169796,-7.2676105,-11.238705,0.14843191,-1.792399,-0.004409959,3.1290069,-17.986315,-1.1883911,0.40535215,0.12437371,0.3581874,3.1795223,1.6712236,-5.72096,0.43119982,-1.018293,-18.890465,5.184029,0.13952963,0.11958365,0.088184536,0.36102408,-0.89912397,0.02438921,-0.09036174,2.5457997,7.2606187,-0.47847065,0.029260047,-6.6456256,-0.052807216,-1.0713758,-6.860696,0.07674656,-0.48827076,-1.2599685,-3.1738908,-9.281689,-1.1674542,-16.31484
2.1469047,-0.12943202,0.23059374,2.5685802,-0.06828632,4.707922,0.34190452,-7.6396422,-11.061865,0.070181124,-1.8366106,0.14747107,3.547331,-16.972143,-1.2480493,1.2432091,0.040523358,-0.17388532,-0.3147092,0.08753042,-4.660789,0.58984977,-1.160058,-19.505472,5.728896,0.21027169,0.1606516,-0.12209722,0.12582198,-0.9497892,-0.10726866,-0.2016764,1.8254706,6.210858,-0.64775425,0.28331125,-7.620395,-0.3537766,-1.6434885,-6.540082,0.04382104,-0.18569653,-1.1684401,-4.033966,-9.446297,-1.1494623,-16.136507
2.0395534,0.07927186,0.27348128,4.2515106,-0.0053182067,7.0036645,0.8521457,-7.1304855,-10.028432,0.049508523,-1.7764288,0.07842698,3.7025847,-18.178741,-1.3759007,0.17937328,0.04358515,0.891759,-0.03403597,-0.43568957,-4.747516,0.3099444,-0.57873166,-18.83909,5.081381,0.09590644,-0.38020763,-0.041057907,0.19614567,-0.8872913,0.00950475,-0.1428207,1.9813067,6.4745574,0.027161967,0.4434367,-7.6562905,-0.81618136,-0.86102617,-6.334905,-1.3073995,-0.15326184,-0.9085564,-4.094129,-10.183077,-1.0449544,-18.472383
2.002322,0.0806983,0.36197793,2.7420723,-0.30377385,7.860495,3.0259035,-6.121059,-11.622517,0.107965454,-1.9451183,0.09323099,1.4531611,-18.262915,-1.2717776,0.50455743,-1.5111219,0.035635307,0.025433717,1.5261291,-5.1281247,-0.62954956,-0.8454941,-19.373133,5.357724,0.20417005,1.0494288,0.015934765,-0.25030017,-0.31525683,0.0672203,-0.058762174,1.5307207,6.522896,0.12890056,0.15851188,-8.745291,-0.2959254,-1.5038955,-7.3657427,2.9768355,-0.1509945,-1.2446822,-5.147604,-9.430447,-1.1277107,-18.771513
2.0178075,0.06278209,0.41097778,2.7202597,-0.2835919,7.5091486,3.0925355,-5.87263,-12.290938,0.10560567,-2.0982993,0.07030546,1.5597806,-18.250528,-1.2723241,0.47588137,-1.3248845,0.103533894,-0.0022429095,1.4971014,-5.133069,-0.5735419,-0.68352306,-19.55696,5.162597,0.16639641,0.96439844,-0.06325573,0.1806031,-1.1046513,-0.038446836,-0.009906695,1.5751902,6.573309,0.24827674,0.061727658,-8.646067,-0.3099511,-1.2685988,-7.1636863,2.8522878,-0.01583427,-1.254349,-5.095387,-9.460726,-1.1488632,-18.575716
2.0161457,-0.27064496,0.17745759,0.48279923,-1.0424397,4.7090197,1.0356306,-6.9568224,-9.971625,-0.83367217,-0.6792523,0.0030648832,3.706464,-15.853938,-1.435191,0.61526895,0.0031554424,0.5684255,-0.14523867,0.05162217,-3.4104068,0.5490669,-1.284014,-18.956457,5.257965,0.2399968,-0.31220773,0.04939194,0.32406828,-0.90406746,-0.08866211,-0.34128934,2.2396522,0.8813063,-0.51540184,-0.32246533,-7.2167034,-0.34303555,-0.7695153,-4.1631727,-0.13570744,-0.15605707,-0.39488235,-3.3230624,-9.255357,-1.1649846,-16.764856
2.0364854,0.16406135,0.110938534,2.1225119,-1.1576147,7.328177,3.451862,-7.9000077,-11.489287,-0.09593807,-2.4463575,0.10401864,3.4934711,-17.811136,-1.2043439,1.1011461,0.05837587,0.62366444,-0.012898762,1.3097544,-4.699383,-0.005235666,-1.001378,-19.941765,5.14932,0.23277745,0.56798095,-0.020769553,0.4797381,-1.0990832,-0.12779237,-0.13819338,1.7160432,5.385383,-0.02774053,0.1878999,-8.78134,-0.49667972,-1.1803119,-7.2027526,0.13178188,-0.03276515,-0.3547204,-4.0127277,-9.462698,-1.1617348,-18.968407
2.0372362,-0.06929645,0.28623226,0.688384,-0.44515908,7.1116896,2.8875635,-6.929297,-10.427194,-0.98483187,-0.82110035,0.00093090767,3.7156403,-16.9614,-1.4425629,1.1973115,0.11928432,0.6496505,-0.1031714,0.060000595,-5.4672656,0.47676468,-1.2733318,-19.290157,5.1731462,0.20415628,-0.1526422,-0.11120329,0.47332507,-0.78424823,-0.07368275,-0.4034885,1.87306,1.7435904,0.09286922,-0.0012052959,-8.27973,-0.5205729,-0.707883,-4.3606052,-0.54939187,-0.073349,-0.34738296,-3.0726457,-9.8030405,-0.8997672,-18.931587
0.95574635,-0.32323742,-0.331485,-0.109681785,-0.915336,3.3651178,-0.6295875,-7.133644,-6.5929832,-1.0925779,-0.80444485,-0.20696421,2.9458697,-12.857807,-1.8066792,-0.08648614,0.1285838,0.3738029,0.014414286,-0.560654,-2.0362265,0.8394202,-1.5569783,-18.798433,3.3549004,0.25380155,-0.49242577,-0.08111565,0.20005631,-0.74106526,-0.18331635,0.5712579,2.4474046,-1.4032494,-0.7042181,-0.081008576,-7.3655567,-0.16362928,-1.251169,-2.519068,-0.45065573,-1.2219532,-0.38853088,-3.0831149,-7.7317524,-1.1430455,-15.480787
2.1350567,-0.22178367,0.24824417,0.67143494,-1.0787847,4.8311386,1.1274394,-7.0703626,-9.402358,-0.9659866,-0.71677613,0.0071281227,3.7336545,-16.77506,-1.4447396,1.1856242,0.038750272,0.6114147,-0.122824095,0.022290811,-3.657087,0.53299075,-1.2989452,-19.305662,5.5819798,0.19977234,-0.13298576,-0.18679078,0.36070228,-0.784695,-0.073428825,-0.3269162,1.8926992,1.6765913,-0.3661089,-0.0005229118,-7.1583643,-0.3372667,-0.68915844,-3.9960878,-0.50966287,-0.6151222,-0.36350688,-3.2324035,-9.805595,-1.1414688,-17.328062
2.091923,-0.21798725,0.2624009,0.6571348,-1.2020453,4.9977136,1.0985534,-6.8965707,-10.062672,-0.81175256,-0.93174744,0.014816838,3.7652152,-16.573229,-1.4254676,1.1295978,0.046402913,0.5520408,-0.14080712,0.15090713,-3.570593,0.37061793,-1.4061117,-19.37864,5.7969694,0.20219941,-0.14267874,-0.086713456,0.02705738,-0.6667317,-0.055676155,0.1994617,2.1913576,1.6725262,-0.33376238,0.01792986,-7.132875,-0.34348822,-0.95204735,-4.0434337,-0.18182042,-0.72312915,-0.40181732,-3.290451,-9.936481,-1.1431943,-17.334393
3.5547266,-0.32582134,-1.4273871,-1.3327835,0.642326,5.762416,9.836003,3.045546,-2.0583308,-0.94274396,0.8101882,0.45689845,1.5106653,36.724205,4.827048,0.20246759,-0.55708945,-0.49510708,0.21578717,4.0577416,0.20393579,0.13502018,-2.0582395,37.700302,-1.2647077,-0.29068238,0.1332429,-0.076716214,1.1148224,-0.22280018,-0.08943899,-1.8059291,-0.7817919,2.361523,2.0497024,-0.27718675,17.142557,-0.45850548,-1.0109764,2.4771478,0.63721687,-1.9929864,0.4086736,3.5932739,13.356288,0.028954137,27.805134
2.2162638,-0.1907101,-1.3943373,-1.1373608,0.4106385,10.621047,9.568909,4.739166,-2.7724483,-1.0816706,0.63651764,0.19912969,0.18498859,36.86159,5.528144,0.4605519,-0.31048712,-0.42205915,0.2486499,5.646417,0.16068612,0.1505462,-2.108161,29.387093,-1.1478142,-0.2779272,-0.09389822,-0.027001949,1.6980826,-0.2606116,-0.08925454,-2.3290942,-0.50802237,2.5657487,1.4875085,-0.13404913,17.733362,-0.23382428,-1.0723428,2.3813155,0.5624461,-1.8261131,0.5511618,3.7420752,13.375607,-0.03329721,29.55904
2.786216,-0.27909872,-1.1747241,-0.97133046,0.58676946,12.124799,12.504929,4.8704777,-4.6471057,-1.3475198,-0.28083017,0.26518273,-0.3725079,24.583277,5.3417134,0.71287507,-0.5496718,0.08017614,-0.57857007,6.526984,0.52762043,0.16183485,-1.7680207,32.127487,-1.6689788,-0.8517508,-0.29457322,-0.024764381,1.4641455,-1.2441288,-0.05300202,-2.101601,-0.74750566,9.498938,1.4840493,5.0735645,17.405943,-1.6537751,-2.5221725,6.2177424,0.60818046,-1.8707455,0.5199882,5.033083,11.85977,0.17831303,25.895546
2.788193,-0.33467093,-0.74547964,-1.6226677,0.2692872,11.157397,10.486551,6.599146,-2.795573,-1.3211488,0.78851247,-0.5323077,0.091609634,33.89422,5.4678373,0.00785964,-0.5383776,-0.45828038,0.20700747,7.069344,0.11678244,0.10829458,-2.3215806,29.201223,-2.0513322,-0.36354142,-0.09462632,-0.029564036,1.2911158,-0.90210444,-0.105141506,-2.6756873,-0.1821727,3.0293632,1.4954026,3.63712,16.927761,-1.3365356,-1.2277915,3.6034083,-0.36757955,-1.4223958,0.55943966,3.837922,12.813999,0.22543651,28.773434
5.1146264,-0.7318045,-1.3525239,-1.0192086,-0.1582732,13.735888,12.176012,4.778462,-2.7183404,-0.9651636,-0.49739346,-0.4679874,-1.9119332,22.823322,5.284507,-0.09744973,-0.5504606,-0.038203485,-0.6406723,5.8579426,0.17469572,0.5579819,-2.3910296,34.46567,-3.8295274,-0.19646986,-0.006785148,-0.06553191,1.0041616,-1.2977844,-0.59626925,-2.4489055,-1.869571,11.769574,1.3001179,4.1383214,16.452991,-1.6052265,-1.1159519,6.226135,0.34555832,-1.7912978,0.5711399,4.8372593,12.669695,0.118789546,27.696548
2.5800982,-1.9565054,-1.0749495,-0.61448705,-0.08870937,12.392451,12.014862,4.8271155,-2.656662,-1.0739797,-0.40408418,0.3627287,-0.97648376,23.679693,5.5907245,0.15481508,-0.62829477,-0.09161222,-0.6227895,6.286268,0.55802745,0.00085424795,-1.6786352,30.731226,-1.4466293,-0.09946276,-0.08501063,-0.18187323,1.0855225,-0.90961206,-0.43168986,-2.03667,0.8601496,9.7522545,1.319792,4.6734204,18.49994,-1.490728,-1.9260231,7.2172728,0.7287825,-1.3926815,0.61347383,4.987772,12.239514,0.10895321,26.402794
2.648457,-0.3243624,-1.1511911,-0.6371138,-0.0358032,12.01769,10.593309,4.603453,-2.5986478,-1.043401,-0.39794818,-0.39475226,-0.98643434,23.653677,4.7444906,0.057068754,-0.5452683,0.16020854,-0.6462434,4.01399,0.40364444,0.005420465,-1.4906982,31.650816,-1.1206332,-0.5013697,0.32455373,-0.09173006,1.5101528,-1.1249287,-0.66292065,-2.1316006,-1.5747341,10.806541,1.7467108,4.1184783,16.838318,-1.4652643,1.1425998,6.2273226,0.31149322,-1.257817,0.69354814,4.14692,12.906357,0.1656645,26.340706
2.697597,-0.46568426,-0.87137276,-1.6226488,0.006322597,10.283635,11.16001,2.2657776,-2.51527,-0.74647874,0.6523954,-0.15166873,0.08260851,24.120676,4.956229,0.66609913,-0.73215395,0.14278138,-0.6926623,6.9110193,17.682041,0.62223965,-3.1600673,26.245531,-1.319126,-0.42142898,0.33455148,-0.085911095,1.432207,-1.0877621,-0.071342096,-2.762766,-0.5130344,10.776384,1.6682851,4.423119,14.334393,-1.2052319,2.030344,5.479593,0.35240954,-1.6517519,0.65549856,3.184982,10.56119,0.22736749,19.468397
3.5282376,-0.6166987,-1.0275077,-0.6983185,-0.23015967,12.187317,12.994037,-8.272153,-1.9958535,-0.6594883,-0.84368324,0.29097104,-1.050322,20.232481,5.6677146,-0.63050765,-0.43887544,0.14927946,-0.041356687,6.1215167,0.6046757,0.088156745,-2.106117,28.875301,-1.1416923,-0.23678645,-0.07099195,-0.22016957,0.8568361,-1.2300175,-0.2402743,-1.9084803,3.1981869,9.871471,1.2901295,3.4812167,16.961096,-1.500008,4.5835843,8.579699,0.31193498,-1.2681372,0.4767575,4.3754053,19.772703,0.24551593,25.012123
2.2903562,-0.4566002,-0.8955203,-2.5531662,0.01467927,9.65278,11.380321,3.7035775,1.2409137,-1.0191729,-0.19811866,1.1979113,-0.0021139956,16.751232,4.9978614,-0.40376556,-0.2980692,0.25154006,0.36523834,7.3344297,0.58741844,0.55535394,-1.5001904,26.151558,15.383589,-1.5714934,0.7642382,-0.033344492,0.4779235,-0.722018,-0.37433147,-3.236388,2.497628,14.02282,1.5973698,3.9652884,0.31003657,-1.6360788,1.7904211,8.408314,0.23367064,-1.468408,0.1653976,5.6087656,12.1298275,0.12072502,25.762888
-1.0239346,-0.9462126,-1.1552038,0.9397542,-0.21797653,-4.928183,-9.942605,4.298803,-1.2841992,-0.9784708,1.0573043,-1.9487575,-0.52848184,16.182035,-3.5230062,-0.5326075,-2.1863503,0.047314506,0.6483026,-0.53434587,26.794073,0.3664995,-0.53379405,-6.817799,-1.3455569,-0.778346,-0.12535638,-0.12107942,-0.34759864,-0.46654388,0.1380967,-0.44873807,-1.0637022,-1.9762653,0.80597097,0.7574231,-1.3727326,4.057852,0.73350453,3.879497,-0.7193726,-0.249722,0.31167924,5.3116255,6.1334596,0.22135429,16.914474
-1.609808,-0.7469461,-0.877858,0.7093822,-0.13128914,-3.6796622,-9.974498,3.8762043,-1.3433374,-0.6692558,1.442807,-1.8238055,-0.47540292,14.246206,-3.6358013,-0.19185701,-1.4214189,0.05005046,0.7578188,-0.9852216,27.582283,0.04364027,-1.0490245,-6.508306,-1.3084402,-0.3924002,-0.114299275,-0.225541,-0.3192027,-0.5588591,0.19700871,-0.64629465,-0.9138628,-0.3488674,0.7895139,0.744069,-3.2874265,3.876972,0.82182515,4.261773,-1.4715064,-0.15520047,0.14717236,5.5454826,6.112143,0.118741356,17.475649
-3.7394395,-0.58717173,-0.39072382,0.8512701,-0.3234536,-11.409981,-9.202142,1.7303336,-2.116904,-0.89144546,1.0661387,-1.4119971,-1.4526376,16.933496,-5.554251,-0.22422405,-1.9964415,-0.03984157,-0.80201304,-1.0641404,22.070004,-0.13852543,-0.7836141,16.100666,-1.0688423,-0.5297876,-0.05891158,-0.16393688,-0.19323502,-0.56795835,0.010308768,-1.0496116,-0.6483636,-0.618891,1.1505657,-2.1591704,-1.0781481,3.8048072,0.35597605,3.3736382,-0.5962151,3.456682,0.31736526,3.8741353,5.961321,0.16726674,13.012647
-3.2520869,-0.6475116,-0.0029446753,0.6072704,-0.13895428,-5.0833683,-9.36451,3.5269303,2.0430236,-0.49873096,1.261832,-0.685077,-1.5936003,19.125038,-4.506587,-0.048892766,-1.8396698,-0.16687213,0.07126991,-0.92352676,25.347204,0.14796056,-0.82498074,-6.700611,-0.28199035,-0.7399396,-0.2842257,-0.020539299,-0.2037479,-0.65496916,0.11442819,-0.54648954,-0.913788,-2.1890047,0.99548215,-2.7404952,-1.0669591,3.8962612,0.09068903,4.357868,-1.2995615,1.9841928,0.51981574,4.537316,6.0966706,-0.062541045,15.878536
-2.0925398,-0.30564883,-0.34597418,-1.330055,-0.20021217,-9.414498,-9.220169,2.2848382,0.8762135,-0.8299121,1.0504531,-0.6196376,-1.784704,15.4816265,-5.9981728,0.1397173,-2.1779757,-0.24236889,-0.5972064,-0.11867017,22.476147,0.62805027,-1.2223752,18.12039,-0.00054345257,-0.6820195,0.1262001,-0.35052764,0.119348265,0.35293147,0.23602393,-0.9217801,-1.0008719,-7.4158707,1.013329,-2.5301237,-1.9617087,3.2408113,-0.6420654,4.538115,-1.6597298,2.8955112,0.19653216,3.149676,5.0818853,-0.06972161,15.096216
-3.2029886,-0.02231369,-0.14422019,-0.98644423,-0.611293,-11.806922,-12.020568,2.3754282,-0.15448104,-0.80433744,1.0638348,-1.138482,-1.7899239,5.6833043,-7.3554926,-0.27370268,-1.2798038,-0.07124018,-0.60477954,0.26377416,20.630335,-0.42638698,-1.2627536,15.595564,-0.46121255,-0.4951451,-0.058013383,-0.51797307,0.20534298,-0.71903133,0.29537043,-0.761087,-0.8654525,-7.367848,0.48412246,-3.2020006,10.143911,0.97183955,-3.4371827,4.422449,-2.039132,4.0361104,-1.739751,2.1676466,5.098334,0.019193504,13.259503
-3.7228737,0.021060476,-0.9411046,-1.6873939,-0.46207425,-17.292606,-15.547098,2.2020056,0.45532307,-1.4167264,-2.1988022,-0.86324245,-2.5643535,12.054458,-6.1066365,-0.006037073,-2.28348,-0.3172982,-0.5752302,-0.5387688,20.364956,0.19329071,-0.84277827,15.408877,-0.45724812,-0.34049848,0.20879374,-0.079346254,0.19642855,-0.07510528,0.14294341,-0.6038984,-0.9131612,-7.430005,-1.1117913,-2.4998827,10.0709095,1.1287974,-2.5684643,4.3612905,-1.8193086,3.28361,-2.0302231,1.4164672,5.119249,0.03004306,12.872609
2.048016,0.11071812,0.07085475,0.3000213,-1.1950088,5.5586405,0.5309411,-6.680441,-11.739187,-0.25281125,-0.90701276,0.008912472,3.4621415,-15.635705,-1.3387336,1.1737124,0.039020125,0.5777881,-0.111996,0.7460269,-3.6124558,0.18489522,-1.211416,-18.95176,5.331493,0.17607398,0.47766325,-0.025694873,0.4246677,-1.627008,-0.1282738,-0.3679009,2.2259333,1.7061962,-0.14532301,0.16150926,-7.4834146,-0.28088823,-0.96164656,-4.0562973,-0.19723512,-0.49403736,-0.53129536,-3.8586257,-9.422983,-1.172286,-16.762058
1.1588947,-0.11093694,0.58590925,2.3393493,-1.1792104,3.8321068,0.3709126,-7.135838,-8.26158,-0.82647914,-1.3997201,0.059040762,3.7204285,-16.75912,-1.7182851,0.024181476,-0.0070001143,0.54642737,0.026803236,-0.3455412,-3.1606865,0.53139126,-1.3114378,-19.195906,3.9736,0.1230855,-0.35037956,-0.08568832,0.2977066,-0.8464744,-0.15214352,0.2715178,2.1686924,1.8238769,-0.60789514,0.22586346,-7.1095047,-0.2356099,-0.76273835,-3.9611866,-0.41268384,-1.3429694,-0.38132975,-2.992454,-7.3229165,-1.1696098,-16.159668
1.076161,-0.20627712,0.2226747,0.35595694,-0.94881284,4.992241,1.021182,-6.8837256,-9.972592,-1.0010283,-0.9401064,-0.004242906,3.6810205,-16.775131,-1.6234533,1.1281638,0.05331082,0.62869203,-0.11881695,0.1508161,-3.2364924,0.4283473,-1.3046911,-19.336414,4.897709,0.21380557,-0.20037393,-0.028044168,0.26354325,-0.90297693,-0.1704874,0.17947246,2.1806383,1.7065626,-0.40843293,-0.023532363,-7.1390467,-0.33883408,-0.87688017,-4.042761,-0.22981611,-0.6012157,-0.3952491,-3.3655138,-8.317109,-1.0317718,-16.850536
0.5088125,-0.3092853,-4.140316,0.5149664,-1.0668684,0.48609537,-1.5412787,3.8964942,-10.0061,-1.1835175,-0.8580652,0.140856,0.10100239,-8.293638,-1.7833269,-0.71039855,-0.27822202,0.59242415,-0.44815832,-0.41381514,-0.6076007,0.28028116,-5.3995037,-14.464191,-0.94594526,-0.15924087,-1.3874881,-0.18753357,-0.00840839,-0.44481623,-0.093570374,-1.3156967,1.7314156,-0.51064587,-0.30878717,1.0858777,-7.2391286,-0.05755753,-1.2417209,-2.7022896,-1.5191582,-1.9809138,-0.6699529,-2.2829256,-9.696731,-0.29267678,-8.914037
1.6337163,-0.2434123,-0.39365152,0.10147179,-1.5590075,3.182197,-0.9692087,-7.1205034,-6.1826725,-0.5868124,-0.4396449,-0.19460243,0.54812557,-12.750389,-2.2066169,-0.2751106,0.13894825,0.5302404,0.10253689,-0.26773578,-0.15507747,0.8269208,-2.0668802,-17.493671,-0.39222476,-0.18593279,0.37098294,-0.105029866,-0.019818457,-0.57341963,-0.21493687,-1.2684764,0.6549852,-0.517171,-0.40184242,-0.07930819,-6.516121,-0.21121909,-0.85861117,-3.6258109,-1.1464168,-0.92634934,-0.49648035,-1.8561106,-5.78246,-1.1887453,-12.657903
1.2715969,-0.2261033,0.18070006,0.5192026,-1.3108306,3.735082,0.10881644,-7.2303896,-8.241952,-0.75080794,-0.10529569,0.34436205,2.6377883,-13.49149,-1.7425009,0.10092156,0.21473713,0.60954416,0.08690726,-0.37684265,-0.40923023,0.45387116,-1.5103546,-18.75643,4.602992,0.15421212,-0.66038233,-0.03012551,0.26588294,-0.7476437,-0.09784315,-0.84613013,2.1729796,-0.7901139,-1.6908909,-0.061996505,-4.995892,-0.1412096,-0.83915687,-4.859261,-0.42353776,-1.4995406,-0.07691799,-1.8548113,-7.5920987,-1.4541057,-16.846798
2.261437,-0.0952645,0.47753653,3.523079,-1.1998956,4.686708,1.1685629,-7.142477,-11.0943575,0.48498416,-0.63709795,0.022282068,3.6833081,-16.239897,-1.4208354,1.1343368,0.07916093,0.5421522,-0.13690892,0.11155414,-3.6565018,0.5505202,-1.2296565,-19.403193,5.6567736,0.21335733,-0.23764305,-0.07717525,0.09480977,-1.4171909,-0.15811925,0.34075642,2.2866492,1.6815299,-0.29346034,0.10160778,-7.9822006,-0.2984778,-1.1716071,-4.0714216,-0.32127804,-0.22659923,-0.47299844,-3.6244807,-10.03748,-1.1766164,-16.41307
2.1320827,-0.21627353,0.7077874,3.0255547,-1.0537505,4.061699,1.2546436,-7.645264,-10.193457,-0.14195263,-0.96412575,0.24752846,3.9013128,-19.319918,-1.1396503,0.56380826,-1.9790051,0.58475435,-0.054749288,-0.30829027,-3.3186312,0.69646937,-1.602536,-19.75796,5.7922454,0.1905729,-0.39656594,0.040891707,0.07870233,-0.55399716,-0.24483702,-0.7716676,1.9771727,2.1429806,-0.13472381,0.2632064,-7.4582644,-0.19784826,-0.931063,-4.0165267,-0.5491734,-0.06545693,-0.35118774,-3.116632,-8.576671,-1.047206,-15.61323
2.215376,-0.0173757,0.23301363,4.1287827,-0.29706386,5.603466,2.115981,-6.6406775,-10.130919,0.5009518,-1.7981462,0.04253659,3.3083375,-15.421704,-1.7162582,1.1119586,0.1726832,-0.19140066,-0.42513695,-0.106176406,-5.775558,0.62043035,-1.3416123,-19.31532,5.54831,0.10260424,-0.26902673,-0.2003139,0.010615954,-0.7382576,-0.20727214,-0.15734048,2.0932393,5.9743643,-0.2946499,0.04061369,-7.8162923,-0.5547722,-1.3783591,-5.603701,-0.13226418,-0.63147104,-1.0310748,-4.939351,-10.073606,-1.1333287,-16.72188
2.1167977,0.30179286,-0.7134269,1.172929,-1.2220966,9.823684,0.9938799,-6.6574874,-13.159027,0.65306735,-1.1277251,0.12952939,0.8613049,-9.119847,-1.7369785,1.1773627,-0.063444585,0.57378,-0.25625047,0.19450122,-3.2288184,0.49495184,-1.3725667,-17.37542,5.2178025,0.1563639,-0.5030927,2.32147,0.15288213,-0.8404111,-0.105105974,-0.47112072,1.7930111,1.4189167,-0.15182674,0.9276367,-7.078978,-0.63963664,-1.2219646,-4.595852,-1.3077054,-0.43355823,-0.3491075,-2.1306412,-10.082655,-0.5614622,-17.18082
3.123337,-0.4834955,-0.6394053,-0.76908225,0.03452621,6.7498813,15.650735,5.455513,-2.7562351,-1.0689139,1.2565017,-0.011806659,0.3887218,23.326593,4.4029646,0.018470975,-0.47569183,0.028852817,-0.14881802,4.512374,1.5297519,0.015263582,-1.9329883,35.82393,-2.4868748,-0.3236331,0.1541111,-0.17943797,0.8764593,-0.6614746,-0.20367157,-1.8899425,3.5689125,8.182258,2.0903764,4.049787,12.266717,-1.2946277,-0.8596098,8.164546,0.11166272,-1.6887367,0.08632683,4.241441,9.984998,0.046138957,24.927145
-0.637125,-1.0409535,-1.863953,-2.8251045,-0.0054800916,6.654632,10.6190195,10.804654,4.7656255,-1.4139743,0.5555968,-0.59967554,1.6741008,31.948584,4.5470405,0.011339099,-0.8279575,-0.9410844,-0.5256502,-2.5442138,22.359762,0.36238655,-0.1618939,38.515705,-6.375813,-0.59360576,0.19387524,-0.68688697,-1.053664,-2.5324707,-0.13979761,-0.23215768,-0.9620886,-1.7115808,0.35187966,2.024377,16.930023,-0.69827026,0.19035211,1.9606627,-1.1075056,5.8874116,0.7936329,1.86401,11.352753,0.15035771,18.53071
3.2078738,-0.3794743,-1.1775963,-1.8054471,0.55644655,11.317703,11.763966,4.601908,-3.1770232,-1.1728221,0.70194,-0.6257232,-0.38142478,34.160683,5.184903,0.03754847,-0.1360123,-0.5614465,-0.76368856,1.9937832,2.4836073,0.23458156,-2.728594,29.62306,-4.5748754,-0.5402304,-0.044282753,0.07230473,0.38860816,-1.1894263,-0.06584365,-0.78800094,-0.7773609,2.301175,1.0210624,1.3164451,15.283441,-1.0173928,6.4984474,3.8484278,-0.07975646,-0.01734695,0.7175773,3.6553879,12.797131,0.43178245,31.114204
2.3598425,-0.6040569,-0.870277,-0.76333576,0.003016478,11.511491,12.993444,4.402679,-2.4754348,-0.78462183,0.71145713,-0.0075247856,-0.24180579,26.431826,4.990158,-0.16490008,-0.6869911,-0.07484636,-0.6686659,5.1494727,0.3585184,-0.15081474,-1.4308895,32.1203,-2.3279922,-0.49256593,0.06833576,-0.18649325,1.1331825,-1.5532457,-0.6212863,-1.5777109,-2.2241507,8.470932,1.2773889,4.17832,18.213291,-1.1316942,-1.3410559,6.1139016,0.9308532,-1.2537568,0.5157156,4.814856,12.055401,0.16013834,26.400198
-6.60248,0.1123662,-2.044365,-2.4910958,-0.6792394,-8.654747,2.4608347,12.779729,-0.25932667,2.6360614,0.52995825,-1.7114849,5.4092145,32.2766,6.7730074,-0.6580894,-1.2037519,-0.62094164,-0.34558722,-2.464721,20.250755,-0.4566839,-0.79017085,34.26318,-4.009268,-0.29469192,0.07648542,-0.82201415,-0.2441032,-0.82166153,0.25329268,2.9455097,-0.9846311,-0.8777924,-0.6466465,4.497736,15.067066,-1.1502208,2.0653994,1.4567018,-5.9465785,-3.2732196,-1.6325603,1.1270914,7.530444,-0.067505084,14.64276
-2.861221,-1.0183599,-2.0812776,-2.399406,1.4313931,8.71545,-0.1375256,14.776748,2.3626091,2.522509,0.8057128,-1.2753134,7.473006,37.557182,7.9084077,0.22050786,0.9249676,-0.6943278,-0.51964235,-0.015868464,22.20116,-6.8127966,5.801541,37.859047,-5.4802475,-0.66119903,0.17646927,-0.1694136,0.12135268,-0.5963822,0.011680211,-0.547886,-1.2585518,-1.7638838,-2.9445825,4.927605,19.170368,-1.2198311,12.001558,0.4019922,-2.7698412,8.524826,-4.9600186,1.3725927,8.661221,-0.37824336,15.74226
0.9607323,-0.4066742,-3.0819933,0.10271811,-0.4617608,-3.7609727,-6.829304,-7.798395,-5.596606,-0.9708272,1.190552,0.48666522,2.0565567,-15.491636,-1.2629366,0.12666436,0.45382985,0.5378233,-0.6295566,0.17532885,0.93055344,0.2832338,1.5841328,-16.229052,2.512076,-0.12855768,0.009623015,-0.091623455,-0.21831986,-0.7119883,0.24701145,-1.3997952,-0.41185427,-7.934996,0.26286548,-0.11002253,-3.487214,-1.0350729,-0.75740725,-2.9653172,-0.74975,-0.96213484,0.14484651,-1.2184882,-4.950345,-0.88014007,-9.1159315
0.87237465,0.07275898,-2.5534935,-0.017116904,-0.5195769,-2.8493001,-6.041279,-7.3732634,-6.0501356,-0.7133868,0.8372396,0.35813132,2.6482005,-15.109995,-1.5438024,0.39107436,0.5765974,0.3253315,-0.3670487,0.3232602,1.0211111,0.49779317,-0.62682104,-16.440367,3.849555,0.7228085,-0.21730237,-0.080605,-0.017884044,-0.887476,-0.222665,-1.5412257,-1.8114986,-6.0136924,0.60102594,-0.04022289,-5.8410625,-0.5831374,-0.8466719,-3.263718,-0.7400075,-0.82487684,0.41977593,-1.2973382,-4.2666564,-0.6315628,-12.31882
0.71750516,-0.115593344,-2.5245488,-0.066268474,-0.6534304,-1.8055485,-6.6311154,-7.335943,-6.2564945,-0.8354052,1.1892403,0.320484,2.0343766,-13.579183,-1.5947671,0.2754582,0.51447487,0.22431433,-0.3864721,0.1351849,0.6790699,0.5477604,-0.8849936,-17.200396,3.7416992,0.5083206,-0.103346884,-0.051262222,0.04634273,-0.6266717,-0.03879886,-1.496987,-1.6333216,-6.8760366,0.61148363,0.16241135,-5.664002,-0.61764616,-0.84790266,-2.036119,-0.7446346,-0.86413294,0.32522067,-1.3918972,-3.8917098,-0.62092626,-12.458767
0.32675174,-0.57731265,-3.1492524,-0.4008343,-0.5980157,-4.5793853,-7.144244,-8.971185,-2.1169405,-1.4777155,1.3572168,0.50044775,2.815603,-14.693757,-3.773259,0.22661877,0.33112365,0.032034595,0.34704724,-1.0316948,1.8063135,0.4969506,1.2509385,-15.3858185,-0.9782793,-0.44883564,-0.09281625,-0.25890157,-0.66997474,-0.51635647,0.052282203,-0.9995754,-1.8015492,-7.578254,0.68577194,-0.67352366,-5.89039,-1.9067755,-0.1917986,0.37528342,-1.3760859,-3.4858406,0.109291255,-0.9283952,-2.545302,-0.19063434,-3.4725306
0.44297677,-0.41086233,-3.0207126,-0.28162715,-1.2839006,-5.8828125,-8.245722,-8.517065,-5.453336,-1.2542602,0.7753892,0.6847243,1.8110305,-14.257235,-7.11755,-0.10784342,0.29429966,0.066129915,0.6080442,-0.9119158,3.0228267,0.72718674,-1.4693322,-15.324435,-1.7031744,-0.52331424,-0.09549065,-0.2777362,-0.5403877,-0.7651234,-0.42877793,-1.6499083,-3.8430731,-8.260295,0.22785543,-2.0988848,-4.408808,-1.6564633,-0.7345498,-6.9965286,-0.9628531,-2.7816143,0.1976542,3.2937028,6.0936155,-0.58573055,5.9454117
1.0181874,-0.22326055,-0.040198024,-0.03998713,-0.99094206,3.8134518,1.0168468,-8.989738,-6.4407315,-0.7961329,-0.4334417,0.018642712,2.9034147,-13.796879,-1.8373156,-0.032302342,0.061332233,0.64712894,-0.05753484,-0.5984174,-2.9463625,0.9241039,-1.3975648,-18.801676,3.6466177,0.18364364,-0.31257504,-0.0195507,0.34173092,-0.520981,0.27416232,-0.62472445,2.0814703,-0.7901691,-0.60895306,-0.06532159,-6.6089964,-0.1853166,-1.1946365,-3.6346188,-0.3881873,-1.309748,-0.29970643,-3.3309321,-7.5355277,-1.071355,-14.969861
1.0567266,-0.28064585,-0.022139756,-0.0064533874,-1.0349187,3.7612002,-0.2663865,-7.272108,-6.1615734,-0.69515234,-0.46763083,0.0314362,2.8414466,-13.806112,-1.7738471,0.06458245,0.063731775,0.5848632,0.03994636,-0.60599655,-2.8836424,0.9249324,-1.6988673,-18.70695,3.5601146,0.15484443,-0.5327551,-0.026573922,0.010847788,-0.68536854,-0.13593529,-0.63314664,2.0535183,-0.7865061,-0.65628177,-0.20168619,-6.833017,-0.16561148,-1.1970993,-4.046586,-0.34632125,-1.357851,-0.30392277,-2.2135458,-7.6500344,-1.0839084,-14.820437
-1.0578586,-0.22439615,-1.616317,0.40092954,-1.3111119,3.8616736,0.5034771,-7.154171,-7.3412843,0.7338974,-0.30507934,0.33366442,2.69712,-15.98283,-1.7285022,0.8095332,0.37776232,0.6192818,0.0379241,0.19382437,-2.5272632,-0.74298865,-1.5992318,-16.693268,-1.4308426,0.06232079,-0.5094749,-0.05091659,-0.08215208,-0.47957996,-0.15435874,-1.5292345,-1.2071363,-4.0853186,-0.53316915,-0.14679378,-3.2061784,-0.017902747,-0.9814384,-2.5819716,-0.30879208,-1.113855,-0.6445297,-2.2103267,-6.064566,-1.0290965,-14.473747
1.8899752,0.065528505,0.13643621,2.71785,-0.5050731,7.042202,2.05092,-5.4656153,-13.6012535,-0.11982879,-1.6604176,0.047624357,3.0951178,-18.29075,-1.6703948,0.8785787,-1.6563097,0.016444528,0.13688225,1.6393809,-4.5932465,-0.8400745,-0.6541656,-19.533709,7.4603386,0.20185766,1.2556796,0.013022391,-0.15231474,-0.74007636,0.04037316,-0.46888933,0.9676643,6.415103,0.15707965,0.28010863,-8.382556,-0.34436402,-2.312682,-7.5620008,2.1745112,-0.2883545,-1.1990293,-4.166953,-9.204141,-0.9775026,-18.416351
2.02452,-0.18861657,0.3254105,2.685711,-0.26467046,8.158111,2.5297074,-5.844877,-11.091096,0.10014277,-1.8038212,0.092957094,1.542749,-18.398819,-1.2225223,0.41659194,-1.3754631,0.0870067,-0.0075026173,1.5076104,-5.000031,-0.58758706,-0.8083085,-19.621132,5.269508,0.23051277,1.049968,-0.01346996,-0.2606181,-0.7653217,0.15853423,-0.4560297,0.23676142,6.5034356,0.2857505,0.06301418,-8.057137,-0.41507772,-1.0563724,-7.207164,2.8275867,-0.21705103,-1.2695248,-5.114947,-9.404981,-1.1510996,-18.670645
1.2380755,-0.17846039,0.37137276,0.39943534,-0.655819,4.052616,-1.7454567,-7.264555,-8.734378,-0.6896153,-0.28162816,0.26780605,3.7778764,-15.851054,-1.8891473,0.79923433,0.06818161,0.5725613,-0.30728438,0.013543015,-3.3291183,0.51423043,-1.6577958,-19.32248,5.357842,-0.4684184,-0.16566314,0.13407479,-0.7141682,-0.12330674,0.22796045,-1.8073212,-1.4271752,1.5525404,-0.29220554,0.32652855,-4.9869804,-0.2027338,-0.9071534,-3.1951494,0.115257055,-1.365217,-0.33666065,-2.8251681,-6.5843897,-1.0391746,-15.784209
2.1039612,0.15953718,0.4227359,2.2413037,-1.1907916,5.152853,2.4689553,-5.9491906,-9.868416,-0.28538483,-1.5836754,0.13174902,3.414524,-17.511635,-1.2641801,0.44350827,0.07668228,0.4067272,0.03839969,1.4067396,-5.5667167,0.062597305,-0.8606956,-19.69437,5.746613,0.25524473,0.7298142,0.01887887,-0.52456546,-0.91248596,0.055897575,-0.8271821,-0.3677663,5.8807864,-0.49876437,0.065793104,-8.338467,-0.42680532,-1.0577089,-7.2034025,0.38631544,-0.5901047,-0.8120051,-4.1573315,-9.217067,-1.0999436,-15.946753
2.0875714,-0.14881678,0.21814704,0.68669707,-1.2300928,4.8813386,0.97375834,-7.1552434,-9.115063,-0.97344124,-0.5080877,0.019419096,3.7245457,-16.785355,-1.4570873,1.1452502,0.05554745,0.5376987,-0.14187673,0.037466403,-3.484736,0.4182522,-1.4866998,-19.152525,5.873706,0.21165045,-0.1291987,-0.10568492,-0.40086257,-0.24647562,0.08364942,0.010179022,2.022459,1.623682,-0.24932182,0.20379099,-7.2606153,-0.35132745,-0.6600304,-4.0345583,-0.18710159,-1.400143,-0.38130105,-3.6150944,-9.935518,-1.130766,-17.188519
-5.4558926,-1.299877,-1.7655795,-1.6640897,-1.2766774,-4.7545943,2.0767422,7.6137514,-6.4052715,-5.709177,0.90663934,0.21491931,5.932968,24.37705,0.42794457,0.05819046,-1.0779393,-0.22369489,-1.1201115,-1.2006851,19.80294,-0.6654862,-4.1703925,31.998522,-5.1537924,-0.6649453,1.7520478,-0.15230544,-0.5267199,0.5628762,-0.07308752,3.3205674,-0.78203285,8.920411,-2.3484979,-5.155531,12.277179,-0.50945085,6.020023,4.5965157,-1.6422935,-8.233426,0.06311317,1.9076384,8.7226,0.061725516,19.690687
-3.601185,-0.4992824,-2.2608876,-3.4755552,-0.48984376,3.1816936,5.781602,4.874289,-2.7312417,-1.542704,0.5098033,-0.7414579,-0.11212966,22.461575,-1.2166393,0.0645051,-1.165759,-0.086915195,-2.125059,-0.7274594,19.987576,0.62641096,-1.0752662,32.0952,-4.9747586,-0.17390403,2.391613,-0.34452617,-0.34504476,0.47620696,0.069343895,5.275545,-0.5257397,10.029813,-1.9376273,-1.2016978,12.824479,-0.51724803,3.34342,4.886593,-2.6307745,-3.5941372,0.7419348,2.095535,8.673146,0.3213385,20.467806
-2.3171256,-1.2826747,-2.005185,-2.4135494,-0.5863777,3.1936269,9.091465,0.8313732,-3.9268608,-4.6988616,0.6094227,0.2779161,-0.027865421,23.622625,-3.8707047,-0.71184707,-1.4199114,-0.22129448,-2.6851723,-0.4366174,20.503675,-0.5578355,-4.6235943,30.287846,-5.4296665,-0.5106461,0.8915729,-0.2620097,-0.8450166,-1.4398878,-0.3065545,-0.9941936,-2.6353369,8.783639,-3.1288447,-5.379036,15.062372,-0.7576983,6.606675,3.4554791,-2.8347425,-8.794875,0.79479676,2.5739849,7.9080706,0.35085905,19.895596
-3.653858,-0.7849408,4.695893,-2.0863218,1.4648007,1.909379,8.927925,4.1040816,-5.1291556,-1.7223244,0.31097618,-0.4386617,1.1989014,32.389736,1.1090367,-1.0099849,-1.5552939,-0.15893878,-2.2982824,-0.66875035,20.421997,-1.0330168,-5.008427,31.40499,-6.0064244,-0.56025785,0.6683121,-0.37318882,-0.35193384,2.1390915,-0.6848472,0.40768304,-0.7619504,5.0650363,-0.59998655,-5.8117948,15.404985,-0.24137323,9.47551,4.1234846,-1.3917224,-8.556813,0.021340396,1.8966157,10.224444,0.13413875,20.350285
-5.923646,-1.1979139,-2.3850121,-5.72128,2.0745208,-6.857717,4.7565236,1.9723116,-0.15019505,-1.7246399,-0.14167127,-0.48937348,-4.4262524,30.760464,-0.22479264,-0.37632844,-1.6695291,-0.5125527,-1.5071803,-0.17152159,18.65358,-1.9553087,-4.7391353,30.351961,-4.44958,-0.92202723,2.073926,-0.14026332,-0.315013,2.7803478,-0.93496954,1.5140944,-0.9643626,5.8870792,-0.20524967,-4.687844,12.385162,0.081166886,5.145743,4.335531,-4.577018,-6.9558897,1.9004587,1.2178037,10.537994,-0.8127821,18.307402
-5.6017013,-1.004007,-2.5313659,-4.5725074,0.401771,-8.241443,-1.7674557,34.06545,-2.296269,-3.8319373,0.53395,-0.51137793,0.75311697,28.776596,4.748695,-0.5475294,0.65816575,-0.5506344,-1.052873,-0.67099893,10.843804,-1.5307511,-2.4236784,38.578934,-9.546039,-1.0932521,-4.74269,-0.2791598,0.15700305,3.3481817,-1.1014524,2.3935406,-1.8336644,-2.962351,-2.3261316,-3.0222855,12.327193,0.77976805,6.322859,0.8014026,-6.2148557,-5.26821,-4.268942,-0.310521,9.270672,-0.73469853,15.658797
-2.6616168,-0.4936946,4.623131,-0.33510733,1.1535367,5.201419,-1.943566,42.66024,26.008223,-0.54023916,0.42836022,-0.42654923,4.174271,43.56347,11.6031065,-0.01477003,-1.4051092,0.88168925,-0.3213706,1.419801,19.93154,0.82043666,9.928937,52.719803,-3.8858776,-0.7120091,0.09964064,-0.059522986,-0.3711823,0.6765241,-0.2908502,-0.019382274,-0.82924455,1.009153,3.4336195,1.2884732,22.773516,3.1983984,11.849537,2.2427342,-1.7607063,6.300665,0.11306744,-1.5330006,7.905938,-0.43237877,22.700731
4.353294,-0.016829634,4.5455947,-1.6644,0.10245559,11.174812,1.6817474,35.218254,9.771414,-0.8466277,0.610793,-0.5389064,4.430166,33.263084,9.186095,-0.7457254,-0.2951862,0.40420902,-0.14363612,0.35887963,21.635004,0.19064708,10.959822,48.824963,1.2803293,-0.08056103,0.12938125,-0.084746145,0.07866266,-1.6280252,-0.33150712,-0.86177665,-2.3451924,7.850042,0.29599354,2.1185734,20.996866,3.6524596,4.214308,6.7336698,-2.0875988,8.516265,2.5576398,3.5298681,10.02894,0.7692299,22.774746
-3.1542306,-0.12368014,4.6936383,-1.1427325,1.220807,7.795332,0.7096121,41.55086,9.08887,-0.6905117,0.97626203,-0.7683111,5.501866,34.869797,8.305998,0.88698727,-0.6112185,0.6398687,-0.25747573,0.05501894,19.91999,3.9015198,10.962419,53.387356,1.0308303,-0.37239122,-0.6023425,0.02414689,-0.3488816,-0.20302165,-0.18486324,-0.47529262,-2.2561467,7.4155993,-0.22728166,-0.09809535,22.19964,2.931933,11.75964,7.7689843,-4.0537024,7.7359705,1.1126162,0.19559973,10.2051115,0.2548367,18.74874
-4.052297,-0.5202,3.3570604,-0.09877475,2.7155023,7.0347166,-0.06988273,42.969063,26.236591,-0.78184265,0.8713432,-0.963509,3.0740755,40.677166,9.864006,-0.09465392,-1.1042793,1.1503068,-0.23680966,-0.38708025,19.230114,2.3498268,7.295215,53.598263,1.4850007,-0.27779916,-0.002600117,0.29304233,-0.24830686,0.5210256,-0.22957289,-0.23595826,-0.65389943,1.3964776,3.289169,0.16498022,25.080751,2.7286978,12.9928,6.7518835,-1.2205193,5.9392166,-0.3712251,-0.06190654,7.8075376,-0.41587213,21.963223
-2.180533,-0.39216727,3.7849693,0.053082023,1.1876773,3.3124154,-1.7482347,40.984028,25.129875,-0.90803593,0.7700276,-1.3371298,2.6009033,41.24701,10.1284,1.0057303,-1.28415,-0.3283031,-0.14327754,1.1199445,18.989899,-0.18618976,9.017271,53.83313,-5.647929,-0.77550423,-0.558502,-0.7922929,-0.2510782,0.0632987,-0.38296026,-0.27408192,-0.8543033,1.0680051,0.74303,-0.55128175,25.972342,1.1032891,10.338522,12.150209,-1.2767329,5.5610204,0.94182575,-2.698408,8.898536,-0.43010923,23.841238
3.1962335,-0.3100856,6.0687795,-1.4027245,3.7152662,4.5958323,1.4431298,41.2159,8.853719,-0.90834093,1.2071183,-0.7850864,7.137304,42.9876,8.2021475,-0.071354635,-0.77882385,-0.15195939,-0.39866582,-0.044992,22.774992,1.1516091,1.7507133,49.33394,1.9268793,-0.3652678,-0.68106055,-0.23123823,-0.3038703,-1.9940753,-0.7718958,-0.7521738,-1.3506188,0.69466144,-0.26832724,0.032389186,23.190704,3.3059964,11.614779,4.908082,-0.8499446,7.8693604,-0.03036397,0.4159588,11.278821,0.2865785,23.620924
1.7869148,0.05235866,5.264657,-5.4191566,2.8604903,7.2489576,2.522794,38.155727,6.8945265,-1.3669332,0.9805222,-0.36613074,7.593885,41.919495,4.466573,0.22507055,-0.46603268,0.024159778,-0.0433569,-0.07301469,22.583954,0.89676833,3.3238847,44.976055,5.3564954,-0.21601912,0.1932702,0.07009831,0.08905677,-2.0120463,-0.6654625,-0.83993465,-1.3616788,-0.35402438,0.4485659,-1.463347,23.367548,3.3789883,3.0277257,4.8275375,-1.5589006,8.280498,1.1813066,0.9212167,11.563719,-0.09207283,20.279667
1.2107236,0.11029016,4.559497,-0.28169313,6.475049,9.982936,8.789686,44.928318,-5.2498827,-0.49847683,0.96775424,0.13160339,4.0579133,35.89717,3.7512593,0.20590755,0.13265866,2.0753713,0.23131874,2.1934223,25.572004,1.0723797,-1.3825885,41.898018,2.1820738,-0.2037059,0.6789756,0.6501359,-1.1318064,-0.2250909,0.03696183,2.1816938,-0.9207523,6.622975,0.87268513,6.9117312,19.21191,2.0070853,6.508651,6.4297147,-0.8249685,0.3072147,0.7459088,3.7711089,8.197499,0.8912497,26.433842
-1.8185571,0.25948006,3.4467285,-2.008399,1.5304197,4.2317934,-1.739484,41.273693,8.260119,-1.4323882,2.894069,-0.10758998,3.744734,41.580822,1.249899,-5.566721,-0.6379238,5.879512,-0.50675666,0.09264469,20.763742,1.264423,3.8091602,45.850742,0.095151395,-0.37415498,0.34313592,-0.38819113,-0.40945548,-2.1085608,-0.60175806,-0.9893077,-1.1980104,0.87406164,-0.38950825,-2.7005088,22.014494,-0.35926983,2.9085224,6.428302,-4.4414077,-3.7347581,0.92880565,-0.41523027,8.530402,-0.59726393,22.176134
0.250593,-0.45207435,-6.8015447,-4.0819635,0.8320597,-2.8241572,-5.59871,40.87888,16.865671,0.23653355,1.3732439,-1.1572528,5.8722744,35.732132,26.438457,-0.9946473,0.862691,-0.29041827,-0.09061504,-13.034234,18.584194,0.24236594,2.6186614,49.71719,-4.0748043,-0.79873323,0.57839906,0.19052708,-0.2026828,3.4737194,-0.24852441,4.701511,-3.8397324,-3.8919525,-11.864103,0.23747772,18.589346,-0.2955863,13.375459,19.429035,-5.263999,4.0532827,-0.8489828,0.893886,8.655434,0.15675095,17.608679
-3.1287377,-0.16165675,-2.0682223,-1.3709445,0.56018174,-8.520055,10.4319,2.3702347,-4.84091,1.4390829,0.43204638,-0.12051292,3.5360525,33.98642,-6.5667653,-0.8578614,-1.2615576,-0.43555424,-0.7680689,-0.95861423,20.114681,-0.8775067,-1.278407,30.478104,-3.8946831,-0.26613715,1.6396337,-0.29344422,-0.31511793,-0.32333326,0.1253034,-1.364946,-1.1882803,-0.47403067,0.7897492,-1.3008859,15.813608,0.36869448,-0.89871097,3.31743,-2.17986,-0.9684928,0.5280493,1.4149145,11.118852,0.5002368,17.997168
-1.7935983,-0.48428082,-1.2477416,-0.98271203,1.2729292,-2.7735417,9.776174,0.95752525,-4.8175697,-1.6862407,0.57446665,0.5314291,2.697743,28.368597,-6.2677865,-0.0043847198,-1.5730543,-0.12452942,-0.7407249,-1.9914485,21.164259,-0.44920713,-3.8407032,30.234192,-3.429074,-0.039159954,2.5252771,-0.15923949,-0.3902203,0.24521156,0.46250632,-1.1131924,-0.9607329,-1.4686911,1.1409315,-3.130346,16.947514,0.52884,-1.3904499,2.9581833,-2.6360786,-0.24457245,0.7708038,1.4629323,11.052778,0.43094456,19.153223
0.03751113,0.21484752,-2.3971138,-1.822071,0.28585783,3.646191,12.768508,3.158833,-5.4841056,3.934951,0.7790384,0.95784116,2.7115238,24.754269,-6.000715,0.31237274,-1.3317395,0.028118264,-0.6797647,-2.0853162,21.604803,-0.636955,-2.924497,30.534842,-3.2286422,0.09821914,1.0162042,-0.017403357,-0.31857097,0.38292274,0.30298918,-1.1048625,-0.7450038,-2.0343015,2.0840905,-3.3145359,13.30559,-1.343814,-2.528822,2.0804205,-2.5690622,-0.50355226,0.54161364,2.2524045,9.357729,0.31052995,12.788161
0.12742974,0.019215792,-1.9589033,-1.8103284,0.40599212,7.7515883,12.167836,2.77332,-6.3395753,3.2961092,0.6660718,0.6812133,2.2505124,24.841011,-5.258907,0.61543745,-1.2007957,-0.099937744,-1.4963502,-0.7512092,21.179905,-0.6691709,-2.9588037,32.221085,-2.8559752,-0.42308205,0.7104509,-0.15497266,-0.35826835,0.363396,0.21239525,-1.3118702,-0.903088,-1.6457939,0.95558584,-3.6641216,13.050427,-1.5586214,-2.8309448,2.1496825,-2.670565,0.38645878,0.2859646,2.3362265,9.367427,0.114751674,12.101865
0.029127086,0.18425581,-1.6749493,-1.6806691,0.37388232,2.3459713,13.491258,2.3151536,-4.5710883,2.3791223,0.57979697,0.77381766,3.1834302,24.674658,-6.7413883,0.48574436,-1.8854909,0.02049807,-0.67229414,-1.692537,21.846153,0.012120488,-3.7495718,31.969162,-3.24645,-0.034929536,1.625606,-0.08674701,-0.33565447,0.029209564,0.2947516,-1.3238909,-0.8995627,-2.3252656,1.5423257,-3.6540089,13.322606,0.39053094,-2.4129248,3.3703046,-2.2795029,-0.086421765,0.7930694,2.3339665,9.495026,0.32818046,10.815971
2.4494731,0.09865177,-1.8340662,-1.4982926,0.81228334,4.288985,13.707476,2.700425,-6.747167,3.2696164,0.4650482,0.77894247,1.2372633,25.146776,-5.4192696,0.51075506,-2.008792,0.04196835,-0.4490835,-1.871929,21.825941,1.1895709,-2.5257654,35.14798,-3.3688378,0.1616607,0.3752251,-0.09780972,-0.40160108,-0.25251055,0.36796743,-3.2561114,-0.76046187,-0.9089429,1.4496835,-3.4576838,12.840002,-1.1896577,-2.3988497,2.9114707,-2.999124,0.21324083,0.5514149,2.1503656,8.461925,0.33769646,7.6719813
3.3124256,-0.023567023,-2.0357537,-1.6305159,1.0097406,8.863085,12.862693,2.3751101,-6.7827926,3.4027815,0.98532075,0.56665576,0.64358723,23.688559,-5.11214,-0.1309639,-1.1052712,-0.06914527,-1.0823762,0.93013024,22.21033,0.9649688,-2.1197011,33.924923,-2.8045943,-0.09177041,-0.06288792,0.22998312,-0.5701529,-0.347187,0.55737317,-3.6475718,-0.338595,-0.95268416,1.271541,-3.5235426,13.304164,-0.93868315,-2.366724,2.7957578,0.25879148,0.87491465,0.42931375,2.1591148,8.537983,0.2568085,8.196483
3.596954,0.16297011,-2.4249763,-0.8520899,0.69900376,8.213504,13.078736,-2.0058148,-6.3565564,1.5734297,1.2571468,0.8374171,1.332203,14.262645,-3.216274,0.6941223,-0.29459852,0.17314455,0.33303785,5.1919656,20.715008,-0.07476314,-2.8712773,31.490997,-1.3907341,-0.11667097,0.18200567,-0.076083675,0.8225004,-0.69789976,-0.15960187,-4.238491,3.7942104,0.7131778,1.6943842,-4.7608886,15.21082,-1.2322991,-2.9501288,6.220723,-2.9758334,-1.5839212,0.07136552,1.9667552,4.736889,0.019617883,8.869133
2.4210246,0.24794096,-1.3801873,-0.6802985,-1.2236202,3.329527,11.696794,1.6429495,-7.1201067,3.9999511,0.80759627,0.90985906,1.4437544,15.24075,-4.381176,0.33096078,-0.32846767,1.2839792,0.92270535,7.219709,22.594194,0.6183799,-2.1702836,34.62424,-1.7254394,-0.60460705,-0.124254376,0.20313093,-0.15287338,-0.408279,0.44377613,-2.8436987,5.9886284,0.769519,1.0383757,-4.060084,-3.673484,-1.0200039,-2.1993446,6.273982,-0.27616474,-0.7452317,-0.09922337,3.1914804,9.294742,-0.22608651,8.687495
5.665337,-0.32441524,-1.063065,-0.32506305,-0.9675503,-11.322723,6.983814,-7.551018,-6.5316377,6.756633,1.10057,0.48238385,-0.9627882,-10.613027,-1.4215125,1.0040708,-1.3053676,0.6462093,0.7273921,5.053163,1.7429972,-0.664824,-0.037746064,26.94839,3.5161216,0.017395297,-0.41597724,-0.041534744,0.14936328,-1.8092523,0.21898405,-3.344685,-0.9677351,-0.3280718,1.4549241,-3.091609,8.440196,-1.7867903,-0.9258476,9.523728,0.32191062,-1.0256952,0.114865884,3.2020938,4.269715,-6.7428737,13.623972
2.1006212,-0.21702626,0.24000737,0.66704524,-1.1337893,4.858017,1.2081769,-6.8988423,-9.468016,-0.9643521,-0.7164606,0.011210348,3.6892936,-16.791042,-1.4422512,1.1688049,0.042382002,0.5994789,-0.1302513,0.04383439,-3.6522455,0.42522338,-1.4183276,-19.354298,5.8605723,0.20188168,-0.14258696,-0.08838717,0.10910539,-0.79356694,-0.06989147,-0.2801975,1.9089794,1.6193863,-0.3183517,0.018478863,-7.20981,-0.3467877,-0.71254295,-4.0425963,-0.18141443,-0.6618719,-0.36719093,-3.1866884,-9.792851,-1.1390367,-17.3492
2.0859601,-0.24177593,0.26100162,0.6695604,-1.1277812,4.967492,1.053773,-7.0934176,-9.671635,-0.9595172,-0.70190585,0.007390466,3.681971,-16.830933,-1.4512154,1.1559387,0.041704964,0.6022888,-0.1370557,0.051554743,-3.454043,0.4152481,-1.2782767,-19.355877,5.6564627,0.19600715,-0.14485416,-0.036145657,0.3260378,-0.7860406,-0.07194252,-0.0525882,1.9340842,1.627129,-0.32910836,-0.0016106382,-7.1915145,-0.33694428,-0.72170275,-4.066486,-0.17985903,-1.2511644,-0.3656885,-3.2151704,-9.782968,-1.1433378,-16.890179
-13.42724,0.08603466,-0.37934595,-1.2215642,-0.7316436,-16.25572,-12.19572,6.6524315,21.911526,-4.4751587,0.5951014,-1.0367583,-1.6075499,27.936285,4.3190284,1.1793002,0.09469556,-0.8649525,-0.14369473,-17.001072,13.132266,-0.62210786,7.153631,24.23616,-4.0272813,-0.5935957,0.13145155,0.0012629738,-1.0516921,2.6129727,-0.9993307,3.0099645,-0.60840625,1.6052299,-15.332688,-1.4009316,3.1217024,1.2726303,-4.5829506,8.669899,-1.3326489,4.5626817,-10.784038,1.128399,8.3248005,-0.4444442,14.82933
-0.86656976,0.120190285,-0.5611053,-1.3096209,0.7202398,-7.1444893,8.338056,1.8322399,-4.1179967,-1.6777402,1.0205106,0.8386238,4.7521772,31.411701,-5.5653486,-0.6058899,-0.92374563,-0.21267727,-0.4498956,0.5390959,19.481293,-0.41905662,-2.3092222,27.084766,-3.1138587,0.15447524,2.0895753,-0.04599354,-0.17691322,-0.45450684,0.5265686,-1.1997107,-0.8400734,-4.4708705,1.5802664,-3.647969,16.819708,-0.5016506,-0.2779636,3.2201185,-2.6394944,-0.75717574,0.73443055,1.8351688,10.422375,0.54525375,19.347654
-1.2994378,0.081368454,-1.053915,-1.3801004,-0.12809487,-7.9468894,9.094497,1.2257198,-4.923011,-1.6700112,0.77972245,0.69034,3.1135755,31.929605,-6.6868997,-0.23420304,-1.1760647,-0.029116726,-0.3765442,-0.66049236,21.299158,0.08103503,-2.982343,27.831953,-3.0258508,-0.35081384,2.0572088,-0.13806191,-0.16378376,-1.01829,0.39240924,-1.1913182,-0.79789144,-3.5589108,1.3894025,-4.4915056,14.645092,-1.2276983,-0.7500484,2.7358918,-3.0335014,-0.206506,0.7161893,1.7749928,9.880798,0.2952036,18.170351
3.1251378,0.0281161,-0.99069554,-1.0724865,1.2237426,-7.9444394,8.846597,3.5405931,-4.566077,1.6989627,0.7333598,0.36683163,5.447884,27.94183,-9.239945,-0.35442233,-1.1389308,0.11833548,-0.28436306,0.0328641,22.794489,-0.17493604,-1.5448923,27.758095,-2.2756333,-0.33456978,2.3651369,-0.11216809,-0.17228638,-0.647738,0.5468715,-1.8762995,-0.48501295,-4.0989103,1.3216523,-2.1766121,14.110319,-0.97990584,-3.1866376,2.868083,-1.8559598,0.43590373,0.59016216,1.5078694,7.9329753,0.00921015,19.399233
-0.9631612,0.07971609,-1.5308311,-1.985464,0.28359082,2.4283698,13.357663,2.806409,-5.25073,1.5467567,0.57264537,0.41179138,2.3790867,26.243635,-5.6862774,0.07664369,-0.62858564,-0.10422298,-1.7303106,1.7460134,21.647951,-0.3826102,-2.0919414,32.97725,-3.2119222,-0.14304996,1.464756,-0.121873364,-0.32460237,-1.694855,-0.14633979,-1.3491817,-0.3050328,-6.4803796,1.3968421,-3.12781,12.905277,0.49001,-2.3467312,3.125203,-2.3766408,-0.24682374,0.564614,1.8617821,8.126467,0.42817563,19.491627
-0.6792895,-0.340415,-0.9880091,-1.4575446,-0.057161413,-4.328348,13.256673,3.2354941,-6.182631,1.746618,0.44980803,0.42980975,5.3720865,25.205431,-5.2210655,1.2871196,-1.064311,-0.084915705,-1.629236,0.039901365,21.424587,-0.27817756,-2.0612557,29.378546,-3.0790515,-0.12060266,2.3207412,-0.020995373,-0.18947245,-0.8283434,0.10313941,-1.0984014,3.3496644,-4.101392,1.344106,-1.9909803,13.033878,-0.56938106,-2.6763225,4.556699,-0.12041013,0.02259032,0.21755014,1.784854,8.543161,0.47262704,17.277748
-0.15329549,-0.0022337178,-0.9338743,-1.5813392,0.0377153,-5.783275,10.765279,0.38214764,-4.4346952,-0.99542534,0.74415773,0.94760966,4.415657,24.269485,-7.2071986,-0.01627063,-0.087254256,0.015824158,0.07447966,-0.44962752,21.511189,0.03426171,-2.8094957,27.822186,-3.401812,0.11640653,1.0762391,0.20886715,-0.028987458,-0.54236144,0.10028316,-0.9587815,6.831653,-3.9651604,2.7274594,-3.5722373,14.046934,0.42311907,1.1867471,4.8198214,0.1192017,3.1399298,0.51807725,1.7735903,8.856346,0.7576561,8.872966
-0.39611575,-0.03860569,-0.18018356,-1.7397983,-0.12407352,-8.720232,9.53359,4.537197,-5.087669,2.2067568,0.40439495,-1.1303041,3.041704,26.355259,-5.83687,-1.0059236,-0.7955958,0.09477982,-1.4194264,-0.6705503,21.131723,-0.55158824,-1.9059354,23.751951,-4.6088896,-0.0780107,0.81397206,-0.08490495,0.07982958,-0.8167488,0.25279003,-1.3165156,-0.5853362,-5.7150474,1.5627673,-3.9747405,11.656711,1.1136646,0.22408557,3.4080124,-1.8475696,0.5053753,0.37356523,1.8153503,9.330557,0.49732846,11.720472
5.063743,0.28011367,-0.44058532,-0.696017,0.10355466,-7.8147073,1.805169,6.4963064,-4.9795847,5.5107594,1.1775172,1.3649898,0.9476787,21.401518,-5.170579,2.3502653,-1.3063579,1.4096047,0.50033265,2.2493937,24.932293,0.6991684,-1.533124,26.50337,-2.6122198,0.3582586,1.2944127,-0.4535071,0.9247463,0.13698222,0.48424873,-2.4273589,8.550875,0.6991807,2.6233876,-2.386299,-2.850772,-0.37661207,-0.017225752,3.1597397,-0.05021786,0.3049561,0.9966965,5.033541,5.7343125,0.42741588,9.158692
1.1165867,-0.13197596,-1.0614456,0.3080243,-0.7287845,3.0553367,-1.1177211,-7.38437,-6.723028,-0.83443683,-0.35569236,-0.014814191,2.6738276,-13.0896845,-2.0248694,0.096673205,0.25166845,0.30847728,0.037172284,-0.20527449,-0.5192173,0.92711276,-1.7234001,-19.36693,2.1225514,0.05822767,-0.55029505,-0.06075738,-0.17424619,-0.25681975,0.26385546,-0.8157052,2.3151207,-1.7015649,-0.5706782,0.05128949,-7.258214,-0.21137106,-1.1719259,-3.7921698,-0.46610847,-0.96699196,-0.4708981,-2.0354884,-7.6492896,-1.4019803,-12.893954
1.1059575,-0.3244416,0.22928107,0.50077456,-1.0709517,4.3964972,0.1892671,-7.1822424,-7.0539837,-0.85920584,-0.5027819,0.08710241,2.8441217,-12.976066,-1.6316139,0.13209562,0.012574573,0.5816921,0.06402066,-0.29863018,-3.3222709,0.4735607,-1.4459097,-18.570362,4.140725,0.25317472,-0.3844688,-0.024518022,-0.0570849,-0.6946318,0.20183977,-0.59265906,2.2448664,-0.56621414,-0.7237005,-0.19872367,-7.2080426,-0.30084026,-0.8703106,-4.1963563,-0.25359455,-1.3814632,-0.35291767,-2.9713569,-7.850107,-1.0469489,-16.571623
2.1209059,-0.22283623,0.2967902,1.2748744,-1.142873,5.0859733,2.165357,-6.845383,-10.001418,-0.844397,-1.1024493,0.0307507,3.4348185,-17.590769,-1.4164779,1.3091582,0.105687454,0.6158083,-0.18893582,0.4242688,-4.743452,0.403043,-1.2608198,-19.10354,5.2962837,0.21704495,0.32693082,-0.030670555,0.18932322,-0.93947554,-0.16131973,0.09606218,2.2332878,1.9355336,-0.10130224,0.03923263,-7.6807823,-0.38682058,-0.899522,-3.8046625,-0.30271187,-0.7133863,-0.4092322,-3.6374989,-10.393507,-1.1627041,-16.564077
1.0229778,-0.27823976,0.23582582,0.62997854,-1.1447698,5.21565,2.9987013,-6.6835585,-10.025965,-0.76338124,-1.0006845,0.09356921,3.6925075,-16.753515,-1.6941239,1.1492286,0.09726291,0.5943222,-0.12362076,0.037177306,-4.532557,0.48347443,-1.1953732,-19.382435,4.784367,0.22255254,-0.1823884,0.048172884,0.33069196,-0.9462196,-0.16198845,0.16710475,2.122274,1.7012033,-0.4127688,0.0109722065,-8.14153,-0.3180208,-1.0526315,-4.522529,-0.19440289,-0.6271014,-0.40870404,-3.212984,-7.575488,-1.1408026,-17.054224
1.1203473,-0.23656793,0.46519256,0.18426017,-1.055317,3.8380284,0.49857765,-7.2206755,-7.640877,-0.6791726,-0.9075133,0.032770358,2.8309238,-13.94239,-1.7595407,-0.03401624,0.022110911,0.5657664,0.042597573,-0.07995582,-3.0772274,0.7332981,-1.6338857,-18.968872,4.626905,-0.043565284,-0.34303838,-0.052208442,0.0152582815,-0.7593341,-0.053349905,0.40059853,2.4287004,-0.630241,-0.48233065,-0.20659815,-7.023004,-0.2747498,-1.1394392,-3.9206543,-0.26127666,-1.282102,-0.44609478,-3.0534675,-8.065023,-1.1000186,-15.329771
0.89566946,-0.47466385,-0.72378224,0.9569205,-1.0494037,-0.5705747,-0.5710182,-6.832359,-7.7938976,-0.89591146,-0.49025834,0.10255646,3.580221,-16.94254,3.558401,-0.011848738,0.22264627,0.6081305,0.14225632,-0.41790724,-3.1779776,0.52898836,-1.9851309,-19.63967,3.2794962,0.23014449,-0.34937513,-0.003633362,0.1428238,-0.7467437,-0.053597,-0.6793153,2.8551192,1.7818522,-0.587389,0.6540426,-7.1957407,-0.16600563,-1.4868199,-3.849025,-0.44834512,-1.0142416,-0.3154981,-1.9285979,-7.710026,-1.0813152,-14.514671
0.85911196,-0.42679152,0.29895705,0.8435074,-1.3362796,0.29979748,-1.7272615,-6.971837,-6.9053383,-0.8819951,-0.6709412,-0.056287,2.3077455,-13.145133,3.0292947,0.015864935,-0.04424319,0.34264064,-0.40613043,-0.3576085,0.095023915,0.44925204,-1.944909,-18.595564,2.884506,0.037370242,-0.47996965,0.0068385,-0.019965924,-0.6871049,-0.029910443,0.20761003,2.699108,-1.0084996,-1.6720046,-0.29421833,-7.458461,-0.20715798,-1.4382582,-3.476762,-0.5074862,-1.0846386,-0.514963,-2.3366745,-8.274251,-0.986484,-14.711332
2.1089475,-0.15168032,-0.19983062,0.15316187,-0.96085507,3.5665452,-0.21046594,-7.482805,-8.006875,-0.59710366,-0.36781156,0.2523198,4.2419667,-17.040028,-1.6886008,1.0014821,0.04937509,0.49762917,-0.30269414,-0.78325975,-2.9207764,0.8831522,-1.8548787,-18.950502,5.5982842,0.29240876,-0.30316827,-0.033781584,-0.13497493,-0.3472849,0.1407659,-0.71865803,2.047405,7.0209193,-0.20443447,-0.38696718,-6.8112226,-0.16851181,-1.1702048,-7.663415,-0.40641528,-1.4493928,-0.75186586,-2.4011376,-10.154332,-1.0687493,-15.160383
2.0319977,-0.16246295,0.51214004,2.024445,-1.2324134,5.7410007,3.566961,-7.2820354,-10.985069,-0.6641249,-1.2793694,0.17312239,2.7821848,-17.308058,-1.43247,1.1575247,0.07882173,0.60291654,-0.13016218,0.043219056,-4.8171315,0.5449962,-1.1474869,-19.90174,5.485093,0.2361889,-0.27315423,-0.056940638,0.35989958,-0.7340416,-0.091467425,-0.42660898,1.7096142,1.6866937,-0.23816787,0.06508878,-8.609564,-0.30268896,-1.1227611,-4.202875,-0.30319515,-0.3639825,-0.38945317,-3.2704363,-9.761245,-1.1546748,-16.69529
1.9810461,-0.24912234,0.43986017,1.2668303,-1.127067,5.088183,2.109835,-6.9130363,-9.949104,-1.0284476,-0.9151706,0.075227536,3.4425776,-17.571192,-1.4074167,1.2516382,0.099037714,0.59369457,-0.13671155,0.31259704,-4.817132,0.4761446,-1.2780699,-19.118137,5.582878,0.23322234,-0.18150815,-0.008034702,0.19133139,-0.7577586,-0.07018394,-0.30903342,2.0497699,1.8450792,-0.1669906,0.048375152,-7.7972674,-0.32750294,-0.7774658,-3.8238933,-0.37478778,-0.69903153,-0.36517447,-3.1777825,-9.929032,-1.1415894,-16.732141
1.3453594,-0.13158195,-1.0986713,0.30709583,-0.9025893,3.5844252,-2.1507406,-6.839268,-5.916501,-0.8162587,-0.3948585,0.18919936,2.6464493,-12.838014,-2.4954174,0.15520395,0.28731963,0.282252,-0.0040244027,-0.24674265,-0.40984833,0.80319464,-1.9059912,-19.39027,-0.52383244,-0.0028252834,-0.3976246,-0.05469469,-0.18896809,-0.02372125,0.22738688,-0.83335364,2.2194586,-1.6862322,-0.5933948,-0.08244291,-7.290575,-0.19205262,-1.2226452,-3.7137132,-0.4538928,-0.9539135,-0.48936346,-1.9757675,-4.6544647,-1.4006499,-13.913531
3.4654472,-1.7690424,-1.6243352,-1.7989824,-0.028950686,2.632722,12.166507,8.929388,-5.0684557,-1.7178948,0.4698998,0.7821266,0.51621825,28.986969,5.242426,-0.24932225,-0.24055712,-0.41825187,-1.8380867,2.1178224,0.64300025,-0.20006716,-1.7368087,38.29409,-3.6326425,-0.63831955,0.0946306,-0.06445082,0.65142006,-1.9010109,-0.26375884,-1.7501968,-1.022325,10.156766,1.5722656,5.932021,19.45484,-1.5809467,-1.7624708,5.9057555,0.45016757,2.430835,0.6332016,3.9369993,12.12879,0.2643613,25.020214
3.2291899,-0.098077975,-1.1563934,-1.1927285,-0.20472863,12.708491,11.148756,5.201652,-4.327997,-0.6610143,0.7143536,-0.17820029,-0.702421,25.525543,5.235981,-0.08832641,-0.6945538,-0.05453086,-0.62236995,4.44901,-0.3378806,0.051042203,-2.5201697,31.013212,-2.8223238,-0.6178919,0.072254494,-0.06945583,1.4516191,-0.8536488,-0.33436793,-2.0441976,-2.3618805,8.9518175,0.34216836,4.2772927,18.417538,-1.6925467,2.6290202,6.2276926,-1.097779,0.3371113,0.38201356,4.671042,12.4429655,0.1407092,28.866472
2.5057862,-0.30608,-0.77182776,-0.5861781,-0.9399418,11.767598,14.888283,4.259731,-3.38934,0.2531179,0.8426151,0.35028684,-0.76589,20.260416,-2.0417678,-0.40637082,-1.0332597,-0.11254946,0.72344196,6.767844,0.043287657,0.27045202,-2.3698046,25.900072,-3.3116074,-0.33089,-0.019129824,-0.13727583,1.7914155,-0.9910162,-0.35770142,-2.4673681,-1.0320375,10.080719,1.5174611,4.19289,17.486843,-0.51605433,5.890357,7.2143016,-0.73748,-1.0700637,0.43185484,5.117392,8.257046,0.21032485,29.49076
3.4460683,-0.28378293,-2.1001618,-1.1669551,0.17354375,10.340324,10.116975,3.812379,-4.1991224,-0.7622847,0.99350387,0.088361464,0.28427804,36.00511,-0.5789768,0.30707696,-0.5621001,-0.42112303,-2.3315227,3.2281208,-0.67140335,0.08034522,-1.8848915,32.58924,-3.7063398,-0.6729737,0.11247826,-0.068201855,1.4576118,-1.637578,-0.6728648,-1.7228972,-0.96522003,2.2060328,0.46884936,4.442647,16.324085,-0.85172063,1.2482268,4.041721,0.62864393,-0.0615706,0.5838408,3.2568474,11.8063755,0.18647973,27.354948
3.608338,-0.5884848,-2.3073983,-0.5304966,-0.12692878,12.354524,10.840368,5.3763776,-2.5051706,0.121697806,1.1981931,0.07628319,-1.0095891,32.855156,5.012837,0.57075375,-0.42084864,-0.40472078,-1.1640298,2.3987858,-0.0077978326,0.6168342,-2.6478202,30.27473,-4.0760803,-1.0035508,0.0781398,-0.09568752,0.81467825,-1.5816914,-0.46818367,-1.6226463,-1.1150699,1.1062502,1.3768169,4.2133937,18.956554,-0.840536,4.759045,3.73656,0.4489601,-0.8970521,0.48846573,3.540676,13.796558,0.1754316,28.377724
2.9702668,-0.43767843,-1.0994391,-3.073088,0.3361664,12.540675,11.543188,4.119139,-3.3566935,-0.15758304,0.9193713,-1.1078767,-0.42222187,28.255028,6.0120034,-0.19975296,-0.40388522,-0.32697678,-0.64213127,4.0903153,20.20358,0.7886011,6.6478167,32.90035,-4.0342927,-0.8905316,0.082918845,-0.023983894,0.50056887,-1.239123,-0.3309258,-0.3034283,-1.1502552,-0.15166892,0.69247,2.592018,16.146183,-0.562426,4.3050876,4.234346,-0.10119838,1.3327954,0.33976933,1.991307,11.101028,0.24966964,17.875048
0.73555076,-0.49902803,-0.99415576,-3.5644538,0.44596258,3.504193,4.6924667,17.596973,14.278898,-0.2385715,0.7706088,-0.607267,-0.28111982,26.480799,9.142333,1.4287633,2.8869107,-0.42349607,0.09281547,0.2284418,20.00724,3.5397775,12.255862,50.224224,1.2964935,-0.448152,0.15716703,0.27774686,-0.5629105,5.3196683,-1.0932992,5.9031963,-0.2254413,9.964993,1.9490899,-0.81234896,23.003563,3.165586,2.7844217,10.191356,-0.68147105,-1.2753422,2.9525082,2.1463711,11.660049,0.35149145,22.736877
2.9891257,-0.30717915,-0.97869295,-1.0039823,1.1326756,-3.3024151,-1.3134004,36.814903,31.40207,-1.4081931,0.53222656,-0.64611727,1.6980497,37.279892,14.003938,1.7764219,0.67166114,-0.8844878,-0.88186574,-0.66668195,16.669495,0.6191274,5.398199,50.19081,-3.6508045,-0.50389624,0.6958922,0.16842501,-0.3741527,4.4631863,-0.68722475,2.821669,-0.94985634,0.32436264,2.1260614,0.28455645,24.160702,2.6062937,2.304771,6.0666294,-1.6651607,1.4481646,1.324711,1.1497117,7.63459,0.20032431,21.032312
5.929636,-0.2792972,-1.8136386,-3.1493747,0.44629663,1.9834216,9.430933,14.30771,14.216377,-0.46774486,0.72895014,-0.82758904,-2.3995101,24.098545,7.01438,1.6091208,3.0642083,-0.41469562,-0.22530892,0.25290596,20.010048,0.50203985,7.4662366,48.701828,2.2640734,-0.42206392,0.12862808,-0.008073502,-0.43470466,6.0713196,-1.0002203,3.593597,-0.32932806,10.735661,0.48543155,-1.3536193,19.203611,2.5434315,3.482466,5.6529117,-2.3043928,-0.941497,2.8851762,1.3557272,12.632982,0.38383234,21.308653
2.947083,0.0060190577,-1.8079351,-2.5233197,0.07050477,9.734653,12.281941,13.214136,12.7794075,3.3585653,0.7555046,0.6728343,-2.576793,26.508286,3.8940706,1.460902,1.2653788,-0.32508275,0.2194855,-0.43535963,22.498623,0.13303773,10.255654,41.122204,15.363998,-0.1458904,0.27080166,-0.014544863,-0.99467397,8.186184,0.16218092,-0.17789392,0.38945675,13.165202,1.5707775,3.9945028,16.98215,2.2227404,2.4009523,5.75469,-0.55469453,-6.399208,3.7442224,4.4181867,12.904979,1.6680843,20.224745
6.113714,-0.584793,-1.9142716,-3.365422,0.81480795,3.1126802,9.403075,17.154165,11.193861,2.493056,0.84715176,-0.7419199,-4.479502,32.608814,8.890897,-0.1886684,0.5942109,-0.5455108,-0.16970575,0.3936744,19.419552,0.84210354,12.158707,47.911808,4.0259314,-0.33800235,0.10080361,0.3244144,-0.21184316,4.5680933,-0.8025127,5.6831055,-0.45256895,3.5927763,1.8950089,4.534077,20.972351,2.7138877,2.578233,3.2637146,-0.863542,-1.777939,2.7950823,0.8220511,13.297999,0.4963905,21.082563
-0.26497552,-0.66799116,-0.6585584,-1.2561495,1.4880546,-2.7393606,-0.22498263,36.11408,36.02395,-0.5401902,0.7357718,-0.88029784,0.4996977,38.08357,13.640044,1.232892,0.98966277,-0.6056667,-1.284955,2.1075602,19.215221,-0.97790956,5.4092994,53.84186,-1.0021933,-0.5351926,0.59390414,0.09458971,-0.33503428,3.6140785,-0.7832228,3.7394714,-0.9159008,1.1647863,3.414377,0.2925964,21.469042,2.7992747,10.361511,6.93702,-0.6283088,-2.316179,-0.67236555,0.008517822,7.626549,0.28086856,22.73981
2.224337,-1.1407865,-0.9073226,-1.476298,0.61743104,-0.955101,1.2760203,35.72765,28.67126,-0.6725301,0.53238064,-0.9111232,0.22276457,38.39822,11.020937,2.1165383,0.18643233,-0.70075226,-0.7361937,1.8491665,19.253143,-1.9735588,5.9453197,49.845615,-0.7515395,-0.48990622,0.22142023,-0.060299747,0.01713832,2.2682216,-0.6727115,2.4417684,-1.0088236,1.1004153,3.3378782,-1.1523088,21.906078,2.6687286,9.565463,7.9143734,0.22354072,-0.97088635,-2.2638521,-0.31784266,7.158933,-0.54663956,21.912561
4.656949,0.24982885,-2.14871,-3.3969882,0.4238663,-6.700381,7.4601126,21.538952,11.592381,2.728016,1.2750912,0.051859222,0.36328647,35.516872,9.154217,1.4828429,1.577102,-0.058026735,-0.4335946,0.47014362,21.543875,3.7385502,11.657892,39.411076,10.094981,-0.6301933,0.20319007,-0.008099814,-0.56544423,7.243224,0.029779557,-0.75562596,-1.6177241,3.9092486,2.5363567,4.3957,20.153458,2.8928359,3.155616,4.095925,1.0155249,-1.1164614,3.4921033,0.98166037,11.826961,0.9755174,23.945837
6.0610957,0.2317872,-2.608441,-3.1864405,0.45143324,-16.023945,1.6342537,19.598995,6.457528,3.0022924,-4.4014726,0.26069003,0.9970269,33.86119,-4.800029,-2.4231553,-0.5062712,0.10795669,0.3931407,-0.91475797,21.540735,0.19224782,8.01281,33.097687,9.836509,-0.3170386,1.5705944,0.22372003,-1.3447088,7.5394,-2.685139,-1.0641232,-2.2792907,-1.5427625,2.6120124,6.0245385,14.662713,1.0613608,3.2845836,5.199593,1.5462509,-0.3786384,2.0487769,1.817741,12.393833,0.674424,21.554314
-0.33161733,-0.8502609,-0.037724093,-3.2895453,-0.43100455,-7.3774643,-2.381549,42.408127,36.617855,2.5548036,0.6693176,-1.060635,5.285676,41.229465,14.747812,1.9192618,0.49309468,-1.3098377,-0.30661577,-1.8539091,17.14497,-4.183731,1.8344145,50.778316,-6.8867254,-0.6316796,0.5376503,0.272338,-1.0170015,5.081332,-0.75712734,-0.73446625,-0.92395705,-2.920962,0.91159666,0.77041006,20.889112,1.560356,1.2616619,13.620486,-1.115442,3.5867064,-0.34760082,-1.2142965,17.975744,-0.9969458,21.979631
3.4581866,-0.36419803,-0.8205301,-1.4403026,-0.094935104,12.590237,11.415488,6.400423,-3.9454696,-0.80208844,0.72239697,-0.032396335,-1.3248957,25.614864,5.0571856,-0.2992279,-0.63052803,-0.09796614,-0.57626545,4.5695267,-0.0024335035,-0.010098211,-1.8336092,30.5663,-2.8422956,-0.37199715,0.04853607,-0.07576659,1.0404353,-1.2625602,-0.2869681,-1.7872806,-2.227605,8.392052,1.340181,4.359219,18.081718,-1.3373832,2.4411132,5.685577,0.1405718,-1.2388107,0.62490153,4.8026767,13.030087,0.22801243,26.849995
2.8973863,0.22193941,-1.7016209,-3.3769853,0.5173218,4.877241,7.9568763,9.417482,-2.6575582,-1.0921713,0.5341457,-1.1415738,0.5394039,30.876474,6.3090405,-0.382863,-0.52200574,-0.20106553,-1.0463623,0.16135532,21.3212,0.8464693,-0.141186,37.79661,-4.592114,-0.32822195,0.037139107,-0.48173484,0.44594914,-1.7487049,0.108959846,-0.76960886,-1.3336008,0.15742792,0.34770998,3.2964709,15.939457,-0.46227834,3.1659842,3.2216933,-0.13427396,3.6626647,0.17617097,2.0757482,9.568808,0.20997907,19.061802
7.4271483,-0.14539403,-0.000336021,5.901726,1.5131077,19.73985,76.9181,-4.26526,-1.1881025,1.058591,1.0790658,0.71410984,-2.792235,-7.5930963,-1.6475642,1.8095846,-0.023457767,1.0812987,0.6357622,4.7659082,4.775502,1.6079274,0.031701557,30.316994,0.6577729,0.23278195,0.49984053,1.012011,2.2912042,-1.0873497,1.3871958,-0.6216807,6.9426637,18.337788,0.9350942,2.6004186,-5.7685776,-0.17124736,4.2679615,18.908262,-1.1461836,6.976556,-0.6180524,6.212671,3.3669438,-0.024779579,15.965556
7.4641294,-0.2898026,0.2506047,7.121908,1.1873939,21.376238,70.28342,-5.092441,-1.3916645,1.0775478,0.7144851,0.54656196,7.8683844,-9.3408985,-1.5989723,2.2985945,-0.21052006,-0.00034693064,0.11372519,2.975216,4.241677,0.31307968,0.35926422,31.453379,-2.0791945,0.0512626,0.6181146,1.0753615,2.58446,-0.6028488,0.6836572,-0.8470514,4.8199863,17.312641,0.5530619,-4.5422797,-5.752762,-0.4203972,7.679298,19.32899,-1.3379604,6.4961796,-1.0396603,6.121926,5.441438,-0.011734639,11.723391
8.077796,-0.15242532,-0.39784032,5.8402853,0.8446789,22.331398,74.226685,-3.9090347,-1.9064684,0.449778,0.67822266,0.13166118,8.071332,-8.930604,-1.4291368,1.5004711,-0.17154951,0.04761661,1.3711282,3.6834033,4.436334,0.09165529,-0.05458651,32.14633,0.59436274,0.20260812,0.7826704,1.0239755,1.7851243,-0.62532026,0.85852474,-1.2142391,4.6344066,23.403946,-0.15534696,2.271268,-5.953588,-0.8532357,3.0191581,22.78683,-1.1483557,4.869734,-0.7901976,6.0318317,3.0978494,-0.035693556,11.418447
4.0912967,0.48913157,0.11297537,3.366534,1.9057825,31.981703,82.1811,-3.2584343,5.5969954,0.5332091,1.5373584,-0.27257603,6.9918795,-10.205102,-0.101619646,0.8089806,-0.05479896,0.36256942,0.07434949,3.6465664,4.5218544,0.033167608,-1.141401,-9.77648,15.751064,0.4403876,0.7302735,1.2285395,1.1522267,-0.60778517,0.84322476,1.0624677,4.126832,21.56325,2.0610845,-1.8129054,-5.0338,-0.54079413,-0.52707845,23.07676,-1.0709852,5.65953,0.63149315,9.298792,0.53457785,-0.16444221,21.23074
5.146514,-0.12424113,0.14076744,3.868428,2.0903184,30.755144,84.299324,-2.875406,5.771593,0.49244952,1.5584025,-0.26547453,6.2249684,-8.333387,-0.36515355,-0.43756765,-0.1275974,0.08806396,-0.07715455,1.638071,4.3663163,-0.6909364,-1.5838697,-10.128126,13.868262,0.27761725,0.70888186,1.1807579,1.0556276,-0.81506586,0.83704597,0.31695858,6.3899913,20.538597,5.763414,1.5556905,-4.959062,-0.51736903,-0.8258718,23.515966,-0.9794925,4.764778,0.66857934,9.272229,-0.025251586,-0.14938778,18.994446
4.691038,-0.08781529,0.96798193,3.1364684,1.3190367,31.637001,84.19863,-2.2926369,2.8223577,-0.27188608,1.5087003,0.009999849,3.4417288,-9.958196,-0.6373558,0.1344267,0.16256244,0.65875405,-0.24667019,2.203499,4.1121836,-0.8102831,-1.2219735,-8.345892,13.864557,0.15554559,0.19208448,1.2680688,1.420858,-0.9536837,1.3155565,0.51824695,4.4821677,22.953114,6.15086,1.6185044,-4.85746,-0.29890546,-1.0708616,25.307547,-0.6696401,6.158477,0.311735,8.385023,1.2544225,-0.3140336,18.664276
8.47288,-0.10104281,0.78400904,5.5404024,1.0997932,22.903704,76.2438,-4.1477556,-4.8517685,0.47438207,0.8938715,0.23566619,8.27229,-9.52654,-1.7475656,1.9228823,-0.94872814,0.79627645,0.5414814,3.1974866,4.310205,0.2544427,-0.17240055,29.51587,8.4957905,0.1821509,0.21816926,1.0863941,0.8760297,-1.0195858,1.318859,-0.45040116,6.6738706,20.258204,5.5317907,2.3833847,-4.992051,-0.25710222,1.9916513,23.13267,-0.7699446,6.9952064,-0.6871678,6.6884427,-0.65613854,-0.016467242,5.3367085
2.598641,-0.3182737,0.45355585,0.40775973,1.1457679,22.678003,80.38782,-4.1768856,-3.834309,0.45556888,0.81651306,0.27612963,8.621943,-8.274102,-1.2005132,3.0116384,-0.7063232,0.38306978,0.6843714,2.9142194,2.5476632,-0.036168773,-0.7352861,32.542027,10.883358,0.03968817,0.31752515,1.2709302,0.5217486,-1.2014036,2.1376834,-0.71844715,3.0289574,26.42987,6.1263456,2.0613627,-4.7755795,-1.5256352,-1.7287717,23.928482,-0.23733097,6.6856914,0.70404947,5.8471074,-1.0702853,-0.20217398,2.9177651
1.9595017,0.15736894,0.3972134,2.5084202,-0.3242991,7.020752,1.9712934,-6.0302935,-11.646092,0.10390995,-2.1961443,0.00015351229,3.2297318,-18.371801,-1.2503028,0.778784,-1.7068298,0.024720313,0.16577601,1.6953473,-4.660503,-0.942527,-0.4988988,-19.544603,5.2327075,0.1886119,1.0863128,-0.0086272145,0.21035571,-0.9614544,-0.09083186,-1.083485,1.4125217,5.568318,0.6830453,0.30589172,-8.619431,-0.3509212,-1.176618,-7.4023237,1.9455122,-0.27968025,-0.5444992,-4.212017,-9.386587,-1.1453917,-18.290152
2.160845,0.03430877,0.1975874,2.091225,-1.1216465,7.160095,2.341099,-7.0708547,-10.271995,-0.10894288,-1.1204562,0.16613951,3.158694,-17.74566,-1.139134,1.0799181,0.06201558,0.39874482,-0.078088485,1.5005051,-4.531554,0.1049299,-0.9751718,-19.61781,5.559832,0.24339928,0.7879695,-0.059187647,-0.13431291,-0.32602808,-0.06408033,-0.13069887,1.7262689,1.4591746,-0.09019616,0.19874643,-8.758817,-0.5349736,-0.74409574,-4.5695896,0.2513797,-1.0151086,-0.3595586,-3.3126254,-9.302544,-0.98845077,-18.994438
1.254031,-0.28670377,0.20899336,1.6954051,-1.2375375,7.169869,2.9148889,-6.8693347,-10.147024,-0.102757946,-1.0157932,0.16977508,3.341131,-16.61643,-1.3802912,1.0802726,0.0620931,0.57240134,-0.07582463,0.7848198,-4.744331,0.0011531048,-1.1953261,-19.456236,4.7214046,0.25268435,0.5812556,-0.22231823,-0.14159843,-0.396287,-0.15891425,-1.5369085,1.886385,0.55633897,0.03606107,0.004770941,-8.2317505,-0.51519644,-1.1854371,-4.4317265,-0.14481546,-1.0997268,-0.42220816,-3.2994177,-6.9755406,-0.9281881,-18.582924
2.0938776,-0.03139782,0.35501805,1.9340833,-1.1587533,6.949843,2.8016803,-6.8921742,-10.917046,-0.10431961,-1.113352,0.10286643,3.1928573,-18.854713,-1.1555564,0.46344906,0.13201639,0.4686632,0.04796304,1.58692,-5.6957746,-0.23325816,-0.83270353,-19.731113,5.528036,0.3035119,0.8466467,-0.018591428,-0.2146151,-0.4479316,-0.14546521,-1.0792612,1.6061038,1.5405796,1.2814173,0.09538238,-8.444044,-0.29883835,-1.1662905,-4.3807592,-0.31252015,-0.18026577,-0.482837,-3.2534926,-9.171613,-1.0213736,-18.321724
2.086554,-0.58684206,0.032282833,0.48717597,-1.2040658,4.5920467,1.1966271,-8.284309,-8.405407,-0.69102454,-0.5495064,0.030315269,3.0194423,-14.037647,-1.4684832,1.0521946,0.019062268,0.52741235,-0.19516364,0.018808993,-3.4989877,0.2905342,-1.4407177,-19.26755,5.835363,0.22893374,-0.16116627,0.13181764,-0.13454881,-0.2768388,0.2246163,-0.9403281,0.041319765,-0.95847976,-0.3350775,0.3059783,-5.301152,-0.33514902,-0.49559745,-3.5697267,-0.21049765,-1.3564174,-0.7785451,-3.1918247,-8.929307,-1.0658965,-16.416208
-0.8087022,-0.56595665,-0.28435004,-0.41856173,-0.45119593,-8.719379,-6.429025,-0.78716594,-4.392246,-1.3804395,0.8078959,-0.41959473,-1.7924812,26.906767,1.0076792,-0.7895215,0.8854395,-0.12339305,0.7822398,0.18548909,18.366234,-0.22741102,-1.5462723,25.45427,-2.1712346,0.25006682,0.21489014,-0.009688491,1.1157943,-1.6922268,-0.32064587,-0.9999844,-1.2588699,-4.9997706,1.9646468,-0.03741157,15.367591,-0.8470993,-0.54736567,2.979674,-2.0791638,1.9642785,0.45656997,1.694743,7.314566,0.17695007,11.602456
-0.83808655,0.2954459,1.2922188,3.3014243,0.66048396,22.197649,1.5098011,-4.6301575,7.7802043,0.40766346,1.6525565,1.3503896,-0.09615273,5.69309,-1.6502713,-0.19515522,0.08216579,0.3848798,1.651989,6.551174,2.028831,0.6414003,-0.9056573,-7.2977595,20.786732,1.2872733,5.235109,0.5268704,0.16724128,-0.69613355,0.40665075,4.8280015,18.197998,-2.8349936,1.7731862,-0.4624453,-0.5098806,-0.84547365,17.883114,18.7276,0.3182942,-1.6756606,2.0117497,9.869649,13.714472,0.07766362,40.031677
-1.130207,-0.20414749,1.1361073,2.4597988,-0.862692,23.875742,12.291059,-2.8327258,7.662311,0.9456779,1.5307724,1.3904251,1.8713753,-5.9020944,-1.6396809,1.0670682,0.09665242,0.2199386,-0.43841413,3.0375462,1.6139877,0.5259275,-0.8050196,-7.742772,26.65651,1.2119164,4.8538375,0.34156704,1.1008437,-1.0515006,0.12915577,2.0005164,17.488026,-6.027789,0.9770302,-1.1801914,1.7772113,-0.9354241,21.122942,19.031136,-0.26878288,-1.91873,0.9017398,11.795881,18.7068,0.009403642,36.06208
1.4884115,0.19305201,1.1063089,-0.09505367,-0.36299765,21.325495,14.268114,-8.458516,0.16494013,3.6747582,-0.3981935,0.013414575,3.7610981,-14.044232,-0.5338169,0.82674253,0.503141,0.06359986,-0.035782877,3.8191087,0.6300578,0.47257733,-0.29937294,-11.030344,14.787918,0.61169404,7.043564,0.26917607,2.4462326,-0.75625324,-0.021455955,2.2548826,8.194227,3.3859866,-0.55207276,0.97341466,-1.5981586,-0.19456118,12.432329,-2.7329144,-3.3901794,8.494516,0.9075244,-3.0729082,13.198898,-0.3295375,32.400837
3.2802114,0.024847744,4.9993944,-0.28141892,-0.20305891,22.875956,14.166048,-6.972316,3.5875936,3.8577483,0.15850583,-1.4999349,4.344904,-6.503424,-0.33278236,1.472797,0.28373414,1.2140039,-0.5005854,4.265242,7.7207065,0.86493415,-0.5632753,-8.00214,19.70466,0.54891986,-1.5416675,-0.70925444,1.4406649,-0.70335203,-0.14249413,2.1087906,11.557736,-0.55047363,3.637702,-2.5766385,-3.4643993,-0.29194075,18.800482,1.9197942,5.988143,5.1395116,0.6111084,13.634169,3.7913704,-0.12141353,40.16719
3.0203936,-0.46667835,6.0770063,10.380649,-0.46003205,23.690659,13.655698,-6.4794126,5.5777774,3.353828,0.2505771,1.1039039,5.5416746,-7.952746,-0.83795166,1.2106532,0.14969242,1.7819121,-0.438523,4.5466557,8.314846,1.115384,-0.66154826,-10.344262,21.263014,-0.13918072,-0.98141944,-0.14195348,1.5076215,-0.79328084,-0.14828312,2.1184416,10.758912,-0.7455533,6.8286734,0.60945565,-1.341268,0.70929307,15.642863,1.2709758,4.621138,5.9285955,-0.36738783,12.5164585,6.8069024,-0.18781221,43.069782
3.288942,0.54452616,3.0619571,8.791316,2.428178,7.179379,18.907719,9.105554,7.4773464,4.3750806,0.004006724,0.51824,7.40347,-11.309222,-0.48527667,2.9380016,0.46008372,1.7654701,0.83807915,4.3446965,0.58964485,0.057281867,0.5678758,-12.323693,16.10796,0.8115919,8.864486,0.26878563,1.3089126,-0.49591067,0.1213439,3.1291637,15.957694,13.55694,1.9937267,0.29579213,0.3234274,0.1979739,16.808662,-1.8955734,3.770293,11.389731,2.8284914,12.647663,12.328298,0.043768432,9.558759
5.9691095,-0.6586574,4.777477,4.763748,0.5383715,21.226759,18.282352,0.87347275,7.4998083,4.2172537,-0.412365,-0.042115986,5.6372824,-7.898022,-1.2757332,1.9490325,0.19786853,1.0582908,-0.11452355,2.442557,7.5980825,0.04077909,-1.0193552,-10.551287,14.545406,0.28350893,2.7435808,-0.6276329,1.3665113,-0.9048908,-0.17242266,3.3862936,12.094724,-7.2650604,5.7538075,-0.64035213,0.23733358,-0.054936673,20.075584,-0.9623897,12.711764,9.510376,0.00896049,7.7149644,11.865402,-0.8972283,35.04616
1.0439756,-0.55977136,1.1426784,2.797215,1.4489402,18.509521,15.4782295,-4.8408084,3.163911,4.4485183,0.12878256,-0.43959254,5.1704483,-7.788284,-0.4981273,1.4975897,-0.64669067,1.1047028,0.19792546,3.623656,1.3208956,0.09085408,-1.086988,-12.872056,17.796177,0.5601045,3.071834,0.2202903,0.33132458,-1.0061921,-0.10809454,4.829899,24.144571,-7.017535,1.0817962,-0.8308618,2.933225,-0.6494944,11.74466,7.9309783,14.649306,2.979743,0.4431124,7.4708858,10.150768,-0.2442927,26.316366
2.525874,0.23247723,1.7997863,7.254567,2.685055,16.388641,10.472943,-3.0396054,11.268471,4.13932,0.7873198,2.0791981,5.7657175,-10.593647,-0.4063555,1.5421296,-1.0880262,1.1288728,0.7490458,16.5929,-3.6173627,0.11866443,-0.6036569,-12.834621,22.753538,0.6564694,4.4134817,0.15917392,1.3843343,-0.7216517,0.50054073,5.2487984,18.741608,3.516816,0.5289172,0.01742708,-0.60956126,-0.42429516,18.707766,21.426556,15.03852,18.570591,1.1227314,-0.22902097,13.353746,-1.1304395,-5.5747404
3.07788,-0.23689574,-0.8697023,-1.3602443,-0.13361058,11.077673,14.820337,4.7881994,-3.3347318,-1.6088711,1.3418933,0.2333148,-0.965435,24.840052,-1.2937984,-0.16397998,-1.4764272,0.0044965018,0.5137764,-1.9205973,6.3602815,-0.43442133,-2.860078,25.729414,-1.133123,0.2541888,-1.3307903,-0.30930638,3.2715023,-3.7644773,-0.45734748,-2.8761573,-1.4107143,-0.41065252,-2.1404696,-3.139248,-7.8533306,-0.59234697,2.1849763,9.27972,-0.74338824,-3.8074622,-0.015130992,6.1163044,-4.49606,0.08200484,14.678672
2.3162842,-0.4816367,-1.129604,-3.1580384,-1.4134198,9.722562,13.534695,2.32621,-5.007645,-0.9658091,0.33310255,0.07196605,-0.22380118,22.621511,0.042329863,-0.09926378,-1.2735827,-0.15176412,0.23695956,-1.9320303,6.9313993,-0.53576386,-2.1290352,27.466423,-1.3939794,0.19532084,-1.1609644,-0.26081976,1.8309853,-0.94168806,-0.39886078,-2.7835877,-1.5607839,-0.70153797,-2.0667872,-1.4709365,-5.690672,-0.7284132,5.442658,4.89464,0.3619324,-4.009191,-0.2501316,5.989926,7.1923833,0.16416933,14.144065
2.4658492,-0.11602255,-0.8856911,-1.766189,-0.27424547,9.156415,14.241967,1.9002844,-3.1557174,-0.89220786,0.40107524,0.13910171,-0.85619134,26.448578,-2.123556,-0.43696174,-1.4760692,0.012914999,0.55659264,-1.9484218,6.3342805,-0.51317054,-2.144939,26.407274,-1.5071111,0.28913364,-1.0058538,-0.06931216,0.057167284,-0.6908656,-0.10505621,-3.0906954,-1.4332289,-0.36981803,-2.1510549,-1.4797689,-6.1850533,-0.78777164,2.3764324,4.282479,-0.71657205,-3.779172,-0.06818518,5.9784665,7.7196517,0.12114524,14.286593
6.2000985,-1.2206454,-2.176335,-4.1531153,-0.12602137,10.59721,12.306168,6.670498,6.2576184,-0.5518692,0.535202,-0.72818726,-2.3948648,27.030338,5.616478,0.23328207,-0.8332642,-0.7421867,-0.009902202,0.29108822,21.973013,-0.4497974,8.341841,33.74852,-8.390796,-0.16101833,-0.035624765,-0.47146237,0.73292714,-0.91206336,0.104126975,-0.6707501,-0.5138822,-7.8753867,-4.222782,-3.9698315,16.35766,-0.05875611,3.9603682,2.864218,-0.33716232,-2.955641,0.37106118,1.1937121,10.646153,1.325001,20.660843
1.6269553,-0.43492398,-1.194458,-1.7175676,-0.105413005,7.9027414,16.008547,-7.744895,-1.7414179,-0.62143844,0.30261207,0.12653294,-0.8861266,25.37469,-0.48207012,-0.38480356,-1.0721046,-0.008752324,0.1235517,-1.962172,7.225332,-0.41051477,-0.7173704,26.825865,-0.8582923,0.3187035,-0.23490414,-0.08524411,-0.007426149,-0.79040927,-0.12989907,-3.1219447,-1.9764745,-0.31543484,-2.0977266,-1.3932852,-6.1449995,-0.7800605,2.6885583,4.795133,-0.7998468,-4.142142,-0.14246127,5.9758644,13.839837,0.10031791,14.215448
0.86176604,-0.53756106,-1.2865022,-3.5338001,0.27295876,9.308578,10.464329,2.4517407,0.7724035,-0.8054631,0.26159585,-1.2453612,-1.6345713,22.920263,2.6352994,-0.4467783,-0.8884584,-0.23477367,-1.0125355,-1.9053493,20.364113,-0.0113261985,0.70962095,25.38365,-3.9251938,-0.071322575,-0.45713466,-0.1896145,-1.0237305,-1.5535494,-0.52965313,-3.4394183,-1.3469286,-9.724728,-2.0368152,-2.5915246,10.208442,-2.7785597,4.0434747,1.3423972,-0.6159916,-7.988267,-0.15649346,1.7344546,9.262186,0.1326495,12.907038
2.4524038,-0.4841961,-1.730335,-2.2459207,-0.13755143,9.070884,11.517915,0.44091842,-4.090818,-1.014764,0.17174949,0.043394808,-0.82316035,25.840822,-1.2373077,-0.4723623,-1.1538657,-0.08073736,0.27957788,-2.0149713,21.935987,0.09954199,-3.3624113,25.603874,-1.8578643,0.23137808,-1.2221249,-0.06969837,-0.19955246,-0.71641034,-0.26312122,-3.1199076,-1.496697,-0.55337423,-1.0419124,-1.3321626,-5.5036845,-0.6937359,1.6685425,2.700142,0.2899442,-3.8597288,-0.040666554,5.1562357,8.541336,0.08903703,8.546847
1.607998,-1.3352965,-2.3490305,-1.9125181,-0.4416126,0.15436824,4.2545137,0.22112748,-1.1891438,-2.488669,-0.30241597,-1.1243595,2.8719528,17.238045,4.1016855,-0.74384034,-1.7573977,1.7599031,0.5238198,-1.6826932,20.057009,0.37153032,-5.2074404,36.10512,-1.1821995,-0.11171386,-0.2847281,0.023315301,-0.3893206,-0.20191051,0.32174385,-2.99929,-1.4694813,-6.530029,1.3259982,-9.9304695,15.393203,-1.0442713,2.1368551,4.4739795,0.39310634,-5.516765,-1.7266594,0.8167511,10.485694,-0.24964458,11.447555
-3.755954,-0.031319406,-1.5703734,-1.542866,-1.12334,-2.521009,-2.3525789,10.083371,-2.5703328,-1.2312645,0.45665148,-0.8351273,-1.099375,26.850288,5.514706,-0.65090203,0.44562474,-1.5183094,-0.48169437,-0.09290671,22.76215,-0.6993197,-4.566605,33.85822,-7.277507,-0.69108963,0.042356893,-0.48270616,-3.0309043,-1.6855255,-0.6497195,-1.3476908,-1.416631,-11.249653,-0.084577434,-0.3097926,15.87846,-0.54761755,-0.6976937,6.282926,-1.0277804,-2.1407878,-5.1912065,1.8427954,8.6638365,-3.2739031,19.001993
-4.2162385,0.10404202,1.4199144,-0.9620143,0.7490658,-11.952952,-16.978771,4.3256426,-4.432886,-0.83139855,0.593042,-1.0805273,0.44279546,34.279892,4.4489627,-0.43452823,0.78462785,-0.46917272,0.3704091,-0.96353585,1.7390734,-0.68295044,-0.5289685,30.353573,-1.968537,0.3913619,-0.3104505,-0.2659134,0.0742467,-0.17949528,0.5969651,-0.7044749,-0.92484003,-10.404969,0.5194148,-2.2892575,14.824429,2.2574184,1.429676,3.4460917,-2.654479,3.9277937,-0.9255286,2.2284262,9.499944,0.02187307,21.104914
2.678038,-0.87994874,-0.94375634,-1.0918949,-0.41348198,-8.791418,-13.377667,-3.6712818,-20.07717,-1.3041259,0.6735024,-0.6963832,-1.9442627,21.51982,-1.3017979,-0.7293573,-1.6746001,-0.060046356,0.70769125,0.16429022,18.781162,-0.15241992,-1.6418812,26.88407,-0.6280413,0.20392674,0.032835856,-0.18583184,-0.106060185,-1.9875786,0.18464456,-2.3475661,-1.0867109,-5.874498,2.2123585,0.2540111,11.585544,-0.64508826,1.7340409,2.8169878,-1.8131986,-0.49399728,0.45030946,1.5195864,7.40402,0.16416642,10.6771555
1.4494817,-0.13064371,-1.1491503,0.0591692,-0.9916726,2.3333924,-2.6520755,-7.002886,-5.843883,-0.7231037,-0.53136295,0.11782376,0.9528397,-12.881462,-2.4198039,0.06748421,0.24757996,0.13068257,0.00698349,-0.16315913,-0.60581344,0.8409376,-2.038437,-17.812113,-0.35510087,0.0764097,-0.41366854,-0.79073006,-0.17800175,-0.1036959,0.04507732,-0.6725263,1.9593089,-2.2227142,-0.5605105,-0.14433903,-6.4700403,-0.21365249,-1.213855,-2.5274265,-0.4393498,-0.9182106,-0.39780593,-1.9360876,-4.5379596,-1.079207,-12.485699
7.6207156,-0.30207047,0.3596487,5.9285483,1.4225239,17.527866,67.77062,-0.99370784,-6.4055357,0.73878103,0.777048,0.3361979,5.924429,-12.94905,-2.5660863,2.5476308,-0.24626173,0.054521292,0.48638195,1.9414728,4.258149,0.85579664,-2.9923851,32.34891,1.3917247,-0.040293407,0.21294695,0.98178273,-0.14562497,-1.1633071,0.678804,-1.8273593,6.6796975,0.98260766,1.4932624,-1.774918,-8.6343355,-1.2558763,3.0037289,9.798246,-1.526466,9.9062805,-1.4760818,4.7422447,-0.6520857,-0.2083476,13.330669
7.9462867,-0.08801011,-0.31437024,4.6310554,1.1178985,17.977392,79.91486,-3.7123802,-1.5541382,0.2660358,0.96577144,-0.31255153,7.852296,-9.265382,-1.6727115,1.7439907,-0.019991726,0.43677855,0.22434777,2.581776,4.022226,-0.116715215,-0.44260678,27.867666,7.338085,0.32521468,0.26020557,0.08774242,0.94299453,-0.7964905,1.2847655,-0.5154661,6.7442875,20.665945,-0.65009624,2.1050868,-5.7761188,-0.3567372,2.7471251,25.084774,-0.78989774,6.6643744,-0.73078567,6.6763597,-1.280088,-0.10830173,5.9494786
7.641999,-0.77110946,0.14561123,4.5928717,1.0250456,24.621058,80.59148,-4.1849794,-2.4033215,0.55422163,0.7782581,0.09542645,7.9361553,-9.351301,-1.9048983,1.6975827,0.034330033,0.4969114,0.31449562,2.443396,4.2816024,-0.19710974,-0.06585143,32.259434,0.21186157,0.33217764,0.25523844,1.0787715,1.0086005,-0.7151144,1.2924218,-0.41697752,6.995288,20.312054,-0.11678373,2.2629235,-6.3457403,-0.24691032,2.0673704,24.460495,-0.79198366,6.695252,-0.72905856,6.6411185,2.7575495,-0.09100055,5.5019784
8.3999405,-0.38863897,0.51339865,4.039958,0.99304837,23.445677,83.92712,-3.890902,-1.4135259,0.8691101,0.959507,-0.29948545,8.025554,-8.102698,-1.6913826,1.6972241,0.017204603,0.47375232,0.26817104,2.5834436,4.549951,-0.1106208,-0.5447644,28.65086,7.1989503,0.33377862,0.28656432,1.6707041,0.66932374,-1.0765338,1.3037993,-0.47503343,5.1602826,20.37203,2.1382098,2.2534504,-5.6077714,-0.18772474,-1.5129642,24.540783,-0.55195993,6.6762023,-0.75835407,6.6759553,-1.2688775,-0.207987,5.961977
7.928159,-0.38924274,0.49242535,4.5962234,0.99056983,22.833965,81.49319,-2.6142566,-7.276421,0.34562474,-0.2645769,-0.25433353,8.45937,-9.175015,-1.7457327,2.5139039,0.01769765,0.4667605,0.3153646,2.6097426,4.4986567,-0.11051524,-0.5895796,31.461271,5.5624185,0.27356935,0.20620221,0.96093905,0.8021185,-0.79436743,1.3046643,-0.45691624,6.7320924,19.536211,5.715482,2.016114,-5.2612505,-0.18326758,2.2589047,22.98601,-0.7346705,6.611641,-0.7595069,6.668998,-1.3489437,0.2528457,4.1581974
1.1862317,-0.2931864,0.24745159,0.4913173,-1.0705788,4.435242,0.53646815,-7.284372,-7.7073603,-0.70760185,-0.68606836,-0.021106245,2.870533,-13.05349,-1.6673142,0.082523055,0.010300688,0.63797146,0.059687883,-0.21629146,-3.3317297,0.4846187,-1.2980306,-18.552319,4.773536,0.23966098,-0.38504276,-0.042391527,0.23302329,-0.8338863,-0.10266857,-0.6082918,2.1309607,-0.57984316,-0.58305645,-0.21389672,-7.201283,-0.3488736,-1.0527239,-4.2808337,-0.24410012,-1.2946848,-0.38297486,-3.0739288,-7.9482203,-1.044377,-16.547657
1.0815133,-0.18427838,-0.32569087,0.26792777,-0.71454495,3.5639813,-0.8435877,-7.560775,-6.4314513,-0.86105084,-0.2979643,-0.0073168175,2.183243,-12.769735,-1.9246328,0.13219312,0.17668307,0.30855396,-0.033169255,-0.41751882,-0.22032394,0.89737386,-1.617138,-18.800068,1.7765208,0.09546321,-0.56734705,-0.060392443,0.29911447,-0.368872,-0.14386289,-0.86999315,2.1673527,-1.7574781,-0.39358604,0.04568293,-7.4068933,-0.17704882,-0.91715354,-3.8044465,-0.48586303,-1.3182858,-0.4990401,-2.0515532,-7.675077,-1.3949683,-14.16843
2.099704,-0.21637577,0.24145442,0.66784346,-1.1299309,4.9605813,1.2087682,-6.9001546,-9.693961,-0.96445185,-0.71726805,0.009881397,3.6848173,-16.791313,-1.4422697,1.1639469,0.041332424,0.5549669,-0.1346034,0.047342848,-3.653035,0.42258906,-1.4151555,-19.353636,5.865343,0.20156293,-0.14047961,-0.035915077,0.038894035,-0.677056,-0.07432914,-0.28118777,1.9109919,1.6230607,-0.32292894,0.014006056,-7.205173,-0.34791988,-0.70662385,-4.04374,-0.18168572,-0.65936863,-0.36029202,-3.1843853,-9.794571,-1.1390367,-17.315832
2.096929,-0.2162904,0.23991206,0.66692907,-1.1304249,4.960049,1.213348,-6.8982925,-9.69406,-0.96553546,-1.1956693,0.011116251,3.6392179,-16.848217,-1.441865,1.1638751,0.03185126,0.5564804,-0.13467033,0.047824804,-3.6547709,0.42303625,-1.413178,-19.3539,5.864787,0.20187058,-0.14117473,-0.041804813,0.03996199,-0.6770426,-0.07818492,-0.27944982,1.7251736,1.7398674,-0.3271042,0.013435083,-6.9391255,-0.34803513,-0.70173424,-3.6489184,-0.18182446,-0.6611188,-0.36329526,-3.1829097,-9.8005495,-1.1404973,-17.315868
1.994899,-0.22567526,0.26660964,0.67236954,-1.1233245,4.8829527,1.1928548,-6.8872156,-9.697483,-1.0226791,-0.7186269,0.008035662,3.689304,-16.793034,-1.4413712,1.1598961,0.050880224,0.5541988,-0.12952965,0.05169828,-3.7104108,0.42181936,-1.4238787,-19.353445,5.7315726,0.19181463,-0.15333986,-0.056373652,-0.073528245,-0.6827194,-0.07487121,-0.3015353,1.9069712,1.6260778,-0.31320494,0.0062644435,-7.2028627,-0.34450454,-0.7091735,-4.0562444,-0.1785349,-0.51667076,-0.36086395,-3.1862342,-9.794571,-1.1392848,-16.78638
3.5480616,-0.392185,-0.82063234,-1.6298512,-0.057127472,12.590283,15.277261,5.012252,-3.726149,-0.8259392,0.94807255,-0.033072185,-1.3019481,24.824942,5.3172593,-0.23497592,-0.6309837,-0.14749229,-0.6220346,4.600226,0.049887568,-0.0019911113,-1.8373879,30.336666,-2.721953,-0.41417342,0.08739017,-0.09496415,1.8168092,-1.517382,-0.65072846,-1.6977413,-2.3728564,8.451835,1.7146763,4.4567122,17.94035,-1.3198402,2.306819,7.5134125,0.12687278,-1.2285585,0.5830931,4.5872445,9.669013,0.23806761,25.965546
1.3723441,-0.1957697,-1.0140198,0.3603553,-1.2927468,3.178527,0.51966923,-10.694944,-3.1544132,-0.65307516,-0.53926504,-0.062472988,2.952065,-16.133718,-1.8501041,0.47312543,0.14916351,0.40715387,-0.12797102,0.11046674,-4.266897,0.09655985,-1.035491,-19.853682,-1.9095834,-0.092165396,-0.71345305,-0.09073166,0.35942346,-0.5301775,-0.09875307,-1.4682707,-1.0408044,5.4481606,-1.5202584,0.6028732,-6.815126,-0.421093,-1.0849863,-7.643895,-0.38678965,-1.2610992,-0.30196315,-3.0009093,-5.155116,-1.6062092,-14.37546
1.3865925,-0.18051845,-0.7767749,0.2249776,-1.2931517,3.2523391,-0.029145576,-8.447441,-3.334504,-0.52095896,-0.54973733,-0.06672003,3.4460576,-17.836168,-1.8579277,0.4704783,0.1493781,0.41058174,-0.08392983,0.090177685,-4.2145157,0.089268945,-1.1854187,-19.42606,-1.9484601,0.033657957,-0.4105884,-0.035978712,0.3910679,-0.70593673,-0.17027648,-1.676741,-1.026636,1.7101701,-1.6034124,-0.6328709,-6.7260375,-0.36531532,-0.9628548,-4.105243,-0.36832607,-1.0688651,-0.24920963,-2.5705357,-5.8835425,-1.6653537,-14.00324
3.6037753,-0.3534483,-0.8330261,-1.0439558,-0.09120407,11.696787,13.180514,5.21462,-3.170535,-0.8624167,0.65778345,-0.14519641,-1.7646136,25.465717,4.91552,-0.27240902,-0.68796957,-0.09240066,-0.6005769,4.5288744,0.039652776,-0.012452299,-1.8549801,33.693733,-2.8998978,-0.39611995,0.34417012,-0.034703195,1.5074043,-0.8890794,-0.36516497,-1.8621162,-2.2446034,9.048658,1.872683,4.595122,16.462753,-1.3764505,1.7668847,6.02964,0.158517,-2.0913708,0.3686685,4.2152414,11.661679,-0.20066321,26.637491
6.2945123,-0.33362785,-0.9109857,-0.9796709,-0.06971131,12.289159,11.573425,5.431992,-4.3202877,-0.786157,0.5955005,-0.18778397,-1.4839919,25.493256,5.1260114,-0.27131277,-0.5772429,-0.10447862,-0.6624341,4.5371575,0.020620111,-0.02379221,-1.945424,30.113008,-2.77072,-0.4064219,0.3128209,-0.12550941,1.5593508,-0.9437779,-0.3737415,-1.7069669,-2.295389,9.853248,0.3083548,4.786071,17.185,-1.53897,2.4342856,6.2545757,0.14208053,0.26571807,-1.0492716,4.5603576,12.867396,-0.25539473,26.91568
1.0572879,-0.21379952,0.21533075,0.3199933,-1.1019555,5.0572352,4.1125736,-6.7623405,-10.902101,-0.03666544,-1.9097017,0.036063004,3.6698484,-15.923645,-1.5610516,1.1265873,0.09524257,0.6169706,-0.16204454,0.1627194,-4.1885676,0.422131,-1.2804558,-19.406828,4.5210643,0.19322549,-0.22572012,0.0044129523,0.39283103,-1.4472405,-0.13091952,0.1621613,2.1026354,1.8747216,-0.3552005,-0.054727968,-8.69577,-0.068292774,-0.83047324,-4.2184005,-0.18906294,-0.24318095,-0.45770863,-3.8173149,-8.195946,-1.2213118,-16.579226
1.1011778,-0.22630079,-0.07635522,0.51469743,-1.0456263,5.225419,1.4232476,-7.8758636,-9.776981,-0.9746315,-1.8082025,0.021393092,3.4740658,-16.602192,-1.5381047,1.128259,0.03559676,0.58732235,-0.077793494,0.015695056,-4.57356,-0.10481427,-1.436072,-19.394356,4.656373,0.15718235,0.5517294,-0.007197174,0.2919671,-1.0286608,-0.11497563,0.051239897,1.8137887,5.8978868,-0.4330338,0.06567948,-7.057022,-0.1060245,-0.88350165,-6.3444853,-0.23948869,-0.56678283,-0.8282244,-3.6501427,-7.000146,-1.0887151,-17.39622
2.1173024,-0.18768215,-0.15387957,0.24312182,-1.0266497,3.9890869,0.05892598,-7.1842604,-7.564397,-0.8445171,-0.91266507,0.0094472505,2.43827,-12.462526,-1.6655788,0.043238916,0.05072335,0.27152035,-0.0051471177,-0.5606598,-2.8792994,0.9157782,-1.471151,-19.224197,4.2840505,0.23369077,-0.56015253,-0.017636262,0.15981914,-0.76057833,-0.14626895,0.44063893,2.368625,-0.5973365,-0.79483676,0.24893895,-6.848058,-0.35508776,-1.2135386,-3.787864,-0.34268147,-1.1261594,-0.39768097,-3.3054028,-9.076199,-1.0539573,-15.482619
2.0694277,-0.27817714,0.070918895,0.6669072,-0.74275106,4.898852,1.5290107,-6.9721494,-10.35143,-0.9090539,-0.631679,0.14118265,3.9512236,-14.973343,-1.4108174,1.2024719,0.114291675,0.60686886,-0.14853552,0.018383523,-5.0484753,0.95934355,-1.5499185,-19.698654,5.2059884,0.18217316,1.3135834,-0.09386133,0.29850414,-1.4441992,-0.12378414,-0.058450647,1.5479171,6.28207,-0.62657386,0.051573783,-7.2545805,-0.3136369,-0.756466,-8.524361,-0.44503736,-0.3442856,-1.016233,-3.7134771,-9.810327,-1.1314329,-16.63607
0.9775303,-0.35208336,0.89620686,0.145119,-1.0264992,3.7028034,-0.31106976,-6.956161,-7.8383927,-0.7118837,-0.75886744,0.043654185,3.4950516,-16.571018,-1.625942,0.06418652,0.07323488,0.5717084,0.068184234,-0.06302402,-0.042543087,0.35039955,-1.4676054,-18.472044,4.2836647,0.29645315,-0.3315158,-0.056976024,0.28692195,-0.9293562,-0.23957996,-0.86951953,1.8508997,1.5549691,-1.4773302,-0.44092095,-7.6037583,-0.4655639,-1.0141662,-3.9083042,-0.3934168,-1.3393942,-0.39133486,-1.9378525,-7.8896685,-1.0656188,-15.790911
2.2884583,0.21180992,0.33547834,2.2099857,-0.5270666,7.1059904,2.8325224,-6.5616,-11.354384,-0.22578305,-1.0746156,0.08603511,3.4027967,-17.289112,-1.382645,1.1828511,0.08373278,0.61045486,-0.08132989,0.3602835,-5.814299,0.3661711,-1.215615,-19.64464,5.348932,0.20947315,0.40654826,-0.097646266,0.37657115,-0.8865261,-0.111609645,-0.5085716,2.0133843,1.7751397,0.21913269,0.115380146,-9.057668,-0.6178077,-1.2582763,-4.384941,-0.13409762,0.040255815,-0.4208426,-3.6249702,-9.202721,-1.0348169,-18.707392
2.1141505,-0.16072455,0.2849965,2.2813797,-1.1971554,4.798589,0.32571644,-7.1905184,-9.177922,-0.9555923,-0.6972871,0.07716624,2.6738048,-13.445093,-1.496789,0.080051586,-0.00610684,0.5871259,0.04600745,-0.47586352,-3.8638058,0.5611858,-1.285059,-18.958073,5.5874357,0.22064157,-0.27923912,-0.11913091,0.38731214,-0.8077319,0.21374938,-0.88245577,2.0443423,-0.5966889,-0.7403386,0.47689185,-7.374493,-0.21741888,-0.7638859,-6.0386233,-0.2987471,-0.19425316,-0.4363978,-2.9947693,-9.698416,-1.120415,-15.444261
2.18746,-0.22536942,0.106270134,5.809844,-0.3264502,8.174082,1.1681541,-6.990697,-11.291812,-1.0253171,-2.8497777,0.08397248,5.552929,-1.5148412,-0.8936432,-0.18554404,0.058015253,0.56404823,0.09292426,-1.2697835,-4.8133864,-0.13594295,-1.3978316,-18.94436,7.7649264,0.16213757,-0.3477811,-0.4383299,0.40853524,-1.4968808,0.080621205,-0.10412456,1.1153299,16.681305,-0.34994808,0.87170076,-7.904402,-0.60350424,-0.6760188,17.55044,-0.3305158,-1.1068016,-0.88895726,-5.3671074,-10.58623,-1.192735,-15.404993
2.6206813,-0.8593124,-1.5026783,-0.36015883,-4.547327,-1.8052993,-5.101076,3.2760184,-6.064399,-1.5932934,-3.3817585,-0.7502452,-1.1195537,14.142672,-3.0810823,0.20522599,-1.2459787,-0.10775462,-1.4846647,-0.6997052,1.310246,-0.19580682,-5.0931754,-15.16569,-2.2375805,0.09364659,-1.0494405,-0.20919727,-1.8918208,-1.0339704,0.106598586,-1.7680172,-1.6737268,-11.163846,-2.8770528,-5.0210633,-8.202607,-0.54308903,-1.9287584,2.7194588,-1.1238028,-6.741878,-1.9179207,-1.7904932,-8.129311,-2.6076264,7.461113
2.082041,-0.069007255,0.19626547,3.727905,-0.4233388,7.447127,3.8550446,-7.3919005,-11.407863,0.9102078,-1.0072361,-0.22553547,1.2007452,-16.06523,-1.42382,0.6344399,0.15735029,0.48644003,-0.15117061,-0.13048604,-5.908255,0.16691643,-1.2279822,-17.544746,5.176486,0.104863815,-0.43358132,-0.31667465,0.37002388,-1.3135792,0.022815753,0.06960353,1.9766403,5.341785,-0.4311836,0.79782796,-8.882492,-0.16001435,-1.2649426,-10.246485,-0.80115384,-0.12914087,-0.9348232,-2.1684577,-10.220107,-0.99073577,-17.549784
0.7222228,0.928532,5.6708875,-0.8465711,3.8845778,6.839873,-1.8833617,38.503708,6.6763105,-0.7551516,0.5124896,-0.45852688,8.29615,42.624294,12.440668,0.72324276,-0.37657538,-0.04135191,-0.13193174,0.31061724,21.121752,0.5421901,12.521011,50.090763,-2.1877053,-0.47573847,-0.49482903,0.19667605,-0.2356214,-1.9038991,-0.4965166,-0.5352992,-0.6919853,-0.0526327,1.4695946,-0.3957622,24.735455,3.5436587,2.5093834,4.240884,-1.5521935,11.55163,1.7112039,-0.86931765,11.154539,-0.07187753,21.332207
-3.067527,-0.15980609,5.7870603,-0.5687851,3.7152593,5.732708,-1.3095797,43.013577,23.96079,-0.42999253,0.5568933,-1.164709,3.558805,43.990368,11.336484,0.30324265,-1.0234773,-0.40999648,-0.112605765,0.9178921,20.286953,0.85641813,8.810447,49.93532,-5.168839,-0.6308343,-0.50906724,-0.2787,-0.37865365,-0.55846995,-0.7417711,0.74752724,-0.817759,0.7695225,2.7643392,-1.380996,25.581917,2.8255942,9.550439,1.8500894,-1.3914633,6.507556,-0.19830295,-1.6588131,7.539901,-0.4010645,21.996546
1.2432299,-0.3256029,6.1496577,-1.8108319,4.135641,7.79935,0.5940608,36.929127,7.785476,-0.8415938,0.8110803,-0.95357674,9.020215,42.593147,10.831871,0.80585873,-0.7389476,-0.324265,-0.31707054,0.27375704,21.819614,0.64852995,11.794061,47.04009,-2.5626452,-0.51391125,-0.7334932,-0.07806063,-0.5058969,-1.1209526,-0.38998914,-0.6250676,-0.827833,1.5103648,-0.0019402315,-0.10877732,22.17306,3.3959434,12.4727955,3.1498978,-2.1636786,8.037302,1.4714625,0.4908391,10.63508,0.11850999,21.966702
2.0085332,-0.1094683,6.3249464,-0.97253066,3.4380338,8.27177,-2.8032057,18.576757,13.144535,0.6597397,0.3112605,-0.46176267,7.6962266,41.095444,9.829136,0.07282686,-0.7549436,0.45904276,-0.08442686,-0.1563844,22.210997,1.1533339,14.330942,48.604317,1.5808202,-0.63890344,-0.5112282,-0.1310176,0.52642673,-0.4179713,0.05701352,-1.1283542,-0.5016011,1.7403247,0.07502064,0.04817841,22.571177,3.5675128,11.772389,4.2493243,1.3131231,8.56873,1.7914114,1.8159117,10.364338,0.023253486,20.81698
2.2110379,-0.10581426,6.8045106,-1.8922303,2.3428633,10.863309,1.5267264,18.08505,13.459596,-0.05825597,1.1158051,-0.3742837,6.5662007,38.538254,8.356058,0.500667,-0.7987353,0.26715833,-0.15036006,0.044763826,21.853418,2.243029,13.025233,45.649925,2.3451734,-0.74458086,-0.3891098,-0.07186708,0.25124794,-0.63654125,0.2558072,-1.2725209,-0.8096601,1.4796555,0.39769146,-0.48341572,24.30312,3.2192872,11.867153,4.7943234,0.45437104,7.916335,1.6336725,2.3547351,11.331774,0.38031343,21.93529
2.2798564,0.17187893,5.6156445,-1.7539585,2.6632202,4.1878242,2.8590744,17.248413,11.642146,-0.94780844,0.372901,-0.53739494,7.324324,37.970306,8.958369,1.4737259,-1.1280458,-0.07975766,-0.38106388,-0.71274894,22.055695,0.892559,2.273649,45.52648,1.1628369,-1.194897,-0.51965666,0.15884675,0.33827612,-0.18974367,0.19611749,-1.4057192,-1.1040273,1.3374935,0.032906845,-0.8271968,20.92292,2.6878715,2.5765426,4.1918077,-1.8816967,9.319303,2.6103003,2.132747,11.026876,-0.06282927,21.421886
-0.25540045,-0.7408787,2.635318,-0.5765964,3.2165895,-2.3751013,-1.661758,46.555546,24.066135,0.52100086,0.5511228,-1.1637324,3.3004615,42.886127,12.629159,0.033097494,-0.5193348,-0.5243214,0.24442194,1.3505733,21.500057,-0.15528072,9.408055,48.22383,-1.2397083,-0.47483087,0.3106138,0.2460228,0.20918997,-1.8901184,-0.4495938,0.4961434,-0.7578793,0.8091477,-3.7692645,-1.5881087,23.47383,3.2617264,14.363372,5.864198,-0.8037957,5.4013634,0.49202403,-1.7121089,9.639098,-0.47997636,19.984348
-3.4229226,0.70163584,7.698462,-0.84485805,3.3012824,-6.0600348,-0.8441715,18.647636,28.294083,2.000699,0.6771599,-0.18339357,5.7580805,41.424553,12.4757595,1.28709,-0.80271167,-0.42830086,0.8939148,1.9692384,20.902416,-1.4877229,14.975013,45.13277,0.49121705,-0.48112765,-0.34827808,0.32881978,0.29153568,0.21840653,0.3621687,2.8147984,-1.1313063,0.23671922,-3.3773916,-1.5463465,23.813673,3.0144453,19.032017,2.8485126,0.9809447,5.753944,0.91511667,1.1263715,10.086325,0.5591083,20.121384
2.2312665,-0.05782496,4.5095177,-2.4193556,4.3407583,4.6310635,7.065257,7.8362045,12.983907,-0.6391477,0.4254965,-0.05216938,3.9720216,37.736786,0.8539483,0.3347468,-0.65565157,0.26219338,0.2780425,-0.3743241,22.453554,0.740747,-3.9102783,39.182926,11.209313,-0.19384843,1.8907872,-0.19350518,-0.261112,-3.5928907,-0.36211404,-1.3438852,-1.065575,1.7817849,1.2733433,-0.80031323,18.060488,0.18285869,3.5616753,4.318124,-2.3458204,3.4669101,2.1545098,2.6499038,11.452227,0.42246568,20.445375
1.8151934,-0.24967667,-3.0406897,0.11573763,-0.8137292,-1.7951105,-6.993313,-8.374949,-7.8992214,-0.45662138,-0.7472661,-0.6679522,1.087946,-16.197865,-1.6689967,1.4015347,-2.7331038,0.50948596,-0.67908597,0.32091093,-0.08022938,-1.1135876,-1.5649407,-18.217852,-0.7708022,-0.037244674,-0.75195843,-0.085853286,0.17272729,-0.5717209,-0.367302,-1.5131179,-1.6098045,-7.5403934,-0.42387965,-0.31130755,-6.1553483,-1.0005075,-0.6874074,-2.2490768,-1.0249954,-0.89519143,-0.15657437,-1.8090847,-3.1547482,-0.83322376,-10.494229
2.0718837,-0.440906,-0.056231875,0.45790178,0.2167331,3.217254,-3.4818184,-6.847051,-10.131097,0.32661277,-0.9038631,-0.86437064,0.85797334,-14.770793,-1.2623937,0.6283961,-2.421018,0.45765144,-0.4162591,1.6067965,-4.325234,-1.3656893,-1.6216382,-20.198156,4.2820697,-0.1436738,-0.6278606,-0.30354223,-0.46652982,-1.1746608,-0.2543044,-1.8741659,-0.94286937,-2.0183725,-2.3706572,0.011726056,-6.986425,0.009075512,-2.1862152,-3.6830478,-0.6183637,-1.494903,-0.23803554,-2.5932283,-7.8565307,-1.153799,-15.371757
1.1164562,-0.24272317,-3.6714787,-0.005224036,-0.7111949,0.1171371,-5.1043854,-8.249207,-9.3531685,0.31225336,-1.1470995,-0.7103222,0.8161297,-15.819264,-1.5409896,1.1570889,-3.1376593,0.72663504,-0.15880993,0.056422725,0.064373225,-1.2984575,-2.015933,-17.730858,4.6389227,0.11442548,-0.74460745,-0.0062476727,0.025543574,-1.0004448,-0.29280233,-1.027376,-0.98898846,-3.5971806,-0.7015158,-0.21736339,-7.4153233,-0.589254,-2.1448119,-3.9660225,-0.5000584,-1.1130878,-0.04294107,-1.107809,-6.275245,-0.5956607,-13.2577
0.89880955,-0.12115398,-1.61819,-0.11954925,-0.68873304,0.9336504,-5.2342033,-7.1184855,-9.825285,-0.07897268,-1.0297564,-0.79989845,-0.21704224,-16.292202,-1.4110953,0.45335108,-3.1884956,0.6199501,-0.17194462,0.6052523,-0.6215216,-1.268736,-2.0322347,-17.42716,4.0850263,0.071555324,-0.67200685,-0.005476931,0.0130573865,-0.9200415,-0.32487565,-1.2489402,-1.074155,-3.8203113,-1.7143623,0.21479577,-7.206725,-0.7716629,-1.9317223,-2.3349433,-0.5250654,-1.1942582,-0.29466113,-1.1239656,-5.2375364,-0.65338314,-14.781529
1.303834,-0.36804092,-2.9175491,0.0019845667,-0.8893673,-1.1413696,-6.8482456,-7.389203,-8.618428,-0.5985639,-0.9549803,-0.7031446,1.2155476,-16.199432,-1.5735226,1.1457283,0.58506364,0.56502944,-0.5295964,0.10580261,0.47401285,-1.1139116,-1.7727818,-17.340086,1.4568777,-0.10824833,-0.6753775,-0.157698,0.11975108,-1.086611,-0.36764473,-1.6156603,-1.7295719,-7.62246,-0.26049918,-0.58249116,-6.383308,-0.93808556,-1.4382643,-1.9590828,-0.781914,-1.1769977,-0.083831735,-1.0625094,-5.02136,-0.86148715,-11.1107645
-5.0303955,0.17505513,-15.752189,-3.6604397,1.9327028,-11.550024,-8.449987,35.73252,20.080688,0.5389246,0.77589345,-0.9314448,2.8451996,38.32375,11.742749,0.26724917,-2.9476962,-0.69660383,-0.44207558,1.7861948,16.723034,-5.057913,2.9710102,44.668354,-7.93378,-0.34641826,-0.48574212,-0.7093285,-0.12985656,-14.699694,-0.425457,1.7473376,-0.6217871,0.4907341,-6.2534866,-1.1132131,21.01413,-0.9614784,7.3960896,19.328312,-1.8916299,1.3251612,0.20535114,-2.6526246,7.748499,-4.6730366,14.70041
-2.24826,-0.26214978,-0.17404568,-5.096433,0.9206382,-15.011716,-3.6524074,43.305958,15.075781,-0.43613535,0.56766826,-0.47750223,0.9957913,39.288433,8.850074,-0.16998665,0.71526426,-0.58169335,-0.69186395,2.985867,15.379274,-4.7295995,3.7203903,46.13288,-6.131973,-1.6893606,0.3581382,-0.79669565,-0.31860784,-2.793757,-3.2738287,-4.5751104,-1.3632325,-0.3200814,-4.806373,-2.6956663,19.36343,-0.5969024,1.5873572,7.302917,-4.445253,3.822939,-0.28445846,-2.2671385,7.6867514,-4.969746,12.355799
-0.5279769,-1.4366516,1.8830369,-4.654836,1.7081712,-11.143654,-2.39487,43.70282,29.21394,0.70536333,0.6628512,-0.8646929,2.813595,39.344376,17.28905,2.268415,0.8129806,-1.707313,-0.32920462,1.3784863,15.327538,-3.5433564,4.455096,54.54906,13.167301,-0.757949,-0.4333271,0.12585388,0.5231805,-5.0000076,-5.0006084,3.662676,-0.3608647,0.036087744,-5.784126,-2.3515646,24.561363,-0.4759902,10.353866,28.986958,-6.2494044,4.9215274,-0.41367334,-1.1293594,12.735172,2.628873,18.467638
-3.281764,-0.757418,-5.7966094,-1.3628641,1.2840219,-4.479531,-1.3396237,47.63992,25.90504,0.6263936,0.7822767,-1.3688395,2.9746573,37.10782,15.951831,1.9778531,0.85752714,-1.0714737,-0.2074187,2.0298166,17.232933,-0.66883504,3.8152149,55.223072,7.557679,-0.508229,4.8592887,-0.24096781,0.5421182,-2.7878244,-5.174893,2.0786433,-0.90692717,0.6849958,-13.770954,-3.1239328,30.847857,1.1283901,14.413017,21.94781,-0.8470329,5.1497493,-0.876554,-0.15937218,7.9014473,2.5545213,15.982569
-4.559399,-1.7986075,-9.71384,-1.340521,1.1493572,-6.327528,-4.090729,14.606066,16.92196,1.3581847,0.8657589,-1.533214,6.791545,34.84585,16.41421,-0.1863758,0.5632843,-1.6540256,-0.33759952,-0.96835756,17.268368,-3.1129134,4.683895,40.603226,-5.6891837,-0.39977854,0.15722607,-4.452309,-0.78379244,-1.2242562,-0.161163,1.1338489,-1.2866889,-3.4439633,-15.611456,-3.2265437,22.061102,0.9882038,12.386848,13.832838,-1.0027329,4.2198253,-0.057357114,1.8163817,6.969516,-4.829277,13.2984
-2.17108,-0.15904814,-9.018752,-3.9006317,0.7492893,-10.933083,-3.8615465,36.962284,11.520989,0.4415642,0.93174356,-1.5140202,1.2870868,34.708755,16.372644,-2.4511163,0.74993634,-1.6917859,-0.35282478,-16.64822,17.942825,-2.8245702,3.6348314,44.45373,-5.9266176,-0.43016967,1.9228581,-0.6693608,-0.17273712,-0.020123908,-3.0664566,2.2146401,-3.6927137,-0.38005984,-13.248732,-2.3491063,19.780308,0.8425502,1.7232875,19.017424,-2.2912724,4.456138,-0.08861065,0.89100456,6.93369,0.5186044,14.9437685
-4.8614287,-1.2399945,-1.1449385,-4.151948,1.6526799,-13.379668,-3.4538577,39.46419,10.953254,0.64968497,0.4844009,-1.0114968,7.9620643,34.69837,12.651121,-1.03058,0.6801567,-0.4920903,-0.52348787,1.239356,16.246016,-2.3720946,4.5679255,45.059486,-9.509288,-1.3777608,0.43005198,-0.9285106,0.3060834,-1.0734687,-0.76314217,0.44067305,-1.1773621,-3.2941213,-14.626744,-2.4387026,20.380045,0.8933273,9.457205,2.9463062,-6.702893,3.3028286,-0.9045293,-1.9140128,6.4075046,0.16292314,12.508066
1.4614414,-0.3207102,0.9054442,-5.249946,2.6305285,-9.497931,-3.5428126,36.2427,5.786671,-1.1854486,0.65916306,-0.64999354,14.626189,39.492886,14.989533,0.18474324,1.6087662,-0.45191956,-0.38292634,0.31634536,16.686647,-1.3733953,4.991737,48.724964,-3.6481779,-0.87530375,0.64045155,-0.21641454,0.22434323,-1.256351,-0.25836578,2.0753615,-0.93132603,-1.5792658,-5.3041186,-2.2468972,20.604261,-0.07558411,11.28867,2.7447875,2.2684603,4.974325,0.31925535,-1.9915211,7.1805425,0.1087247,15.155242
0.73945355,-0.52547705,-1.6131793,-1.9013748,0.17602739,-5.19092,-10.374523,5.3880186,-1.2784412,-1.4745563,1.0311813,-0.5377082,-0.46446308,-6.4701614,-3.9617887,-0.18316652,-2.0916197,-0.10862637,0.94503695,0.47886494,3.7291193,-0.7366876,-0.8334328,-7.1345754,-3.0662918,-0.22485943,-0.2172947,-0.15075,-0.25706977,-0.75117785,-0.14142497,-0.81716835,-1.7733374,-6.0572057,2.0923276,-0.8533097,-4.6989894,0.77630824,-0.016707119,7.595209,-2.498042,-0.65204674,0.43204197,5.9642115,4.735167,-0.024546824,21.327007
-2.2675002,-0.07556248,-1.5591735,-1.8086948,-0.07621413,-9.502928,-9.591333,3.0990207,-3.3382037,-3.5189176,0.8303964,-1.4221435,-0.87316155,-9.987386,-5.254968,-0.16457212,-1.1355935,-0.22396643,0.60998374,0.03149338,22.816286,-1.002807,-1.1622288,16.375463,-2.8590853,-0.23863359,-0.4983816,0.08982948,0.115984686,-1.1112981,0.014248957,-1.138752,-1.2471701,-7.899037,1.6906241,-3.0826418,-5.785331,3.5986125,0.36252835,5.660903,-1.8112012,2.0157409,0.2819519,-1.0591196,5.275165,-0.04460298,5.339804
-4.5651474,-0.46056402,-1.5331461,-2.0193465,-0.79346484,-9.814365,-8.073051,4.3417225,-3.1581092,-1.6123623,0.8689714,-1.4038718,-0.9021904,-10.118294,-5.019762,-0.49038905,-1.1098489,-0.3888627,-1.1718127,1.6673054,4.9476047,-1.1302398,-1.092885,17.229492,-3.6607792,-0.09083288,-0.34321234,0.06837254,-0.26595414,-1.0966138,0.32383397,-1.2523078,-1.3904386,-8.959323,1.6553036,-3.1826851,-5.7350693,4.475207,-0.5256175,7.787743,-2.0286238,2.1601634,0.3763906,4.834714,7.326341,-0.05174346,13.895159
-3.2956746,-0.45595104,0.11271157,-2.0904045,-0.62021613,-11.361897,-9.1768055,1.7320013,-3.1619234,-1.2659569,0.45690584,-1.107272,-1.1239674,-4.2330317,-6.1183934,-0.15473926,-0.93847615,-1.6744673,-1.1393515,-0.014524476,24.934439,0.43036518,-0.747305,15.042826,-3.1065476,-0.39666048,-0.7718343,-0.19212003,-0.033022683,-0.8383402,0.32584202,-1.0335902,-1.3557483,-7.850889,1.4125731,-4.4687085,-3.065512,2.4056945,-0.5463044,9.342636,-1.8658072,2.3227065,0.38815546,2.36627,5.202272,0.18144153,13.82458
-3.645692,-0.32048693,-0.9093266,-2.2774818,0.14818162,-12.66473,-12.208719,2.4783642,-3.801686,-1.7756699,0.7499865,-0.7130998,-2.3022625,8.174565,-6.2690525,-0.54717326,-1.176273,-0.8146112,-0.44884747,-1.5439907,21.379189,-1.4208224,1.7507728,20.816628,-2.0810025,-0.98343766,-0.02197097,-0.27179033,0.29637572,-0.30788574,-0.32953477,-0.5607781,-1.3614393,-8.71593,0.88477623,-3.7093384,7.7926435,1.3332875,-2.1900392,4.304203,-1.1130781,4.3031516,-0.9989148,1.1261791,5.0229993,-0.4285437,11.951993
-2.667606,-0.8957924,-0.62149024,-2.899587,-0.32418293,-11.924955,-11.97342,0.8718492,-4.6356564,-2.4590409,0.08978681,-1.5407574,-1.4254321,7.609234,-6.5444193,-0.22870636,-1.2093662,-1.1681517,-0.83919185,-0.7664953,23.616737,-1.2863308,0.052484818,18.997292,-2.6891377,-0.70040274,-0.9854476,-0.30179593,-0.29258755,-0.99885976,-0.58455193,-1.2483962,-1.5445523,-10.840377,0.79988736,-3.728043,-4.8686795,1.3541331,-2.4109247,3.2413318,-1.8360603,4.0425305,-2.2905972,2.4569852,5.1305594,-0.83644736,9.943152
-3.3633068,0.03966608,-1.0121181,-2.5190887,0.22937858,-10.714272,-12.511493,1.7914574,-4.744777,-1.4652762,0.75687253,-0.5336341,-0.9711189,6.667822,-6.542906,-0.084323175,-1.1353377,-0.90997356,-0.42130238,0.30698374,23.730326,-0.41209182,0.7035258,17.73938,-2.4131982,-0.7805009,-0.71731657,-0.23064116,0.44798598,1.0480893,-0.10884912,-1.0451802,-0.8313752,-10.032145,1.118216,-3.6785266,-4.4792,1.429831,-2.20212,4.2266307,-0.79410666,4.543201,-1.551384,2.5544918,5.1372714,-0.7249467,12.443595
-5.672846,0.06804678,-0.7417288,-1.5166608,-1.1673275,-14.638692,-14.125236,10.168349,4.4278283,-0.49199817,1.2375484,-0.8651796,2.89924,11.126882,3.186097,1.6184283,-0.56453794,-0.53091747,-1.2254872,-2.8225927,20.007675,0.33861172,-0.6197645,21.627604,-3.115353,-0.7810646,0.107153654,2.244512,-1.0218492,4.3061266,-0.4057576,-0.50351393,-0.7817963,-11.037847,-1.8620591,-2.1180515,12.634946,1.1365538,-2.8441563,5.658707,-3.759454,4.729474,-3.2390976,0.8757568,8.002865,0.13362005,12.871407
1.4200047,-0.36558574,-0.27063912,0.34851757,-1.3587855,4.263336,0.5108041,-7.989809,-5.2218847,-0.7960814,-0.5950753,0.21059905,3.5011134,-18.317507,-1.9224136,1.0271473,0.055889018,0.5854346,0.10364188,0.39317256,-3.7451143,-0.04412107,-1.5314809,-19.298485,-1.956333,-0.3256963,-0.4450028,-0.03356838,-0.10714236,-0.55373806,-0.08520013,-1.5286088,-1.2109104,1.5749606,-1.921395,-0.5820786,-6.0527415,-0.8424545,-0.916765,-3.9134789,-0.45141456,-0.94069713,-0.84047055,-1.8018317,-5.911685,-1.3961633,-15.00677
1.20851,0.036259092,-1.0600187,-0.014905541,-1.7982526,1.8939558,-0.28762934,-9.966782,-1.9978082,-1.0063136,-0.5645856,-0.11213312,0.41564813,-13.128949,-2.1031103,-0.15914252,0.2936856,0.16645248,-0.095484234,-0.14162233,-3.7062962,0.3866163,-1.4717761,-17.86131,-2.050833,-0.106780976,-0.23531085,-0.11167589,-0.35985616,-0.41934672,0.2985938,-0.06039292,-1.7659763,-0.89506,-1.8870946,1.0656266,-4.3918324,-0.52253354,-0.9869687,-2.4499443,-0.5331366,-1.2793492,-0.24726889,-2.0076325,-4.9504848,-1.5717171,-12.952179
1.1981539,-0.25815317,-0.33407947,0.35119912,-1.3394808,2.987057,0.30050057,-9.611971,-2.8510623,-0.59808296,-0.56193435,-0.12338739,3.099097,-15.661889,-1.8144413,0.49130973,0.03557245,0.40268564,-0.058688886,0.109338336,-4.3724484,0.19843927,-1.21669,-19.645552,-2.1861014,-0.33599207,-0.1900557,-0.023531867,-0.11230901,-0.55710727,-0.032348037,-0.15811233,-1.5770298,0.63844377,-2.0136456,0.7676669,-6.747475,-1.155181,-0.97427654,-3.9151738,-0.4079772,-1.3123884,-0.4806047,-3.2235358,-5.175606,-1.3452053,-15.205632
1.2628471,-0.057261582,-0.6026058,-0.090841465,-0.46114156,2.9721966,-4.0951586,-9.71813,-1.5716022,-1.15346,-0.7727846,-0.29647893,0.26922092,-13.665246,-2.1296155,-0.035105206,0.1787303,0.15544483,-0.09354014,-0.8621031,-3.87048,0.47532204,-2.0295162,-17.43662,-2.4461923,-0.3547627,-0.5052045,-0.10329567,-0.22182985,-0.57116026,0.58729887,-0.17246523,-1.2081975,-1.1454998,-2.1932657,1.3042786,-7.48643,-1.7057077,-0.46597824,-3.1891994,-0.69091916,-1.2251208,-0.3426007,-1.8714805,-3.1905866,-0.66967577,-13.224984
1.5350906,-0.1807574,-1.2260146,0.36652622,-1.4571002,5.1715975,1.0622793,-7.9964666,-7.525302,-0.69540703,-0.535404,0.0056631905,3.4211912,-16.092129,-1.855642,0.47381395,0.15768264,0.37335134,-0.10401989,0.15282734,-3.434592,0.097287424,-1.2487234,-19.944933,-1.2602829,-0.44533977,-0.5940992,-0.02936261,0.42587522,-0.59052205,-0.06955508,-1.498523,-0.9899914,0.7594311,-1.0034157,0.07739691,-6.6201825,-0.59079,-0.7195186,-4.5678973,-0.6571672,-1.2595048,-0.25258452,-3.5557537,-4.884787,-1.0694247,-14.035169
1.1275318,-0.28954992,-1.0944177,0.35732603,-1.2589965,3.5184429,2.5298724,-9.636936,-1.9355972,-1.082221,-0.6510022,0.13449992,3.1254044,-15.807694,-1.7089248,0.6502316,0.3625176,0.6617602,-0.19992246,0.21974142,-5.4333906,0.19710806,-1.2752246,-18.685911,-1.7545009,-0.892007,-1.4835832,-0.005965624,0.03265853,-0.6903103,-0.11007465,-1.7169378,-1.6360589,0.62625974,-2.3891366,0.6243523,-6.9581075,-0.4367735,-0.6835771,-4.3233027,-0.7424809,-1.1719993,-0.3859681,-3.6618226,-4.6163564,-1.6686815,-14.303125
1.2710922,0.048885554,-3.545881,-0.56499666,-0.8609568,0.6511427,-5.1763806,-8.009673,-1.040805,-1.1521311,0.79038763,-0.90824276,0.042902168,-12.140974,-1.3649372,0.117133215,0.7579117,0.31389225,-0.4646369,-0.704198,-1.3041757,0.6459149,-1.5586715,-15.495346,-1.8294628,-0.468265,-0.23901443,-0.14108625,-0.29891157,-0.43885654,0.6779414,-1.2589442,-2.3185716,-5.3641057,-0.907729,-1.0449005,-4.6352863,-0.44170892,-1.2728736,-2.0282092,-0.5601431,-0.9822639,-0.6060337,-2.4631915,-4.366673,-1.3396015,-8.765573
2.1206079,-0.22696617,0.35864565,1.2583638,-1.1261249,5.0848346,2.1932876,-6.9166126,-10.0480795,-0.85191333,-0.90602565,0.061456643,3.4320848,-17.588022,-1.4140539,1.3087668,0.10449684,0.5939072,-0.19002222,0.4219298,-4.828537,0.2979239,-1.2706316,-19.144697,5.281204,0.21449839,0.3174689,-0.02606389,0.20561107,-0.7610178,-0.041206494,-0.31363702,2.1430643,1.8593253,-0.099825576,0.039869778,-7.7135615,-0.31585228,-0.90052783,-3.8331366,-0.2645032,-0.69726527,-0.37313926,-3.5263479,-10.277814,-1.1425486,-16.607616
-2.741725,0.12990321,-0.83285654,-0.096227445,-0.072915256,13.14991,-0.160063,9.65689,5.8447385,0.029369108,0.82576495,-0.8007557,-1.7647066,22.113775,-7.849984,0.17678678,-1.9619039,-0.38152584,-0.6162768,-1.5995032,18.940916,-0.16790557,14.528551,37.159508,-2.909362,-0.7058332,-0.05402645,0.32862207,-0.44213656,1.6990429,0.46962422,-1.1512244,-1.2651843,-1.8551496,0.82512087,-2.4405196,18.302294,1.0116256,1.216304,3.2079575,-2.7506092,6.263258,-2.3465495,1.1799941,5.2839093,1.1792573,13.83174
-5.455609,-0.34455538,-0.7441351,-1.3120222,-1.1702236,-19.232208,-13.9312315,3.1011417,2.128492,-0.66005373,0.8670427,-0.48519373,-2.931811,20.241713,-8.112303,-0.3018182,-2.3324575,-0.8106516,-0.42570922,-0.70249075,17.877413,-2.2307167,5.7844243,22.498198,-3.166003,-0.7935834,0.39724737,-0.17741509,-0.56222206,1.0598533,-0.08844975,-0.86958826,-0.82324797,-1.3877708,-2.2186997,-2.2217207,12.928748,0.83070356,-4.190402,3.0643735,-1.8510607,3.60676,-5.7571497,0.83789736,5.616637,-0.110928826,13.613755
-7.2774134,0.03560097,-2.6376605,-0.18165605,-0.7647188,-13.065307,-10.940905,6.226425,18.460863,-0.4267864,0.76698583,-1.7137538,0.16407801,23.993624,1.5279106,1.1646634,-3.4581523,-1.0892862,-0.45848507,-17.771572,9.569044,-0.062142514,9.247693,29.663622,-2.4222608,-0.75216496,0.032084275,-0.29288352,-0.32560182,2.3711455,-0.4285791,-0.36575598,-0.871431,-0.52636784,-15.649229,2.5425348,8.412936,1.043879,-5.7678275,0.8893997,-1.1155932,4.9015155,-10.22554,1.5718664,7.382806,-0.3248055,8.82196
-6.6987824,0.025128031,-2.3349779,-1.0574192,-0.65782577,-18.496473,-17.453936,5.1665893,5.0882335,-0.3214143,0.5993705,-1.21912,0.673268,26.037527,6.159774,1.4104452,-2.2544155,-1.3373654,-0.3034673,-2.3461258,9.713299,-0.45940632,3.922019,26.367481,-1.0206496,-0.5389913,0.0013150598,-0.04308409,-1.1843474,4.520554,-0.9730828,2.5913584,-0.54751885,-1.8975843,-4.012553,-1.5643824,1.386223,1.0399538,-4.2166033,2.2514167,-2.8822718,4.397477,-4.545102,1.1684364,6.3262796,-0.49257934,9.662292
-12.409307,0.32746202,-0.002188739,-1.5416799,0.27961728,-18.059326,-13.284246,15.674438,21.460205,1.2378839,0.35973105,-1.2150759,-1.2980536,21.950571,3.6683655,0.06103493,0.81093436,-1.2295322,-1.3342909,-13.445138,18.672585,-0.4193563,1.4296092,24.051138,-2.9860728,-0.8832103,0.81949896,0.073222816,-1.2518313,2.2147658,-2.488565,0.95114005,-1.0499746,-7.673037,-13.277271,-0.27949935,8.418141,1.4099822,-2.7986927,5.0141315,-0.67082506,4.868206,-4.1405897,1.0084646,8.165494,-0.5756734,8.262763
-15.247176,-0.150621,-0.27518862,-1.0420927,-0.104977086,-15.260521,-14.1046095,29.054848,5.114815,-1.5814977,-3.461695,-1.2486429,-0.5934615,25.692982,3.8959088,1.5602299,0.5113504,-1.1540105,-0.7960698,-19.896198,16.897884,-0.30686218,4.1006727,25.207275,-5.585899,-1.0726855,0.11161087,0.06934628,-0.8201342,2.482548,-0.49763095,-10.172672,-1.5922807,-7.8776546,-5.6565866,-1.5044451,4.490468,1.194675,-2.2803302,4.7272444,-0.59146804,4.2806983,-1.9741569,-3.6802444,5.798237,-0.60628563,13.176056
-12.237059,-0.95653844,0.4118005,-1.70506,-0.0988513,-20.676641,-9.399865,8.4780855,17.812176,-5.2520337,0.5319141,-1.2763104,-1.8198931,22.100613,5.701241,1.336162,0.41486153,-0.58998585,-0.2847638,-17.553648,16.169935,-1.5129998,1.0097312,22.199945,-7.202738,-0.8635462,-0.2413873,0.20843439,-1.215171,0.85780317,-0.107373744,1.7454437,-0.59172106,-7.9737134,-15.058076,-1.9100773,9.767874,0.8816253,-4.8270273,15.123075,-1.5429461,4.8658795,-10.316002,0.43357575,11.486191,-0.35695067,13.144493
-8.924966,0.039214887,4.244624,-0.1857049,-0.09535458,-17.161654,-16.355822,6.323691,0.79385424,-1.2402833,0.2087776,-1.1697909,-2.4170146,21.485725,-2.276622,0.526872,-1.831832,-0.20976165,-0.56292117,-2.0762439,18.285181,-3.6409795,6.7422743,22.514822,-0.9125272,-0.88735896,-0.8737895,-0.020526998,0.23581854,1.6129279,-0.036031164,-0.9795336,-0.7864436,1.3939505,1.1012598,4.9551187,15.073508,-0.06667791,-2.9699368,3.0196817,1.8428003,4.363995,-7.1648636,1.5668904,5.8379993,0.084164225,13.852502
-2.2315671,-0.112537935,-1.6286749,0.6815956,0.33151764,-1.4263035,-1.3767346,6.7985067,0.13053304,0.27277368,1.5589312,-1.1168908,-5.2467403,22.189445,-6.3779984,0.095601045,-0.86748505,-0.33625293,0.13528898,-1.4908488,24.233156,0.606687,0.21522102,-10.575021,-2.7109478,-0.8057593,-0.062403448,0.51288366,-1.2595721,3.2984805,0.06352893,-0.5244254,-1.4792895,2.8201787,0.86629754,0.688787,14.5381775,1.7573429,3.5218117,2.240828,-3.1430352,-0.54019195,-0.9690628,2.6572318,6.410306,1.4815447,18.282265
-3.781386,0.008635636,-1.1001276,0.13539408,-0.20738544,1.5977889,-16.486485,-5.3624573,-2.4226303,-0.4256033,0.7525981,-0.94422185,-5.3926477,15.6965475,-8.785908,-0.21130218,-2.0201766,-0.40225124,-0.9592086,-1.9072559,19.036654,-5.065802,-2.619374,21.42553,-2.249343,-0.662605,-0.031654738,0.46462768,-1.6955407,2.115904,-0.5458007,-1.0071625,-0.6100246,-0.23301168,0.77209604,-0.06426915,12.11785,2.5446236,-0.8744944,2.4965692,-2.5398788,1.7195928,-2.2774897,0.6125114,5.9001746,-0.058820717,12.688439
-4.0810533,0.00089639093,-1.2199986,0.2748794,-0.5825489,1.6760046,-12.6357,-4.7442083,-1.7860364,-4.7044744,0.576993,-0.90990865,-6.3503604,14.952754,-9.173345,0.2213674,-1.7640328,-0.45862186,-0.9675141,-3.024296,19.995281,-5.1956253,-2.3021889,20.516878,-2.2316997,-0.74680245,-0.026374696,0.17379165,-2.9979818,2.6224594,-1.3573146,-0.9134234,-0.9711457,6.2484665,0.40704784,2.1348844,10.500396,1.7186099,-0.5345861,4.3906918,-2.715906,1.6462051,-5.6529913,1.0346276,5.7961054,-0.09296896,12.352704
-7.7204213,-0.09433622,-1.1427308,0.5001392,-0.9972009,-17.430414,-14.348956,1.5109888,1.6965423,-0.6994161,0.93061674,-1.6699519,-3.0951884,20.590204,-4.9809055,0.28743148,-2.4167602,-0.88775045,-0.9782686,-3.3490252,16.996231,-0.39473513,1.0708866,25.199066,-2.0951438,-0.6354263,-0.3018224,-0.061626233,-1.3403875,2.8608744,-0.7444376,2.2872534,-0.6967496,1.8002235,-1.0660863,-0.8830831,5.0005193,1.996863,-4.174814,4.0022244,-1.089151,3.7457602,-6.9391365,1.571891,6.091239,-0.3610429,11.619377
-6.7961655,-0.14501718,-0.98237026,-0.2700934,-1.1889595,-18.42752,-17.811247,1.4528047,3.6621733,-0.41889024,0.8826604,-1.2439946,-1.9602791,17.717329,4.2282915,0.67355424,-2.2701972,-0.7171493,-0.91708136,-8.468627,15.25345,0.99490416,0.9408211,23.29377,-0.31907904,-0.53224367,0.22073103,-0.10362118,-0.7609373,2.4766517,-0.7503877,3.1328511,-2.191655,-0.6611706,-3.3129964,-2.1150956,4.633436,1.8881762,-3.335168,2.9737074,-1.6676558,6.281033,-3.1150799,1.0700883,7.777503,-0.6421442,10.538192
-5.049472,-0.0605274,-0.97436863,-1.0936536,-0.23619841,-10.708103,-14.824536,1.8722214,0.06800136,-2.1542783,0.19736251,-0.3673113,-2.8556225,18.104181,-9.308428,-1.0579592,-1.8017596,-0.6762206,-0.7245991,-3.4582455,19.60945,-1.7689751,-0.5531615,17.4231,-3.3491995,-0.93644625,-0.1697794,0.22341768,-0.6917076,3.8796144,-0.5922307,-0.081025094,-1.4552759,2.8259664,0.56947684,2.0508177,9.890616,0.76033896,-1.6910005,4.2112336,-1.5190899,2.483005,-6.463607,1.779059,4.8488555,0.29423875,12.685065
-6.0570545,-0.075464904,-1.3863608,0.40623242,-0.9113595,-11.711049,-15.06624,0.47783825,-2.4827662,-2.1461413,0.37658828,-0.9133462,-3.1728406,7.5135655,-3.7927697,-1.0513346,-2.0768852,-0.41019136,-1.1561935,-4.2063603,18.431206,-1.697247,-0.09398575,14.097652,9.78338,-0.53151363,-0.50797594,0.031650715,-4.8354325,3.0801294,-1.1874189,-0.227096,-0.9719975,9.156694,0.48707643,0.73683006,10.678934,-0.43135285,-3.3113906,6.834405,-1.1817874,2.2960217,-4.2616296,1.5994028,7.5904665,0.313332,10.944987
-2.0804627,-0.39054856,-1.216025,-1.6632801,-1.4558094,1.8365144,-15.186864,4.950964,-4.124905,-2.2952924,0.5183911,-0.5747424,-13.741631,13.858399,-5.572564,0.33355954,-1.9780781,-0.2117109,-3.2199926,-2.9279978,20.249556,-1.2847645,-3.2508757,14.157699,10.143963,-0.68012464,-0.8376018,0.104055114,-7.8548007,2.3147569,-1.568583,-1.2173523,-1.5547225,8.332068,0.34892568,0.9641914,9.829669,-0.25902262,-2.85445,5.5710907,0.07688656,-0.07890828,-4.7672954,1.5701149,7.849148,0.19028553,9.053407
-9.776535,-1.6658306,-1.1115172,2.1433892,-0.08773558,-16.123425,-17.168982,12.915695,1.6831527,-0.4249228,0.46737242,-1.6617848,-4.6391773,18.99889,-6.0293427,-0.3320364,-1.2816983,-0.32848588,-0.7644647,-0.4810906,18.33924,-4.447791,6.2660136,23.732841,-2.3784738,-0.680976,-0.5904074,-12.323232,-1.2046666,3.7638767,-0.76296425,0.15999623,-0.713277,-0.19455022,-0.12539515,-3.6630847,11.877577,-0.15906598,-2.3914802,8.142019,-1.8295622,4.3047543,-8.647859,0.05463799,5.6435328,-0.58487266,13.053912
-3.3113203,0.15968557,-1.9113816,-0.7381842,0.13062048,-16.528988,-20.229382,-6.74585,5.5046535,0.96776736,0.18808432,-1.5408155,7.625269,-6.0257664,-5.613426,-0.29460615,0.52660567,-0.11358279,1.0406777,-0.5053172,22.18875,-1.4752593,1.0074912,17.517889,13.397846,0.20659323,0.5687942,0.24286798,0.30354694,-0.15062918,-0.26359612,-1.0081846,0.4470097,20.786787,2.4919498,0.6136187,13.688284,-0.5974656,-2.013812,24.843765,-0.2931498,4.6631894,0.93087876,4.039466,0.3097424,0.2057774,10.674624
1.5869132,-0.20312625,-0.77107453,0.14959505,-1.328221,3.3801205,-0.30875936,-8.014503,-3.4387279,-0.78365797,-0.5475557,-0.1523036,2.3550177,-13.779399,-1.873589,0.45556378,0.178898,0.40392098,-0.042266823,0.09814936,-4.1991105,0.020898644,-1.2379243,-19.178436,-1.9708123,-0.32008573,-0.5016305,-0.118704,0.26181456,-0.70607084,-0.23415686,-1.7616,-1.4953725,-1.8124188,-1.5312055,-0.55624115,-5.8130813,-0.7185757,-0.95867014,-4.379826,-0.4612443,-1.2470167,-0.41254792,-2.6360703,-4.932636,-1.3481394,-13.949494
0.5532802,-0.18451993,-1.3069931,0.34507674,-1.152329,2.546832,-1.5995378,-7.2228646,-2.5695577,-0.97415847,-0.44067886,-0.10728264,0.6420419,-13.026949,-2.22804,0.0031344779,0.22728853,0.18305719,0.04644147,-0.40488282,-3.6713314,0.3576282,-1.9095817,-17.45278,-1.734381,0.018030511,-1.3608863,-0.10931999,-0.14352033,-0.49383646,0.29694948,-1.6039951,-2.1316814,-2.7461197,-0.9725905,-0.54477495,-7.2866206,-0.63400364,-0.9519668,-4.253252,-0.55140513,-1.2862796,-0.3496521,-1.9177322,-3.1751747,-0.5231937,-13.161188
1.3917983,-0.18637726,-0.19133036,0.20046961,-1.2654725,3.1301672,0.10304923,-8.399232,-3.4659872,-0.57625276,-0.45955473,-0.053740785,2.308346,-14.425293,-1.7481651,0.4524659,0.053753182,0.40490496,-0.11332004,0.13489883,-4.31018,0.12939215,-1.2629881,-19.502476,-1.9312268,-0.21038602,-0.6276199,-0.02577941,0.32634327,-0.5153038,0.012281561,-1.505067,-0.98884743,-1.9234775,-1.2833036,-0.64646435,-6.99005,-0.40842935,-0.738217,-3.8755682,-0.43786693,-1.2630416,-0.32837886,-2.2804825,-5.5773263,-1.6156467,-14.044583
1.8015648,-0.18650724,-0.17668435,0.42805773,-1.3129221,3.075459,0.47164792,-11.349455,-3.5722303,-0.94955826,-0.797126,-0.068909265,1.9500338,-13.04684,-1.763457,0.5318388,-0.0068354765,0.40241718,-0.12728794,0.15642656,-4.263106,0.077565044,-1.0988333,-19.746363,-1.7182496,-0.13094893,-0.72214174,-0.064110525,0.2278927,-0.57412624,-0.14781646,-1.4683129,-1.0619164,-0.8706868,-1.3957347,0.6977373,-6.7267704,-0.40876403,-0.8616931,-4.2632065,-0.42449635,-1.3677528,-0.32185197,-2.7761698,-4.2367377,-1.5895768,-14.503003
1.3801453,-0.20713545,-0.68612653,0.24539705,-1.3058641,5.356766,-0.15746404,-9.251277,-3.1722832,-0.8843899,-0.69554466,-0.07090635,2.4920707,-14.775545,-1.7683389,0.4322247,0.19553523,0.42583066,-0.14386654,0.13717914,-4.145904,0.041862838,-1.240781,-19.485178,-1.9130518,-0.11803799,-0.47658482,0.22143446,0.30451387,-0.5114891,-0.031365417,-1.4189192,-0.9835199,-2.0540981,-0.9419522,-0.7719387,-6.8166513,-0.39224443,-0.61983204,-4.648321,-0.8206434,-1.1940216,-0.2733656,-2.4104989,-4.817655,-1.4305836,-13.644125
1.3856326,-0.14817283,-0.6529726,0.2732777,-1.2930628,3.5340703,0.19893241,-8.356662,-2.0285423,-0.9877274,-0.6759136,-0.047231942,2.2594538,-14.226263,-1.7586181,0.49619228,0.33706722,0.3774504,-0.13892148,0.20237744,-4.2412443,0.22689477,-1.168682,-19.275547,-1.8787447,0.2541886,-0.5388529,-0.0108467415,0.31435135,-0.7331874,-0.21852611,-1.7491689,-2.117933,-2.6220322,-2.4734974,-0.4359099,-6.1686544,-0.5008881,-0.6681608,-4.7074294,-0.3319878,-1.3845321,-0.19972494,-2.3513708,-5.9716196,-1.7678492,-14.430741
-1.2079799,-0.2747381,-4.087094,-0.19364092,-1.2219054,2.2954006,-2.7983205,-8.720383,-4.5641766,-0.28976342,-0.26607534,0.420952,1.6536266,-13.594398,-2.067599,0.17078829,0.43605927,0.6956432,0.4395392,-0.3034397,0.20732786,0.059391428,-1.4081634,-14.50798,-2.32888,-0.1590563,-1.3434561,-0.16494961,-1.0419925,-0.89966315,-0.39652255,-1.3132443,-2.1114829,-4.434517,-0.46031553,-1.5089979,-2.646205,-0.80212605,-1.19407,-2.7659342,-0.2114411,0.7759737,-0.72779757,-1.1974676,-3.335963,-0.9536064,-12.508529
-0.31658804,-2.1726813,-5.381068,0.32336077,-1.4631349,1.941149,0.17764883,-8.479156,-6.6458983,-0.11311575,0.5557004,0.3261981,-0.78794134,-10.986817,-3.4133663,-0.12604587,0.6315694,0.35480115,-0.21350643,-0.48542082,1.0188229,0.073007986,-2.3538857,-16.121264,-2.3795078,-0.20295964,-1.2331929,-0.099044204,0.13436148,-1.0302645,-0.30979005,-0.021189772,-2.4863074,-5.171932,0.81539536,0.07903699,-2.9329636,-0.27501938,2.1819613,-3.0586557,-2.1399086,-2.5868495,-0.14178565,-2.3084874,-6.043014,-1.0852969,-6.8100905
1.2597059,-0.21353137,-1.3740083,0.33437678,-0.82051563,2.906197,-2.0399668,-7.5721207,-2.3525934,-0.8852735,-0.7497089,0.0035765567,0.750705,-13.037464,-2.0865278,-0.0006965175,0.1887835,0.16208239,-0.015946623,-0.23718733,-3.6982608,0.35865653,-1.6521741,-17.321993,-2.104322,-0.14549485,-0.25549155,-0.040830772,-0.098209515,-0.55023634,-0.085520335,-1.601161,-2.0244265,-2.7461586,-1.0400828,-0.5408775,-5.7642126,-0.66627234,-1.0249841,-3.9346905,-0.5559994,-1.3075608,-0.40192676,-2.2239218,-4.0034423,-1.2639936,-14.424825
1.2552971,-0.15089093,-1.222483,-0.38964736,-1.1262611,2.1382663,-0.59591156,-7.2675242,-2.310704,-0.8806051,-0.43595228,0.031661738,0.76549923,-13.133747,-1.8044809,0.023940805,0.18081687,0.14547499,0.03304647,-0.16296439,-3.8987167,0.359701,-1.5338438,-17.764162,-2.518994,-0.10960917,-0.24494198,-0.023119772,-0.11523018,-0.6622319,-0.15586014,-1.5671943,-2.0667145,-2.7536626,-1.06951,-0.46723828,-5.8048368,-0.18473008,-0.9287431,-4.2318172,-0.5424025,-0.9270535,-0.33991718,-2.4313195,-5.330937,-1.327238,-13.514245
1.8114547,-0.12625696,-1.0209233,0.36309576,-1.3749806,5.2028475,0.24229898,-7.7909784,-7.332922,-0.78484815,-0.7642326,0.0024983778,2.1049995,-13.436598,-1.7231053,0.50986177,0.15357274,0.38830084,-0.1216332,0.13479768,-3.3982346,0.083665825,-1.3242484,-19.746656,-1.2998277,-0.3242057,-0.47699246,-0.0401448,0.3845363,-0.4825823,-0.3724884,-1.6026614,-0.931934,-2.1685328,-0.58107,0.12318259,-7.063011,-0.43251336,-0.61519235,-4.500025,-0.7597453,-1.142882,-0.42460927,-2.7451503,-5.224922,-1.0728376,-14.178492
0.51079017,-0.16729642,-1.4996608,0.09932619,-1.4755175,2.4869623,0.20142077,-7.1693625,-2.1152918,-1.1873183,-0.24476784,-0.5475009,-0.12694389,-12.917456,-2.9152877,0.030126102,0.36772883,0.15977407,0.06368154,-0.6099357,-1.502604,0.36307472,-1.6366806,-16.612183,-2.462296,-0.1390785,-0.30784777,-0.06240535,0.08562776,-0.6355931,-0.09841686,-1.5763241,-2.4680634,-3.857277,-1.8942138,-1.095714,-7.1759944,-0.43487754,-1.0224997,-3.7008433,-0.5836991,-0.8596252,-0.344239,-2.1674962,-5.5675745,-0.26434717,-12.297159
1.4545501,-0.20907922,-0.3880793,0.17412496,-1.584718,4.1232634,1.2659857,-10.566879,-5.425593,-1.1117285,-0.57697546,0.1496225,2.0869992,-12.7833805,-1.8448764,1.0889894,0.043402854,0.6695601,0.009602116,0.4656303,-4.045833,0.16160473,-1.1127982,-19.79753,-1.8565949,-0.43600264,-0.45923814,-0.14108019,0.22976384,-0.9205225,-0.27846026,-1.65104,-0.6149104,-1.8888997,-1.2359996,0.65328294,-6.7890267,-0.46708125,-1.3550618,-4.718374,-0.5158172,-0.88951164,-0.48053038,-3.7991238,-4.036398,-1.0300909,-14.532717
1.4523765,0.07940491,0.006357147,0.21686384,-1.4671112,4.343994,1.8369389,-8.676788,-7.0934057,-0.9772492,-0.33405462,0.21226683,2.1565878,-13.613084,-1.658463,1.1758659,0.12660418,0.62469435,-0.3307297,0.6254149,-4.9850926,-0.3036358,-1.3742695,-20.122831,-1.9602978,-0.36828113,-0.55269146,0.04597654,-0.23602724,-0.7015903,-0.1727059,-1.3355358,-0.5042908,-2.3100574,-1.2994425,0.06889842,-6.83228,-0.38913816,-1.0174693,-4.2923474,-0.4863362,-0.855349,-0.28233212,-3.8717816,-3.5940845,-1.0388008,-14.9410095
1.5295208,-0.1569615,-0.6465584,0.27409205,-1.3108852,3.7003183,2.4123511,-9.243703,-1.8844818,-0.926694,-0.6922699,-0.0814028,1.9890665,-13.512953,-1.8210607,0.44422492,0.41264307,0.38274178,-0.08107814,0.20181242,-5.3545985,0.21151908,-0.93867844,-20.0016,-1.902368,-0.31665114,-0.4453056,-0.016153598,0.37920707,-0.73123777,-0.031546652,-1.3998371,-1.5712155,-2.8468173,-2.4087563,-0.24367236,-6.8140316,-0.4388239,-0.6303985,-4.8190026,-0.40598553,-0.9339227,-0.25518233,-3.8286855,-5.0067425,-1.3417438,-15.519521
2.70568,-0.19277404,0.34995064,0.36069414,-1.0910277,11.0524435,2.208987,-6.976238,3.5905316,-1.2288342,-0.9231411,-1.4711288,3.0792465,-15.776849,-0.84618676,1.4187609,0.11046883,1.365937,-0.0010320211,2.2130473,-5.76658,-0.9245854,-0.83018523,-17.72051,4.1872725,0.28185475,0.83651954,-0.38516632,1.2524577,-1.7175167,-0.043563683,0.7827883,2.809677,0.23737697,-0.39142662,1.1929433,-8.072378,-0.8186727,-1.8781741,-8.24456,-0.5168184,2.679162,-0.6150446,-0.2571185,-8.91695,-1.2011555,-16.565882
0.6794513,-0.18183075,-1.6495475,-1.7034676,-0.20005131,-6.2414184,-10.180873,6.331855,-0.6172376,-1.6609455,1.0960957,-0.9593821,-0.7783423,-7.1104097,-4.1375628,-0.34546486,-1.0930895,-0.1398474,-0.110017054,0.612013,3.0041194,-1.5009279,-0.9345592,-9.328797,-4.16016,-0.3860467,-0.6653945,0.06165667,-0.09278092,-0.17944868,-0.18754196,-0.71823025,-2.2599823,-4.63894,2.1943536,-2.216609,-4.1742115,5.17895,0.19701172,7.235616,-2.4244223,-0.56908846,0.2733733,5.2269588,7.599276,-0.027679492,20.546803
-0.8494579,-0.14839573,-1.4746487,-2.2039392,-0.1805421,-7.1978602,-10.464429,6.5866446,-0.75759155,-1.6768132,1.064145,-1.3087893,-0.6035066,-6.94723,-4.3848124,-0.045928627,-1.0529478,-0.21795867,-0.13435124,0.44680563,5.2529745,-1.5287124,-0.95494914,-8.397507,-2.7867498,-0.3742552,-1.0834825,-0.2767795,-0.24403216,-0.38922513,-0.16946241,-0.70517343,-2.4188015,-7.6786237,1.9440825,-3.0179865,-3.9677322,5.5083847,0.84163904,7.922013,-2.574986,-0.51909745,0.3516843,4.4222064,7.5939164,-0.0442812,19.680916
-3.1951082,-0.36652705,-1.2448425,-2.756421,-0.6725524,-11.855972,-9.020012,0.16560405,-4.1776586,-2.3646564,0.29958913,-1.228719,-0.7110858,-4.690046,-6.8952765,-0.9000331,-0.88160205,-0.30064633,-1.2868922,0.4730293,23.874596,-0.93394053,-0.9673196,15.372957,-3.694248,-0.413787,-0.8739176,-0.39756042,-0.1917404,-0.9291807,-0.6431004,-1.1851623,-2.1978004,-5.693692,1.264803,-4.543145,-6.432293,4.4853215,-2.1129894,7.3474126,-1.7906247,2.573963,-1.5483757,3.1005754,4.730573,-0.6711052,12.953155
1.1271067,-0.26015034,0.2612736,0.50708103,-1.0958318,4.344821,0.19855656,-7.2994566,-7.525809,-0.6501625,-0.9096158,0.067350835,2.905829,-14.100156,-1.686373,0.031376276,0.014014511,0.63068295,0.03495501,-0.37945196,-3.1872244,0.46409476,-1.3255218,-18.46578,4.195292,0.28370684,-0.40096787,-0.020194141,0.2979207,-0.8047495,-0.079351485,0.34330094,2.451024,-0.546772,-0.68073905,0.11665319,-7.0561776,-0.32539493,-1.1225114,-4.024789,-0.26562572,-1.3600916,-0.39757177,-2.7547183,-7.8834167,-1.0617938,-16.371616
1.3447489,-0.15523808,-1.1994141,0.29989073,-0.75430894,3.7373073,-2.2592902,-6.9379454,-6.4409595,-1.0570042,-0.32116988,0.09306213,2.628441,-12.794155,-2.3875058,0.015723132,0.29419765,0.28725928,0.0992084,-0.17631188,-0.4970548,0.96321106,-1.8626472,-19.38547,-0.17638434,-0.07555538,-0.28863063,-0.09684631,0.08997496,-0.63991165,0.21872322,-0.02743805,2.7505832,-1.6649095,-0.5387418,0.17805569,-7.392509,-0.12517267,-1.1449426,-4.2669926,-0.43421987,-0.8702204,-0.57627285,-2.876469,-4.732181,-1.0671746,-13.930328
1.9348391,-0.082807265,0.29162252,2.938831,-1.1078525,5.7315955,3.3292694,-6.9439607,-10.556401,-1.0231822,-0.8173749,-0.006382489,3.5196257,-17.289843,-1.4505988,1.1612558,0.12612307,0.5693502,-0.13236824,-0.0005536461,-4.8471227,0.45632872,-1.2083725,-19.512987,5.1357493,0.1863832,-0.17859621,-0.060250923,0.4797599,-0.7638088,-0.096396826,-0.3482789,1.8868458,1.5671318,-0.38392663,0.055360403,-9.120458,-0.32154053,-0.8313602,-4.630873,-0.39864275,-0.3181,-0.37610084,-3.0011275,-9.783477,-1.1394806,-16.469791
1.947169,-0.20186329,0.43733895,2.0320432,-0.052438915,5.3171096,3.1302319,-6.900881,-10.887818,-0.071320556,-1.4969403,0.035784747,3.491557,-17.176914,-1.4300755,1.1505625,0.064298764,-0.0590399,-0.12282539,0.072245926,-5.551373,0.50683224,-1.272864,-19.61036,5.3383036,0.19613144,-0.19937275,-0.07650937,0.48857987,-0.7732273,-0.023191657,0.027330974,2.0593865,1.9557772,-0.48101777,0.027171567,-8.367004,-0.32205725,-0.8874629,-4.0304685,-0.56435126,-0.3056272,-0.37857762,-3.6062272,-9.909531,-1.03079,-16.618698
1.2020451,-0.3352532,0.49283674,1.1648438,-1.0830402,3.618004,0.2180388,-7.5024357,-6.4281597,-0.68212163,-0.48727793,0.03845671,2.8657525,-14.287872,-1.8212143,0.056997072,-0.0054550255,0.6287035,0.033154164,-0.62449425,-3.0394475,0.9549926,-1.4620763,-18.977077,3.3600197,0.118281744,-0.32049397,-0.046887837,0.095689595,-0.7971014,-0.12927452,-0.8189182,2.515345,-0.8357081,-0.6270537,-0.1660709,-7.3694243,-0.4135201,-1.0197227,-4.0328145,-0.36435854,-1.2505879,-0.3805723,-2.7488167,-7.8156257,-1.4287124,-14.610257
1.8384418,-0.03076856,-1.0262523,0.7450897,-0.82964253,3.275387,-1.0953794,-7.042588,-6.9324164,-0.762239,-0.6090248,0.20247962,1.0675069,-11.986527,-2.3324263,-0.6139479,0.28621548,0.11431517,0.015248948,-0.46302828,-0.6704766,0.83240247,-2.0523913,-17.621407,-0.20710559,0.014503902,-0.1992256,-0.06285403,0.0657256,-0.5488217,0.19179097,-1.6619321,0.30130702,-2.3796759,-0.61107475,0.83658296,-7.190398,-0.31280947,-0.8989415,-2.0108826,-1.3801585,-0.92697954,-0.37003386,-1.92721,-5.3739924,-0.5357928,-13.308075
-3.2547534,-0.2904337,-0.91768825,-1.1505485,1.4312307,-4.449219,11.469446,1.9563322,-5.0257936,-2.0165186,0.79031515,-0.17894576,3.1730647,30.985006,-7.9582624,-0.39297867,-1.1616828,-0.39533812,-2.0952663,2.0867453,21.623257,-0.25385532,-2.6942914,34.615063,-3.2178924,-0.13031612,0.28235036,0.00726312,0.08137716,-1.887757,-0.83657223,0.8664187,-0.5772449,-6.5798764,0.82282144,-6.653052,12.207964,0.26330224,-1.8213894,3.5246046,-3.259745,4.4416327,0.6370984,-2.0903463,10.00924,0.31748918,17.033972
1.3104014,-0.119039916,-1.7920812,-1.9502983,0.42739373,7.56388,13.818557,-1.143093,-4.498056,-1.6644459,1.2421952,0.14308906,3.7909927,17.918285,-5.377359,0.5068972,-1.461207,-0.020903246,-1.0612388,-1.9564383,22.30179,-0.20545655,-4.2275577,31.47471,-2.5757995,-0.31401154,0.7115735,-0.026415262,1.6722006,-1.0632213,-0.8829429,-3.0468729,5.389365,-1.2631341,2.4570525,-4.273567,11.4102125,0.44566503,-2.8404756,5.2999616,-2.6819417,-1.0956316,-0.024108812,2.512931,6.009341,0.27571562,18.57926
6.058713,-0.54632306,-1.7527221,-3.1494977,1.9189429,2.4604619,7.747398,10.447114,-2.3419676,-0.9926126,0.29535538,-0.7326355,-1.8719318,21.186865,5.708784,-0.044271044,-1.5088251,-0.19067647,-0.025877059,0.12642945,21.079311,-0.33530498,1.4759647,37.85474,-4.5625925,0.0930139,0.2768408,0.095509775,0.9971428,-1.0888537,-0.2359806,5.0083957,-0.5408558,11.611773,1.5081793,-0.5558426,15.647156,-0.38144362,-1.4180194,5.636258,-2.4798205,-2.1131935,0.50677514,2.3353353,9.050864,0.25079048,21.897669
3.2962887,-0.55292785,-0.9467439,-1.3807355,-0.27268973,1.7392966,10.863431,3.9864583,-2.785054,-1.5862852,0.09623542,-0.8644794,0.7908921,26.56825,5.179651,-0.46727234,-0.5141654,-0.43815088,-1.1445029,1.2061056,20.381039,0.5840568,-3.3325367,38.03159,-4.686484,-0.40167007,0.25632182,-0.20030437,0.031551395,-1.3246846,-0.056397546,-2.0960627,-2.0193315,9.681554,1.4349756,5.2433486,13.8727665,-0.0033375968,0.63896906,5.6956377,-3.2543256,-2.5076585,0.57638586,2.818342,10.100273,0.039349698,21.619257
3.9711654,-0.4807326,-0.7006785,-1.4029421,-0.66673076,6.127558,12.297363,2.3090289,-0.44678605,-1.160458,0.75226116,-0.6386453,0.22887105,21.32757,4.456728,0.03651294,-0.5460701,-0.11010355,-0.66433746,5.982145,17.494692,0.113953955,-2.3591192,35.01137,-2.4549935,-0.48097676,0.027458759,-0.10032629,0.86385864,-1.1616657,0.08318378,-2.1115992,-0.9332726,10.364028,1.7352673,5.424902,13.79864,-1.2842127,1.0257907,6.755331,-0.5156025,-2.0233114,0.73371726,3.3311565,10.162239,0.25314698,18.835289
3.4903424,-0.27423865,-1.8509953,-1.8959216,0.21380043,5.827859,10.882379,2.8856058,-1.504893,-0.9825271,0.8389167,-0.9114702,0.08172469,24.517017,5.1623454,-0.10825347,-0.54555595,-0.25713602,-0.79431146,-0.06838962,18.767591,0.038870905,-2.362622,36.01189,-0.2843241,-0.27669004,0.33676076,-0.09872771,0.7814953,-1.2791688,-0.22097097,-2.138704,-2.2381706,9.979904,2.2924116,5.617464,14.259112,-1.268508,5.621841,6.010196,-0.4605117,-1.9545262,0.7332939,2.8572247,10.5088005,0.27365804,19.163717
4.801597,-0.42078528,-2.618593,-1.3258841,0.29388937,11.039815,11.429889,4.183229,-1.193948,-0.5474448,0.9015886,-0.87689334,-1.3230629,28.145645,3.4834023,0.62188137,-0.20393974,-0.40208983,-0.42401636,3.8795118,1.4325384,0.46343067,-3.1337445,31.416023,-3.262698,-0.5770006,0.27691585,-0.08860161,0.9255844,-1.2646921,-0.02440984,-1.8870827,-2.3595638,9.935219,1.2304767,5.6962943,15.912127,-1.3561739,1.0684923,5.6176004,0.19952394,-2.0057926,0.5351224,4.317493,12.931258,0.38535395,27.74912
2.8242972,-0.3045245,-0.8174401,-1.4501959,0.39800575,4.599775,8.640409,2.3987334,-1.0989643,-0.9627113,0.7650517,-1.085306,0.34358686,23.357643,6.6620727,0.300279,-1.1989201,-0.22650117,-0.7792902,0.90704626,16.387606,0.74000365,-2.5802052,30.212074,-2.7121253,-0.070116945,0.3227496,-0.10330704,1.0025021,-1.1299205,-0.11630805,-2.4099038,-2.2050283,9.200403,1.9367422,5.3059893,17.23045,-1.3284022,0.12350613,4.2877855,0.25810647,-1.9957064,0.8383362,2.905773,10.348091,0.24625099,19.703932
5.442705,-0.24664247,-1.3283932,-3.3234642,-0.17585441,2.8292415,6.477891,9.11102,-2.5886252,-0.4711619,0.23315643,-0.7940613,-1.5886989,16.570797,5.3132586,-0.2477339,-1.027671,-0.25024828,-0.89647,-1.8443315,21.107409,0.6082924,0.82522714,38.860943,-2.849581,-0.6290996,0.5361036,-0.05920446,1.0555621,-0.9531861,-0.047403716,5.4881153,-0.42067358,11.813083,1.6380894,2.568153,16.877895,-0.99863845,2.8463602,5.9359016,-1.3097783,-1.4106451,0.48643532,2.035864,8.610544,0.34470814,19.246567
2.5189235,-1.3750287,4.272056,-3.0216675,0.6030915,4.2961907,3.4454026,8.32938,-1.23921,0.073928565,0.4677865,-0.74011385,-0.53789526,23.014881,8.107258,-0.871435,-0.48637065,0.23092756,-0.16132529,0.9076716,22.115505,1.8691438,17.056221,34.048347,-1.9161392,-0.097108476,0.17172985,-0.0098609105,1.6220473,-1.8150437,-0.17071497,-1.8249155,-0.40454894,12.598263,2.4519281,2.1677558,17.43764,-0.24641545,8.53924,6.758811,0.49378026,-2.5217624,0.98597044,2.5962188,8.713944,0.17954211,18.857168
2.6556888,-0.37632683,-1.579446,-0.58345354,-0.04283545,11.25356,9.43089,7.1579895,-5.130313,-0.10963772,0.4419467,0.46385342,-1.3668656,23.732016,6.4895277,-0.34391278,-1.0842053,-0.83653617,0.06988944,3.8424332,0.19869086,0.28785968,-1.4264889,27.906998,-1.4566696,-0.054979697,-0.096829265,-0.12176707,2.2044024,-1.1901505,-0.300684,-2.2267065,-0.7951137,10.318325,1.3202096,4.090112,20.770212,-1.4641945,0.84655195,7.8853045,0.36668593,-1.2310973,0.54666114,4.843835,11.384984,0.5180885,26.181654
-1.8096238,-0.12080511,-1.4922506,-2.3380153,1.8299962,7.2060194,10.498328,7.748353,-3.688275,-0.4545205,0.74106735,-0.90850276,2.2841074,29.009884,3.4083316,0.6257749,-0.65717036,0.27076733,-1.1382103,0.2712379,21.989483,0.2804702,0.7956941,35.563896,-2.7262106,-0.41522607,0.023970755,-0.022633309,0.36056873,-1.1182332,-0.013224123,-1.2266612,-2.1069787,6.9838853,0.4864417,3.593514,14.840553,-0.45168078,-1.4778249,3.1365898,-2.0412169,1.8321732,0.81059164,2.6895971,10.671729,0.061431438,19.64509
1.839213,-0.41563153,3.6132393,-1.9107099,-0.3808387,7.4994526,11.043515,4.4316053,-3.458069,-0.8646214,0.75797313,-1.1604321,0.099161394,30.551743,4.0459538,-0.23261175,-0.5172336,-0.020870265,-0.75951034,1.7161864,19.827028,0.7851867,-3.2331448,35.98091,-2.878626,-0.12018294,0.2594962,-0.032732695,0.09245752,-1.0207518,-0.36814544,-1.74047,-2.1068826,9.892022,0.32332835,4.034901,14.474654,-0.8599994,-1.6942474,4.579641,-3.6415775,-0.6236917,0.5322372,3.2498627,10.58277,0.07208996,21.250816
3.2081895,-0.4907861,-1.479439,-1.6486975,0.38364998,8.994971,11.345513,4.1424527,-3.7680743,-0.016439468,0.7276046,-0.84820557,-0.44854125,26.26224,4.719648,-0.43984082,-0.7141507,-0.01674137,-0.65153533,-0.37073895,21.600698,0.72564906,-3.2712288,34.55222,-4.7039256,-0.30541924,0.37867948,0.08958758,0.2087286,-0.28991017,0.19208789,-1.652476,-2.206564,9.017115,0.14164275,4.2824297,13.640976,-0.5457414,0.91767603,4.526133,-1.5515637,-0.3985941,0.568803,3.4765403,10.401736,0.32243147,24.34319
-1.5617261,-0.4216502,-0.63434273,-1.4878304,0.009590681,12.642915,12.307962,4.837464,-4.381311,-0.8926935,0.7657454,-0.78604263,-0.30822438,18.924889,4.691484,-0.29829842,-1.1382799,0.18288006,-0.5488699,-0.6223125,20.960247,0.52617884,-3.1083405,27.64074,-3.5414424,-0.3142595,0.45478135,-0.07760423,0.9774231,-0.8936406,0.10266151,-1.3851709,-2.196217,7.8100557,0.34813833,4.6242213,14.028692,-1.3622653,4.854868,4.193287,-2.545243,-0.5087408,0.9411329,3.7853236,10.477196,0.1729099,21.393118
2.14711,-0.71283054,-1.2011355,-1.4203516,-0.18463285,12.411182,12.1041565,5.839546,-5.181763,0.9171312,0.6056579,0.2668746,-0.64379656,22.134743,6.084941,-0.20799266,-1.8498327,1.5362598,0.0908544,-0.18967834,2.2364442,-0.19087686,-3.3617623,35.313858,-0.5715734,-0.18391104,0.35147512,-0.045124143,1.2939477,-1.2878877,-0.06001486,-1.9840046,-2.8338242,9.891795,1.2946049,5.1711755,14.3110285,-1.5239687,1.5880811,6.208536,-0.729645,-0.9329058,0.6648752,4.817238,12.7349825,0.1846968,28.542885
3.5851088,-0.48061273,-1.0114475,-1.3913805,0.1479498,13.157302,12.359117,3.6958613,-4.66265,-0.3483195,1.0522709,-1.2511708,-0.8786163,20.684208,4.8640733,-0.3756736,-0.5630176,0.34154102,-0.8733518,4.0350757,17.824678,-0.05724674,-1.849218,29.600424,-1.0523472,-0.34140256,0.29438442,-0.33880726,0.42310882,-1.5809083,-0.08323295,-2.1250825,-2.0606759,10.0671425,0.09563933,4.1375265,14.168719,-1.688374,5.134546,5.8357706,0.4361961,0.22979203,0.67593443,3.7345126,10.369299,0.17481335,20.010847
3.9884167,-0.36310232,-0.885894,-1.5743744,0.19575517,13.995896,11.442011,4.307452,-5.215124,-0.079019874,0.90048224,0.089903265,-0.98630387,17.402107,5.294472,0.7786818,-0.93567985,0.0093697915,0.25799614,-0.37567002,18.246992,0.73236233,-3.0085287,30.2271,-3.1026793,-0.4855608,0.31471398,-0.0133261345,1.1670102,-0.9568324,-0.15071145,-2.0180523,-1.9292088,9.614675,0.7898892,5.494853,15.771402,-1.2755404,5.235536,4.638279,-1.4610442,0.057736862,0.6807938,3.9699435,10.640532,0.2651807,21.517923
3.0559006,-0.3339756,-1.3001059,-1.7226888,-0.53176457,11.903758,10.252226,3.627648,-4.225023,0.3234361,0.7046352,-0.8177962,-1.591156,23.579115,5.732935,-0.5249947,-0.5562204,0.021175776,-0.71831465,0.013321325,20.283398,0.6901212,-2.9968467,31.348991,-3.8054144,-0.59295136,0.4133244,-0.111696936,0.74100655,-0.7177454,-0.034788176,-1.4657036,-2.030945,8.912555,0.040291633,4.2696457,15.874112,-1.3708625,4.043045,4.687738,-1.409356,3.6800961,0.6193457,3.6786005,10.539186,0.23927142,21.052103
3.95408,-0.40837514,-0.85250163,0.9064108,0.24633606,14.787225,10.579161,6.283744,-4.476078,-0.021535788,0.5751135,-0.018951213,-2.4577844,20.079102,4.1777506,0.5276818,-0.728612,-0.31926653,0.11427237,4.772678,0.1730071,0.021818679,-1.7350595,24.368092,-1.7501225,-0.6412233,0.15574843,-0.08752586,1.0799694,-1.0661713,0.25479797,-1.6447747,-1.8499544,10.743852,1.7260886,4.971387,18.447552,-1.1210338,3.3412445,5.514291,0.755044,-1.1958457,0.69876367,4.8911858,13.076557,0.13505498,25.602242
-2.9994407,-0.6288347,1.633875,-2.5409758,-0.22726437,6.3820477,-5.320981,13.980658,4.1608586,-0.5947026,0.74384904,-0.8368809,6.0150247,41.292767,7.723461,-0.51539516,-1.2884537,-2.0070653,-0.9793904,-0.77332276,21.229015,-6.3484936,1.325958,41.984097,-5.387303,-0.7559308,0.100290224,-0.6674592,-0.5708743,1.4572625,-1.0928628,1.4676669,-1.1961842,1.0582762,-6.4535956,-1.0130607,17.276373,-1.407595,10.644029,1.0750477,-0.7272094,6.9196105,-2.6675587,-0.0057257507,8.116202,-0.3133336,16.259226
5.1249537,-0.50320977,-1.5893171,-2.0890915,0.08847951,8.775607,19.71209,-0.22176504,-5.8314166,1.0062058,0.85479814,0.4018014,0.29315808,22.196466,-6.8903527,0.4774957,-0.30820614,-0.11591123,-1.9050088,6.1200976,21.96425,-0.17940168,-2.2647204,23.71264,-2.83394,-0.3714875,0.285505,-0.19530801,1.7029638,-1.7749174,-0.7280177,-2.981124,-0.6449702,7.273901,1.7198318,-3.136956,10.432682,-0.8944656,-2.831675,5.9856563,-2.8378673,-4.2671757,-1.8864359,-3.7829099,5.1697893,0.13032286,17.572226
2.9104984,-0.05872216,-1.5459226,1.5210087,0.04972246,-5.9279428,-8.134047,-3.7472808,-0.07865766,-1.057379,1.0645778,0.11578323,1.0041517,-6.323196,-5.9268036,-0.1934586,0.012068132,-0.062706545,1.107214,0.63063353,38.439262,0.90842855,0.089644305,-11.286454,-1.9423336,-0.2632443,-0.7622365,0.5159024,-0.69455695,0.33404946,0.20108552,-1.3765979,-0.9974387,-4.445917,1.8535023,1.9706247,-4.779945,8.674918,-0.3656064,11.384516,0.045105893,-0.4804362,0.35417753,2.914398,1.9887024,0.081827216,3.186068
2.7068655,-0.7009148,-1.3810247,1.592341,-0.05631233,-3.147543,-11.380905,3.0391707,-3.244091,-0.885092,1.1504946,0.024285426,0.7231825,-5.0119033,-4.847714,0.32709053,-0.013666645,0.026992694,0.8020622,-0.05835599,31.414371,0.45910478,-0.9224259,-10.322948,-2.1307912,-0.36067796,-0.0730564,-0.28578845,-0.5329385,-0.18994042,0.20032135,-0.716751,-0.04864062,-1.7782912,1.5900793,0.76694065,-3.9243665,7.235096,-1.4418075,8.071262,0.11056092,-0.39264736,0.25491926,2.216092,4.0725245,0.08142591,7.921854
3.0927148,0.075402305,-1.5980241,0.99581194,-0.11288701,-3.920532,-8.521884,-3.5330591,0.3443829,-0.91539156,0.6457959,-0.21050875,-0.7422243,-8.540523,-5.288276,0.23191248,-0.026331339,-0.014486978,0.4785004,1.592964,37.180004,0.49270746,-0.19774745,-10.029108,-1.3193122,-0.6005869,-0.75781834,-0.010958147,-0.7664355,-0.42414963,0.31477755,-1.6423787,-0.72554845,-1.1975341,1.67847,1.1986892,-4.873694,5.2793055,-1.3559835,10.792831,-0.26117384,-0.22281691,0.5384383,2.6027327,2.2981484,0.06418705,8.868968
3.007665,0.049808275,-1.4813762,1.4148843,-0.19867365,-7.177407,-11.489478,3.7514732,-1.6102111,-1.3134356,0.8507437,-1.4991095,-0.61505127,-0.7972289,-3.8647785,0.062231373,-1.3071318,-0.5220426,-0.8025129,0.7904881,29.786997,0.5928674,-1.0234956,-8.178862,-2.7857044,-0.42767626,-0.13175197,0.110125855,-0.82579666,-0.002706378,0.1592225,-1.5809909,-0.6538117,-0.18521649,1.5886097,0.4449179,-5.3202114,4.4131637,-1.1167477,7.318033,0.14722309,-0.39279193,0.19399613,4.8318753,5.9833436,-0.0043085837,10.752999
2.672139,-0.039902586,-1.4063967,1.6700534,-0.95063865,-5.3772883,-10.910894,-4.566384,0.16676459,-0.6974719,1.3061438,-1.5442822,-0.79224044,0.7184706,-3.6711044,-0.039910194,-0.07619062,-0.23676129,0.5232505,0.32877624,32.979733,1.0298777,0.739857,-8.77459,-2.9872704,-0.6112067,-0.42135343,-0.10032374,-0.6052665,0.29726443,-0.16853613,-1.177505,-1.2974486,-0.24606097,0.93550795,0.19808954,-3.456768,5.1862626,-0.9129425,9.196859,-0.09633139,-0.5071322,0.107832156,5.059809,2.3167062,0.11156994,6.996218
-0.5117598,-1.2024915,-2.2182221,-7.057274,-0.5863681,6.4171596,11.206473,3.0434322,-2.12009,-1.8992896,0.60334545,-1.1169518,-3.914614,28.649162,2.8655188,-0.33858833,-1.1293973,-0.42297643,0.0698567,-2.2162044,18.757553,0.059708256,3.0800362,33.153584,-4.8055744,-0.7354925,-0.37997168,-0.4682969,-1.3840178,-1.7217188,-1.832329,-2.5340457,-1.0610924,-8.348476,-5.677034,-2.847429,11.729022,-1.8794457,2.352238,1.3283409,-0.5490557,-7.317762,0.1946734,2.3095758,10.310915,0.2062565,13.783752
2.4424994,-0.032129988,-1.1575446,-1.7789915,0.0020714388,8.571536,13.3954115,1.8038069,-3.3888826,-0.8808754,0.40763506,0.1327656,-0.8286438,26.301727,-2.1657903,-0.43810442,-1.4718894,0.010170404,0.58498013,-1.9530904,6.813493,-0.51535255,-2.0939424,26.6572,-1.5165497,0.33691654,-0.9750454,-0.078596875,0.05487482,-0.75519174,-0.07125266,-3.1176996,-1.4936285,-0.29698244,-1.7562485,-1.4395888,-6.2694154,-0.774928,2.6146886,3.909833,-0.7660018,-3.7730024,-0.07186192,5.975237,7.8022165,0.11566781,14.913727
2.492196,-0.21592489,-0.88379663,-1.747149,-0.056190543,9.171757,14.238584,1.8436652,-3.1482425,-0.8778107,0.39905196,0.1391659,-0.8012045,26.449425,-2.1099312,-0.40093705,-1.4754552,0.014198927,0.555497,-1.938676,6.3486443,-0.47147974,-2.1483674,26.497272,-1.5083568,0.2948895,-0.99808764,-0.07447872,0.056976765,-0.7255444,-0.06947356,-3.121074,-1.4324418,-0.3314283,-2.111887,-1.4703972,-6.1467814,-0.7873823,2.3867328,4.2748475,-0.78711426,-3.7747216,-0.072786935,5.978901,7.7224045,0.11963413,14.285865
3.974578,-3.0468678,-1.6256006,-1.4689047,0.9450159,1.2804316,2.59116,17.159105,28.451954,-0.4961822,0.36579627,-0.42119545,0.19061685,30.619047,6.7918463,0.57446533,-0.25712204,-0.6516842,-0.47076645,1.4964397,21.146656,-0.2703636,11.842223,40.084915,-7.4368935,-0.17864735,0.18541844,0.13173777,0.34857154,-0.6629977,0.11106334,-0.9925334,-1.0610949,-8.668107,-2.3290591,-3.1942508,20.864979,0.21834217,3.324711,1.2882776,0.26532817,-3.1586683,-2.769529,0.5211856,5.8919616,-0.24006122,20.403227
3.7290287,-0.4109187,-0.85090166,-1.5448462,-0.13016003,12.557289,12.013138,6.062827,-3.215115,-0.8027549,0.68010604,-0.053698707,-1.3345504,25.615818,4.4240227,-0.27793586,-0.60155433,-0.099166535,-0.5692696,4.5103536,0.26395914,-0.025656005,-1.7733418,30.507847,-2.7582312,-0.39952475,0.07129434,-0.0752258,1.039018,-1.255111,-0.28263763,-1.8143369,-2.22756,8.4780655,1.4187038,4.3594384,18.058378,-1.3390049,2.4462423,5.6219335,0.14953388,-1.2862446,0.6157939,4.785274,12.504452,0.22151199,26.616365
1.6051567,-0.006760637,-2.4650116,-0.89644635,-0.57935315,0.4479488,-3.990639,-11.140549,-5.377296,-1.0672064,-0.56429994,-0.055679344,1.3334658,-12.879629,-1.6952462,1.1564432,0.49349543,0.11187382,-0.38517216,0.58970064,-0.57160866,-1.0648607,-1.1558051,-18.439972,-1.1108657,-0.08529242,-0.06877853,-0.12479746,0.3648745,-0.504477,-0.3906926,-1.5872523,-1.964429,-4.7834773,-1.3969173,0.7011473,-5.749264,-0.15914269,-1.1628039,-4.5280294,-1.0710324,-1.4431982,-0.08126284,-1.3226751,-3.8257127,-1.0638672,-11.811121
3.6292539,-0.5449773,-0.48957685,-1.8644406,-0.08010688,9.669779,15.773567,3.9124935,-2.8910394,-1.178667,-0.6432333,0.2465114,-1.9862814,29.294056,-2.956593,-0.33442155,-1.1523782,-0.26996756,-0.31535622,-0.17864038,4.469744,0.37044525,-2.5223112,28.808393,-3.0664995,0.14185508,-1.1108676,-0.3438475,-0.58677167,-0.7549285,-0.4190785,-3.073914,-2.2959912,2.597776,-3.7603085,2.9929626,-6.1805944,-0.6929334,-1.5262032,3.5496626,-0.056441065,-4.59127,-0.662896,5.1741614,6.2472253,-0.3505113,14.414634
4.1012516,-0.5832482,-0.26121265,-1.9024726,-0.14033921,12.305039,15.672522,3.3007157,-3.5301816,-0.96482515,-0.78162044,0.08832778,-2.0024488,25.764956,-2.1028085,-0.32701704,-1.0466096,-0.36969212,0.72793055,0.054874055,4.23317,1.1406468,-1.6399627,25.321915,-2.6683981,0.2261689,-1.1923863,-0.28370622,-0.9323643,-0.6189738,-0.7387325,-4.254443,-1.6657715,0.46170482,-3.0592625,3.019223,-6.0222225,-0.73035204,1.519171,4.1128416,-1.258034,-4.2902846,-0.5510926,4.9472585,7.042615,-0.24099824,14.505701
4.338076,-0.37802958,-0.95781744,-3.1223338,-0.09989704,12.843255,17.911716,4.6170917,-2.2597995,-0.63963753,-0.7327493,0.28377745,-1.9063485,23.644804,-5.4763036,-0.29109702,-1.0430782,-0.31073686,-0.28966048,5.066945,2.3235452,-0.57369125,4.1097865,23.883165,-3.0098794,0.15559837,-1.0198548,-0.5251757,-0.5401379,-0.50014955,-0.2269746,-4.239607,-1.7603104,-0.3979367,-3.5373578,-4.060797,-4.301722,-0.8544732,1.8956922,4.091753,-0.08793358,-1.8025388,-0.3535085,3.218782,5.990185,-0.08903874,14.809788
4.075762,-0.45477897,-3.1884513,-2.1861527,0.20316471,12.317038,15.315763,4.3393626,-3.0509214,-0.027301349,0.13750646,0.22911583,-2.0983949,21.435028,-4.2007475,-0.4108246,-0.7158154,-0.2783809,0.46004394,4.8235364,2.2815354,-4.8181553,5.034159,26.544144,-2.6777844,-0.049532384,-0.38068035,-0.19455831,-0.15905347,-0.4983906,-0.1090843,-4.2824545,-1.7459594,-0.6035226,-3.7749968,-1.6093808,-5.0189433,-0.36056817,1.6515622,8.970128,-0.14347395,-2.2877374,-0.4641405,5.381042,0.51109856,-0.490481,16.446966
5.504331,-0.5162795,-1.9175822,-2.5456975,0.14537084,13.969846,17.768272,4.932452,-0.2552292,-0.9638949,-0.625976,0.57396007,-2.3384078,18.100655,-4.6298,0.8818917,-0.87595254,-0.07921795,2.54081,4.2422404,2.5158298,-0.27024254,4.0988503,31.396631,2.7543855,-0.07109497,-0.97421765,-0.4562867,-0.09213388,-0.056689795,-0.23351867,-4.151942,-3.656459,13.86412,-3.578862,4.801261,-4.8186603,-0.7131258,1.2152411,6.726125,0.22677375,-2.5825455,-0.3869471,6.6933136,6.1474814,-0.21690024,16.64102
5.382255,-0.45692134,0.018904783,-1.557958,0.10710868,12.384611,11.820377,2.3274314,-2.17127,0.0685011,-0.7708479,0.29714957,-2.1073933,19.316229,-3.6514065,-0.3362793,-1.0174254,1.0773528,0.24770631,7.629273,2.215143,-0.4415903,-1.6954019,26.730417,-0.30664393,0.52038103,-0.8988609,-0.3606185,-0.34097022,0.747652,0.39611134,-3.686506,-3.1061697,11.648877,-2.6844428,-4.3851843,-5.689678,-0.70099294,2.970211,5.417988,0.4427323,-3.371796,-0.07045416,7.0143056,9.902246,0.14359304,14.493253
0.10476889,-0.56368154,0.11074885,-8.659068,-0.68028104,14.240713,14.694842,2.355085,0.9232595,-0.927135,-0.11164882,-1.1845964,-2.1813982,20.228683,-4.2959304,0.018714733,-0.7145691,0.05701221,-0.61591977,7.2297077,1.3762039,1.0464741,-1.2169089,22.764833,10.179781,0.15567064,-0.09767744,-0.056551535,-1.3036045,-1.6977731,-0.053793736,-4.0815787,-3.454564,12.464392,-3.0491636,1.9368775,-4.6394486,-0.8830655,1.4552741,7.1274557,-0.34664947,-5.298921,-0.013651321,7.308208,6.511734,-0.22349389,17.764463
1.6584105,-0.6725868,-0.41262788,-8.512515,0.37030184,11.83393,12.308454,1.6002343,-0.7737924,0.095638506,-0.7790369,-1.2834991,-1.1786504,16.696756,-4.9758716,-0.8669913,-1.3650043,0.367918,0.658819,0.28427544,1.1519485,-0.56074584,-1.8338851,21.867159,10.099975,0.3490726,-0.3093045,-0.30022818,-0.22713313,0.27727753,-0.1277883,-3.877671,-4.2758136,10.622513,-2.980303,-2.8651187,-6.6392746,-0.5660276,3.6398563,6.687337,0.6074488,-2.2379992,0.095346555,7.7116847,6.91152,-0.1911778,17.996946
3.0858598,-1.3327864,-0.3192729,-8.5684595,-0.5323165,11.683605,13.493256,0.78525233,-1.1785963,0.22990416,-0.4828463,-1.3096046,-2.0008163,19.771791,-3.0042884,-0.11018384,-1.439116,0.055238474,0.20859866,1.4736409,1.2909572,-0.3641122,-1.8822559,25.30444,4.6940446,0.16355829,-0.1406689,0.00033205785,0.4021784,0.1827728,0.09787898,-3.3606422,0.28331208,3.9122546,-2.3270242,-4.311653,-7.6502814,-0.6367767,5.087372,5.7674613,0.6172372,-2.1187127,0.39622658,6.3041167,7.3524523,-0.1337923,14.36841
1.2042048,-0.02876421,-2.5530646,-1.4418389,-1.3035604,25.99435,18.409485,-8.174975,3.7908642,4.0983825,-0.5365022,-1.3424919,-0.6626317,24.059322,-3.0624099,0.090315245,-0.47744688,0.13444784,-0.6294792,4.62255,1.5498359,0.5602555,-0.36993337,-11.637968,15.810385,0.6087923,0.6146853,0.036263265,2.5837138,-1.068931,-0.067361034,-2.6871855,-0.87436837,8.535182,-0.9961333,3.447569,-6.9033475,-0.5421126,-1.3917699,13.084591,0.43022066,-2.7686043,-0.1416509,8.401278,5.0091677,-1.2337655,28.683987
2.492196,-0.21594137,-0.8719986,-1.7471222,-0.05434922,9.1660385,14.2426405,1.8434502,-3.2083998,-0.87992954,0.39903638,0.13891861,-0.8008539,26.45017,-2.1122236,-0.4006532,-1.4754717,0.014198927,0.555497,-1.940506,6.3485417,-0.47147974,-2.148559,26.497293,-1.5083568,0.29497516,-0.99747276,-0.07449294,0.056976765,-0.7259397,-0.06947356,-3.1179404,-1.4324418,-0.33144888,-2.2537527,-1.4698302,-6.1467814,-0.7873823,2.3867328,4.2748475,-0.78711426,-3.778134,-0.072786935,5.978901,7.722556,0.12745884,14.472989
2.3850148,0.027514864,-0.9254038,-1.9083527,-0.1592111,9.080423,17.107264,2.1322327,-3.1251476,-0.90091074,0.41683054,0.101742476,-0.9609158,25.903248,-2.111604,-0.4520078,-1.4699016,0.017020233,0.5532614,-1.9488344,6.3994713,-0.44871008,-2.1348922,25.571125,-1.5041103,0.2798545,-0.9940222,-0.079577304,0.044953484,-0.73296833,-0.0841294,-3.0884607,-1.460101,-0.41018125,-1.6840452,-1.4713236,-5.1604757,-0.8855853,2.1818082,4.6316633,-0.7901538,-3.788497,-0.06616703,3.7156138,7.9929333,0.12479869,14.266025
2.8308885,0.4399328,-0.5116256,-0.6026118,0.0100304065,11.784088,16.840038,0.099793546,-3.0587287,-0.55470085,1.4108708,0.72988796,-1.016152,26.610243,-1.4723873,-0.05365872,-1.5154805,0.052597564,0.51739323,-1.8310767,6.413859,-0.5660913,-2.3344061,24.030373,-1.370358,0.35611433,-1.067803,-0.2032374,0.2472976,-0.5932124,-0.05478055,-3.0268607,-1.6010894,-0.6676981,-1.800364,-3.10858,-6.2018514,-0.5694358,2.5395443,9.055256,-0.7747713,-3.7755947,0.041414596,6.1598067,-1.1968638,0.119500704,12.644433
2.491873,-0.010145531,-0.76697785,-2.0655494,-0.775947,10.148862,16.851725,2.0032218,-3.060262,-0.95450526,0.30434516,0.09455895,-0.91204774,26.443226,-1.7218635,-0.25640064,-1.4530922,0.067823105,0.5636261,-1.8514034,6.3681855,-0.46469647,-2.1058993,26.029173,-1.2764432,0.3277527,-0.98021823,-0.07673099,0.014086385,-0.7222438,-0.074466825,-3.1190553,-1.7167386,-0.55503327,-2.3977716,-1.4712007,-5.149325,-0.94642514,0.58229977,5.27653,-0.7679606,-3.7159016,0.010044645,3.8313403,8.035411,0.1389738,13.37212
2.4975417,-0.22067669,-0.88430566,-1.7323078,-0.055423394,9.171791,14.409276,1.8439552,-3.1472778,-0.878633,0.3990955,0.13685727,-0.8292605,25.926973,-2.1099393,-0.3996912,-1.4765828,0.011489858,0.5554971,-1.9386722,6.352879,-0.47147974,-2.139286,26.496346,-1.5096729,0.29436466,-0.9997207,-0.07447872,0.05647635,-0.7267911,-0.07238389,-3.120872,-1.4440206,-0.33839256,-1.7678051,-1.469861,-6.1497273,-0.7744045,2.3868256,4.402026,-0.7869575,-3.774116,-0.07155166,5.978893,7.719861,0.11967053,14.285876
2.4975417,-0.22067669,-0.88430566,-1.7323078,-0.055423394,9.171791,14.409276,1.8439552,-3.1472778,-0.878633,0.3990955,0.13685727,-0.8292605,25.926973,-2.1099393,-0.3996912,-1.4765828,0.011489858,0.5554971,-1.9386722,6.352879,-0.47147974,-2.139286,26.496346,-1.5096729,0.29436466,-0.9997207,-0.07447872,0.05647635,-0.7267911,-0.07238389,-3.120872,-1.4440206,-0.33839256,-1.7678051,-1.469861,-6.1497273,-0.7744045,2.3868256,4.402026,-0.7869575,-3.774116,-0.07155166,5.978893,7.719861,0.11967053,14.285876
2.356045,0.07973059,-1.6528925,-1.906464,0.1628607,9.270673,11.6549,1.7453746,-3.0704129,-1.145817,-0.49070916,0.2818333,-2.1277976,23.690735,-2.1808236,-0.44132757,-1.4642214,-0.0022459344,0.58894557,-1.8672491,6.9451356,-0.5626813,-2.1591728,26.377363,-1.5589103,0.27356455,-0.90712714,-0.10627895,-0.14254853,-0.81812537,-0.048604205,-3.1922534,-1.4945273,-0.2904336,-0.79526037,-1.4327428,-5.9351068,-0.69795465,5.782754,2.753974,-0.48058063,-3.433295,-0.0176754,5.997449,10.752074,0.106148906,15.325193
2.98476,-0.48989433,-1.3001319,-1.7195679,-1.795746,14.632953,11.598383,0.48915353,-10.222795,-0.9966408,-0.81709284,0.3128691,-3.9287558,-12.791455,-6.4172387,0.6786616,-0.38863367,0.10162607,-2.0241075,2.6471841,15.4628315,4.0698385,-3.9527028,30.509935,14.706913,-0.45371774,-0.70576596,-0.19811991,-1.4311117,-0.4257799,0.060438197,7.8751044,-0.3774361,15.090231,-2.779826,-4.316185,12.943528,-1.155949,-1.4817488,16.421873,0.2846135,-0.9048066,-1.0871264,3.2188609,4.8865633,0.18690576,13.187417
2.9654496,-0.21491256,-0.11290808,0.7610895,-2.0321755,14.254988,46.75962,1.5524874,-5.816255,-0.85026723,-1.5147495,0.47061276,-3.6631532,-13.540389,-2.9681845,-0.6362523,0.019289572,0.55747914,-1.8671306,2.603063,16.979254,4.130979,-4.407286,29.681343,6.31395,0.025590323,-1.3566296,-1.78286,-1.1326951,-0.09868304,-0.5487035,7.6411147,-1.5739824,12.86004,-0.46232456,0.77422166,-2.8931303,-0.5779315,-1.3547368,16.889252,-1.6429023,-2.3500485,-0.13330884,-0.39061737,-1.1948429,-1.9669273,-5.814642
1.0482289,-0.52838,-1.3821089,0.85403717,-1.084361,10.667735,15.884725,2.6876538,-0.05625597,-0.7382892,0.47924367,0.1881274,-4.3373704,-11.677524,-2.825814,0.5419748,-0.05374873,0.53208804,-1.4956402,2.2945101,26.02822,4.0859284,-4.2221255,31.63556,11.605665,0.25128433,-0.057949036,0.12208424,-1.2041878,-0.20602676,-1.144193,-0.8008535,-1.6418622,19.115828,0.47481787,3.7211878,-1.1350518,-0.91115224,-1.9906876,25.461845,-0.1628689,-4.9655533,0.5534094,2.0138056,-3.3744428,-0.23818232,-3.6013606
1.0453528,0.027763102,0.16823173,1.4852617,-0.7900247,14.807712,44.90518,-0.6900341,-3.65494,-1.5206077,-0.6157486,0.3353768,-2.4938343,-12.969234,-2.6571915,2.1963673,0.074419826,0.56598717,-2.5024056,1.7771082,11.885488,3.9381676,-3.9908793,26.6253,12.747852,0.0554784,-2.399656,-1.7577409,-0.4445748,0.36083072,1.0224737,-4.389533,-1.590078,17.436,-0.67142123,4.5423226,-3.8025846,-0.46302676,-1.1786225,20.965464,-0.17333618,-1.2327375,-0.07393398,3.0535128,-3.0159197,-0.39597765,-6.3536067
0.1258178,-0.19427809,0.69490707,2.2063184,-0.09401676,13.252004,50.51187,-3.4352925,-4.9677925,-1.0427922,-2.195428,0.673128,2.7998557,-13.879268,-2.2321043,2.8165615,-0.35950494,0.57565457,-2.2407548,2.0048137,19.651903,-1.5877981,-2.307206,30.522,13.240193,-0.20007771,-2.366766,-1.6734278,0.022495756,-1.0899055,1.1159343,-5.2345114,-1.1696174,14.284776,3.970387,2.038389,-2.5232322,-0.3832901,-1.1837032,15.151588,-0.08142172,-2.3680162,0.25535622,-0.93207884,-3.918668,-0.36904564,-7.708405
0.24575639,-0.12941861,0.33257774,1.5169702,-0.78273076,11.398088,45.11044,-4.0760636,-1.7102615,-0.08113469,-0.7859945,0.6257166,-2.056338,-14.084576,-2.2944465,2.2511199,0.13438684,0.4815401,-2.516465,2.0986478,23.405125,3.7521443,-2.0226827,25.939112,11.356984,-0.1771744,-1.1071147,-1.395057,-0.4984728,0.5443571,-1.6102321,-3.0273883,-1.3649216,14.974294,-0.7970713,1.9711949,-2.674122,-0.58443743,-1.1553748,21.277815,-0.25573036,-1.2831178,0.34514058,-1.2229573,-2.1538002,-1.2700844,-6.4275184
0.19370331,-0.26331556,0.58128494,1.5531408,-0.21957283,10.933723,49.134434,-6.4583993,-1.7157044,0.23468867,-0.7680722,0.37648582,-1.3182619,-11.29251,-2.6079638,-0.19558875,-0.7051183,0.7268539,-1.6855838,1.93203,22.525076,3.770203,-1.6765487,27.936682,12.1344385,-0.20702556,-2.4448197,-1.348514,0.2970472,0.5212657,0.98219657,-4.3424525,-0.89073056,14.509645,3.410658,2.7050407,-2.2557406,-0.5199789,-1.3634889,15.153754,-0.4032859,-1.2776532,0.09653848,-0.96585375,-4.2390065,-1.1047529,-9.157452
5.2046638,-0.71871877,-1.2603415,0.9689822,-0.83303636,-2.3307676,16.747252,0.3479493,-5.881702,-0.81336987,0.8965503,0.18958412,2.6464965,-13.496431,-2.8158119,2.8313494,0.008588301,0.30575463,-1.3807865,2.319861,25.176596,4.306902,-5.734732,36.718517,8.597245,-0.067543976,-0.32292137,-0.07114107,-1.8263348,-0.018317021,-0.14409539,-3.2018285,-1.1170979,19.027922,-0.91235936,-4.672129,-0.46044058,-0.8165074,-2.127001,24.346977,-0.9032675,-1.5887314,-0.50160545,5.548547,-5.937382,-0.31687763,2.2889898
2.2560432,-0.16876207,0.5144632,0.57957417,-1.3865385,8.236988,11.0081005,-7.739631,0.3291032,1.1129609,-2.8902068,0.071737684,2.6950788,-14.566948,5.415128,-0.08093809,0.5868717,0.31414378,0.28065863,0.73283076,5.956303,1.0571231,-0.76956004,-15.464171,11.402357,0.35594925,0.36174187,0.16922064,0.46064156,0.06685189,0.008199591,0.9248115,-1.690053,-0.39370513,-1.0807532,-0.90862346,-6.553212,-0.38352466,-0.30737895,16.368687,-0.17550763,-1.55795,-0.44054452,-2.683571,-8.361953,-1.867966,-13.165485
2.3673034,-0.1934978,0.39314252,0.20284283,-1.4272134,8.090167,11.046134,-7.5967665,0.09154875,1.0386883,-0.27361578,0.06053382,1.4574289,-11.971554,5.016402,-0.18816966,0.56971544,0.25304893,0.2768138,0.6559792,5.987884,1.0801042,-0.6323197,-15.551782,9.933496,0.3127077,0.3526622,0.16993438,-0.011960097,0.098883055,-0.010933172,0.92802006,-1.4365466,-1.8709754,-1.188862,-0.570714,-6.0458364,-0.4047473,-0.25184366,16.947561,-0.22324373,-1.3819555,-0.33874816,-2.7933524,-8.476425,-1.7615945,-13.516334
2.326517,0.4497969,0.4031456,0.4738612,-1.4164405,8.214862,11.054276,-7.83986,0.5647603,1.0276226,-2.9196532,0.07402685,2.6454434,-15.219437,5.0054665,-0.077913895,0.58458793,0.25142056,0.28106436,0.6193441,6.0207167,1.0495688,-0.586814,-15.519919,11.3822,0.31351018,0.37645945,0.20437616,0.4307581,0.01433746,-0.035970785,0.91149217,-1.5596833,0.3533832,-1.1130378,-0.53731835,-6.92992,-0.38835323,-0.17283833,16.377758,-0.1856388,-1.6410156,-0.38784787,-2.7910645,-8.345654,-1.7633508,-13.1518755
-1.8818923,-0.19968118,-1.3544934,-2.5849924,-0.77987736,-11.07,-16.90299,2.222484,-5.3858657,-1.2351311,0.67058784,-4.557105,-3.3867645,16.873356,-0.016425086,-0.8275365,-3.9325266,-1.0738847,-0.37644458,-0.68989635,21.829136,-1.6286874,-1.884672,-9.123861,-3.914076,-1.050184,-0.082678474,-0.050360918,-0.7427915,-1.0209976,-0.008442227,0.24985926,-1.3445166,-2.2682452,1.4393076,-1.5290754,-1.7697288,-0.35960594,0.25456175,0.29976064,-2.2152905,1.1656454,0.3161291,0.050822183,6.0823665,0.12522715,11.289037
1.8418536,0.09103493,4.2593784,-0.22189243,1.362151,6.4540706,-2.359219,40.750546,24.518211,-0.30338973,0.9739782,-1.2127657,2.9163032,42.107452,10.373706,0.34857592,-0.75740856,-0.33118945,-0.3690305,0.3584441,20.512884,0.44713923,7.821679,46.87908,-4.29682,-0.3365773,-0.6823166,0.3383493,-0.13646454,-1.5004231,-0.59282804,-0.33753267,-1.0365697,0.47280023,2.2054045,1.4694061,24.661152,3.8130546,10.348411,5.384338,-1.6009377,6.708958,0.50624466,-0.31450936,8.101379,-0.45133984,21.520212
3.1557508,-0.35211447,4.6729655,-1.6803179,2.47428,6.29636,2.385868,39.498795,9.17992,-0.7087657,0.63084614,-0.91382074,4.8128047,41.383266,10.387471,0.5763305,-0.6999826,-0.48960656,-0.30055127,0.31966063,21.154654,0.64229244,8.210643,48.69945,-2.2475615,-0.19319257,-0.5477868,0.1730891,0.12087159,-2.2586563,-0.50130934,-0.534035,-0.8801772,1.8965558,-0.42319062,2.5623143,21.646633,3.7661934,12.080662,6.9053164,-1.5814155,8.303389,1.18378,1.2798494,10.061108,0.73095256,22.358084
1.3646753,0.0470179,4.36538,-1.7205069,2.3556206,13.564968,2.6615548,39.514492,9.269733,-0.77186596,0.67630637,-0.97643787,4.050489,35.301994,8.425603,-1.1318754,-0.07984147,0.108883366,-0.5612627,-0.5734457,22.957346,1.0471753,7.3045797,45.898216,0.9872909,-0.54294926,0.07700825,0.026670502,0.70356405,-2.1521103,-0.3316542,-0.08276968,-2.3277695,8.107517,2.6060772,1.8408026,20.264868,2.4695046,3.3403637,7.52248,0.3087655,7.9500074,1.5168023,2.6934216,10.284175,0.17446981,22.123837
0.6309428,-0.12171173,3.1785448,-0.58939123,3.6329064,9.299653,1.2657472,39.41573,11.141705,-0.9251983,0.9094615,-0.49378222,5.4663596,41.97451,7.5999184,-0.9369255,-0.66951287,0.11281988,0.15664107,-0.05630836,23.198296,2.0184712,-2.4549398,46.720394,1.9021077,-0.47266695,-0.10411894,-0.020689655,-4.7213073,-2.2842262,-0.20670797,-0.5262898,-1.2735658,2.3095078,2.9507594,3.8395813,20.36944,3.1598246,13.806827,7.7090015,-0.70207506,7.8761563,1.0246767,1.0333515,10.809004,0.44446826,23.029736
1.5432456,-0.5117428,7.7971716,-1.5264794,5.0898824,4.369039,3.3880284,40.70924,5.8101573,-1.0006889,0.60179096,-0.74280417,7.1940684,42.510742,10.097741,-0.07949018,-0.83655024,-0.16980188,-0.42898464,0.324564,20.964718,-0.6413081,7.3839607,52.934994,-0.8684822,-0.52221096,-0.31486022,-0.0029454206,-0.26210704,-2.3237927,-0.51735497,-0.7769298,-1.4077528,0.6903991,0.23393244,-0.07433159,22.835905,2.7952833,9.806623,5.0240746,-1.0737718,7.140294,0.87805563,2.7106514,10.761686,-0.71586746,21.631296
2.3450997,0.03968028,6.819122,-1.8957657,3.1404982,8.067341,0.6212617,17.609598,10.797563,-0.44406196,1.2343994,-0.3271381,7.2662697,42.4851,10.541479,0.071560234,-0.47191438,-0.5496296,1.1027001,0.22033624,23.139015,2.1268258,8.136217,47.379444,3.1326685,-0.3191608,-0.39333087,0.58396184,0.6156428,-0.1298977,0.14418103,-1.2451985,-0.14078948,0.80905354,0.9304055,0.0507356,21.505245,3.6128502,12.159308,5.022728,-1.2916318,10.066934,0.3247601,2.000232,11.271549,0.511237,21.632765
-0.6947487,0.03210882,6.649204,-0.22461212,4.478459,0.83079123,-0.5215272,47.187534,6.0109386,-0.91985226,0.47693795,-0.9288119,9.539226,42.617447,10.068607,0.8225659,0.21972717,-0.03290331,0.15516785,0.082817875,20.210672,1.7292341,4.8486123,51.06039,1.3057146,-0.6122383,-0.5965129,0.27091956,0.38531065,-2.0358346,-0.52997625,-0.46400312,-0.7660936,-1.05695,-1.1953841,-0.774945,22.878859,3.618819,14.185931,4.68253,-0.5539049,6.4315066,-0.33837938,-0.12434761,10.418315,0.37699243,21.281006
0.3440544,-0.19792773,5.477678,0.11143572,2.0759356,3.3207974,-1.2935545,44.245884,24.196161,1.2597829,0.5952851,-1.1059368,6.424085,41.466904,11.081587,-0.3216889,-0.9212334,-0.3981091,-0.28583565,1.5891502,20.109762,-1.8230674,8.392357,50.056835,-2.225335,-0.61146814,-0.22991616,-0.061970603,-0.23933123,-1.8113854,-0.14248297,-0.36254066,-0.8003638,-4.8338084,-9.54912,-2.4703426,25.949945,2.6232588,13.717058,5.476676,-0.03911946,6.153803,-0.42435196,-1.6572293,14.274375,-0.5064107,21.751827
-3.3909214,0.18892336,4.8824883,-3.5255115,3.037386,-0.62545204,-0.3705962,41.509487,25.906187,0.80935895,0.7725671,-1.0361061,6.740211,42.23046,11.787774,1.0755781,1.1954901,-0.03629366,0.5480332,2.0145729,20.462574,-1.4140356,9.46826,50.832882,-0.23947439,-0.6440521,-0.74588096,-0.13082986,-0.22417194,-10.997905,-0.16010247,-0.46766037,-0.7757234,-4.8299108,-4.7699676,-0.2153887,26.072865,3.5207698,19.554783,6.8016005,-1.229143,6.39329,1.8428969,-1.5555452,10.6927,0.24353473,20.122223
2.099704,-0.21637577,0.24145442,0.6681455,-1.1299309,4.9605813,1.2087682,-6.9001546,-9.693961,-0.96445185,-0.71726805,0.0099999,3.6848173,-16.790972,-1.4422697,1.1639469,0.041332424,0.5549669,-0.13455725,0.047342848,-3.653035,0.42258906,-1.4151555,-19.353636,5.865343,0.20156293,-0.14047961,-0.035915077,0.038894035,-0.677056,-0.07432914,-0.28118777,1.9109919,1.6201212,-0.32092836,0.014006056,-7.205173,-0.34791988,-0.70662385,-4.04374,-0.18168572,-0.65936863,-0.36029202,-3.1843853,-9.794571,-1.1390367,-17.315702
1.1563859,-0.32409802,0.23666853,0.5025508,-1.073105,4.3903475,0.30430308,-7.123976,-7.0880394,-0.8255949,-0.48191682,0.0536491,2.843881,-13.092396,-1.6674268,0.14012577,0.009884825,0.59274125,0.027508186,-0.42229474,-3.3289757,0.47431737,-1.4536798,-18.611343,4.5334945,0.26302347,-0.37631503,-0.030410068,-0.12264888,-0.6820248,0.17591694,-0.59489715,2.2558103,-0.56683695,-0.67278886,-0.20399667,-7.192202,-0.351896,-0.85853475,-4.2542033,-0.26635644,-1.3683602,-0.35258552,-2.9795372,-7.9051223,-1.0460298,-16.646725
1.4096376,-0.17076041,-0.6114693,0.22092128,-1.2606487,3.1244307,0.11519416,-8.423036,-3.3197038,-0.58308905,-0.55024296,-0.05047869,2.326282,-14.532297,-1.7745994,0.46476236,0.20285563,0.4058633,-0.10550375,0.14412828,-4.2622805,0.105565205,-1.2730715,-19.49872,-1.8835967,-0.070115596,-0.68193346,-0.028910583,0.31951594,-0.5169202,0.011862259,-1.4848847,-0.94918466,-1.956251,-1.5428276,-0.6306517,-6.998025,-0.39427388,-0.6408163,-4.0784245,-0.44156155,-1.2500025,-0.30478978,-2.2659628,-5.6894126,-1.6143372,-14.035686
-2.5792499,-0.46875224,-1.6876861,-0.7130135,0.49790275,-2.9508977,10.4577675,1.190743,-2.9383473,-2.0135248,0.42224,-0.04993793,0.4069709,-12.952683,-4.79034,0.24439928,-0.13064419,0.04748578,-1.3180487,-0.14003989,2.085672,0.09227384,-2.6277747,-17.23424,-2.7716568,0.0013570406,-0.9728267,-0.4060643,-0.2461057,-0.8657764,0.24918127,-1.9995309,-2.8753831,-8.179873,0.12755218,-4.0022016,-6.9996166,-1.5521233,-2.4994507,3.67592,-2.4895453,-4.207962,0.07597173,5.159808,-2.735299,-0.033313505,7.7084885
-5.498443,-0.94767076,-2.187595,-2.5653553,-1.0129778,-8.084618,-3.7357645,6.6240315,-1.8675835,-5.8971963,0.77985114,-1.192947,-1.5448915,-9.780701,-9.631643,-0.84199053,-0.45686883,-0.14237568,-1.2583253,-0.18545249,1.5081266,-0.12357849,-3.1038046,-12.234051,-4.3296742,-1.0902141,-1.3527511,-0.95670766,-0.36389413,-1.4008713,0.23250523,-1.2899815,-3.1658292,-9.212981,1.1527839,-4.5375543,-5.810908,-4.844065,-2.772188,3.3945181,-6.947496,-0.7941979,0.25502026,2.6606934,5.9855113,-0.05428943,10.962569
-2.9483087,-1.900908,-2.1697001,-2.184299,-0.88923335,-7.104327,-5.8718634,5.7525125,-1.9322393,-5.1296644,0.7779869,-0.3970439,-1.8393201,-9.114843,-8.763367,-0.6109921,-0.38231653,-0.11117121,-1.9711543,-0.15448157,1.6342963,0.6980485,-4.2008,-14.730528,-4.6169066,-1.0448098,-1.8000565,-0.13286977,1.5023595,-0.94620544,-0.2851623,-1.2266045,-3.33933,-9.103157,1.8061688,-5.677246,-5.711431,-3.9514558,-1.57376,3.3954735,-5.232762,-0.88129663,0.19791788,1.1508311,1.4155378,-0.15077151,11.375464
1.4495413,-0.06746872,-1.6162013,0.3089699,-1.0734862,2.4828737,-2.7273433,-7.3396893,-6.304061,-0.9415856,-0.5365409,0.20149432,0.7776833,-12.815795,-2.551559,0.029453848,0.27068636,0.12303146,0.088445745,-0.122673124,0.047469024,0.8090919,-2.0483117,-17.611712,-0.61758685,0.090231635,-0.29352126,-0.05413913,0.007356438,0.07009946,0.053183623,0.44594067,2.8067622,-2.124466,-0.606978,-0.14868398,-7.265045,-0.6408058,-1.123383,-4.521815,-0.44780406,-1.073377,-0.4081551,-2.5837092,-4.053477,-1.0094626,-12.628802
1.2925633,0.01576044,-1.1331735,0.06150723,-0.68735677,2.507242,-3.1472685,-7.3720493,-6.9703007,-0.84644204,-0.6035611,0.03281131,0.96364903,-12.768814,-2.2520907,-0.19877009,0.25544795,0.079081714,0.023017438,-0.033182066,-0.17848234,1.0626686,-2.0770538,-17.685995,-0.24140325,0.05409273,-0.18483903,0.00085002894,-0.24894992,-0.0010901827,0.2808463,-0.8187174,0.4452693,-2.42976,-0.31639975,-0.3905611,-6.1164794,-0.24528976,-0.88698244,-1.8671155,-0.8342071,-0.96352583,-0.30231103,-2.0081863,-4.485447,-0.55936,-12.383222
-1.5476615,-0.1403144,-1.6308444,0.10349734,-0.45005837,-4.6340513,-7.389138,-6.8112965,-6.679581,-0.44998038,1.1439972,0.36279494,1.4051666,-14.028147,-1.2205843,0.1682302,0.113105975,0.34516338,-0.75658536,0.08052903,0.82517934,-0.05434556,0.76873475,-14.6048155,-1.6604882,-0.08085503,0.06909166,-0.06726188,-0.3575049,-0.61518484,0.13896409,-1.1555378,-3.3231015,-5.0133777,0.15123124,-0.7810986,-6.182844,-1.6391313,-1.7069107,6.7763147,-1.1880922,-1.2578484,-0.2196533,0.8833065,-1.8246646,-0.30327463,-1.657466
-1.3951839,-0.08128555,-1.6694056,0.06377196,-0.37280023,-2.1368413,-7.984075,-6.8865356,-6.4378567,-0.6241282,-1.5222383,0.45133966,1.5664557,-13.698639,-1.5907463,0.14744219,0.12904812,0.33726585,-0.713074,0.1254432,0.88280386,0.031520918,0.7636453,-16.625067,-1.8488744,-0.046337124,-0.017377386,-0.030697076,-0.2113702,-0.57267755,0.08337624,-1.2287278,-3.3309405,-4.4841943,0.4001135,-0.7944558,-6.426841,-1.3950416,-1.7304806,5.9210997,-1.142916,-0.92670226,-0.123504065,0.33405122,-1.0083072,-0.3094405,-1.2756023
1.8692107,-0.1700269,-2.2358103,2.8636754,-1.9963762,-3.5047262,-2.5161865,-9.979101,-2.3506868,0.49939698,0.48922607,0.39913827,0.3627595,-11.932168,-7.3993874,0.30847904,-0.0064891037,0.14824605,-1.963654,-0.4756723,1.4464474,0.28310147,-0.33355024,-16.355211,-3.115331,-0.3608105,-0.381056,-0.021874081,-1.183696,-0.50083756,0.09181273,-2.5775256,-3.1960213,-7.728589,1.0698267,-1.6749973,-5.109101,-4.6559772,1.0185814,6.605959,-1.6121593,-3.4385614,0.028233958,1.8520262,7.2224517,0.074032106,12.397524
-3.4950879,-0.2126869,-1.7479597,-1.0277706,-0.55232984,-1.9559112,-6.9333215,-10.571447,-1.908953,-0.9436354,0.22182249,0.35850212,1.004198,-9.511907,-9.065267,-0.2333357,-0.110109955,-0.40824896,-3.327859,-0.84164727,25.257605,0.3843971,-0.87656325,-14.805935,-4.8797774,-0.6188747,-0.71805495,0.03570038,-0.9784211,-0.05189146,-0.02897325,-0.31100556,-2.6612558,-9.057591,0.21633738,-3.4781356,-4.5056605,-4.4359417,0.19323705,6.611594,-1.0334394,-2.9323866,0.29682148,-2.909358,-1.6095423,0.06681867,-3.223737
-4.0620403,-0.8180255,-1.7904389,-1.3061228,-1.8095253,-7.677154,-6.134438,-8.132605,-1.6292784,-1.4058591,0.20207912,0.06920162,0.2657492,-10.862798,-8.596993,-0.50056463,-0.1894397,-0.45727023,-4.243894,-0.78011304,1.9031098,-0.74235666,-1.011555,-12.055168,0.62288404,-0.23254395,-7.147595,-0.53951883,-0.5050663,-1.6560125,-0.42836297,-0.24555144,-2.9850297,-9.074722,1.2412202,-1.7754433,-4.386813,-3.5817711,-1.422549,7.098054,-1.6156423,-1.6948858,-0.24347094,3.1226215,9.844759,-0.19447781,10.59369
1.143556,-0.28587264,-0.018351104,0.23836425,-1.1392592,5.008678,1.7483373,-6.440196,-9.902016,0.5462923,-1.3836468,0.05340866,3.1394718,-17.220598,-1.4658575,0.79540837,0.124724925,0.5669888,-0.3296274,0.31781876,-4.2657394,0.07750818,-0.8989842,-19.272684,4.568866,0.10457883,0.29041642,-0.028926726,0.32031265,-0.84781367,-0.19947918,0.117693104,1.9545764,1.8776978,-0.6580967,-0.06510079,-6.8538885,-0.25481147,-0.8132251,-3.6752286,-0.27908483,-0.7210085,-0.5800562,-3.9977334,-8.333262,-1.1267476,-16.843843
1.1001915,-0.3233864,-0.11050725,0.44206437,-0.99071807,5.3667955,2.9887161,-6.877935,-8.466289,-0.73959684,-0.5821123,0.012117745,3.9328542,-16.352505,-1.5227864,0.34079245,0.09194812,0.63487166,0.00473101,0.2435946,-4.174858,0.4922346,-1.2422034,-19.401123,3.506859,0.19094689,-0.30732015,0.038553942,0.2304163,-0.99529725,-0.14110033,0.34225014,2.1568923,1.620835,-0.49726442,0.06456728,-8.237724,-0.30194846,-1.0361456,-4.88239,-0.32301295,-1.2818841,-0.38546452,-3.4232066,-7.2869763,-1.1529193,-17.064667
1.1349435,-0.23784918,0.16781998,0.383514,-1.1494082,4.7978096,2.6620955,-6.9046516,-9.720265,-0.8390446,-1.168385,0.085014686,3.554014,-15.826326,-1.5309949,1.124691,0.06250763,0.571386,-0.23627491,0.1802806,-4.0389285,-0.032369062,-1.1415383,-19.215746,4.9052258,0.14203529,0.6137339,-0.12900545,0.27583677,-1.4020967,-0.13097256,0.11047845,2.0967093,2.0629308,-0.43570647,0.061376914,-8.543215,-0.3794678,-0.9028995,-4.2779965,-0.1316182,-1.0735525,-0.40830436,-3.2800791,-8.593651,-1.1419394,-16.46733
1.0921991,-0.22338389,0.15708707,1.1981152,-1.1250247,4.901299,1.139739,-7.284259,-10.401608,-0.5275696,-1.0861465,0.04976653,2.3056228,-15.334425,-1.3698483,1.1110107,-0.056448784,0.5831393,0.013787674,1.7198648,-3.3138993,-0.6874789,-1.1374817,-19.453945,4.4203763,0.18627855,0.6616163,-0.023446998,0.32816505,-1.0717949,-0.21697181,0.2289462,2.429443,-0.46308914,-0.5294549,0.47482514,-7.4716487,-0.26684567,-0.8691945,-4.6982694,-0.18351102,-1.0657471,-0.49359122,-2.7297902,-8.145426,-1.1608618,-17.093798
1.2102587,-0.004299594,-2.635596,0.34987885,-0.56001353,2.6107605,-4.3621764,-7.401959,-6.5771937,-0.74871826,-0.61958575,-0.2785267,1.3660368,-13.154842,-3.4329176,-0.43110755,0.027644008,0.12566735,-0.6821664,-0.112497054,5.62139,0.07708817,-1.7770513,-17.424263,-0.9383385,-0.07687811,-0.4858591,-0.06423563,0.14464809,-0.58964235,-0.16461323,0.58434445,2.169432,-0.009679745,-0.54298943,0.63173854,-7.9167247,-0.26175106,-1.8566008,-4.6575494,-0.13554642,-1.0545509,-0.560061,-2.3462489,-4.5961533,-1.2731124,-12.417145
0.7425861,-0.25239348,0.26711932,1.2519634,-1.2333432,4.676867,3.108175,-6.91606,-9.806545,-0.47999015,-0.6367276,0.04465118,3.7011619,-16.575603,-1.937827,0.58715713,0.052037127,0.5514535,0.044545986,0.13100971,-4.6488037,0.4547542,-1.2355351,-18.774933,4.759205,0.23945966,-0.3443344,-0.105897516,0.37512374,-1.4923056,-0.18574584,-0.31810543,2.2229462,0.8649111,-0.23841895,0.17645045,-8.947573,-0.301822,-1.0158428,-4.9744425,-0.12442866,-0.27589455,-0.43715513,-2.3628745,-7.2229886,-1.1240532,-16.48619
1.7304249,-0.026120547,2.036205,2.9068024,-1.1523367,7.1168423,3.0930505,-6.629501,-10.474773,-0.1323593,-0.9911143,0.02676787,3.2375402,-16.528933,-1.4530017,1.2483121,0.14199317,0.597359,-0.121920735,0.3846369,-4.843007,0.39169756,-0.96122783,-19.417402,5.896815,0.15827607,-0.18810633,-0.13217399,0.1762333,-1.4288926,-0.12529075,-0.33742273,2.543025,1.5608386,-0.4054603,-0.009998222,-9.401797,-0.28165856,-0.9263715,-4.2256584,0.1742763,18.819918,-0.4611258,-3.3797104,-9.788715,-1.1517258,-12.013396
2.1213148,-0.30155253,0.24895754,4.319479,-1.1195537,4.467423,3.097355,-6.518472,-9.70574,-0.13892767,-0.64091754,0.10882723,2.3335576,-13.697038,-1.764002,0.2777518,0.126821,0.5050705,0.2265244,1.8479112,-4.576803,0.8246205,-0.77790594,-19.984678,4.712548,-0.13998742,-0.24445598,-0.17174831,0.20707859,-1.5641109,-0.10404375,-0.27061796,2.2794106,-0.9823963,-0.14299521,-0.04307288,-9.214373,-0.70846653,-1.6801894,-6.6393785,-0.44854107,-1.3490541,-0.5708646,-3.3445807,-8.65456,-1.0152446,-16.143244
2.370555,0.2414603,0.61755913,2.979595,-1.165041,5.058761,2.0556943,-6.7039433,-11.544035,0.24321766,-1.9091631,0.11735782,3.5880468,-18.424225,-1.5585709,0.78308386,-2.1567817,0.60581535,-0.1383084,1.193562,-4.1371493,0.2549791,-1.1607168,-19.540527,5.4573708,0.24748911,0.6198908,0.03798369,0.45636466,-1.0616372,-0.08432646,-0.20818843,1.5375744,5.408683,0.16816011,0.18202142,-8.792049,-0.100822,-0.98267704,-7.1962442,-0.3770365,-0.22727002,-0.30277818,-3.9291868,-9.281849,-1.1484506,-16.447939
2.076798,0.17936644,0.4286534,3.8722897,-0.1637441,5.568108,3.949472,-6.875108,-10.5363455,-0.24528448,-0.34697556,0.10948655,2.7909715,-17.528053,-1.4711,0.11903609,0.061872594,0.7256727,0.2035293,-0.024615679,-5.477686,0.5695843,-1.139436,-19.531134,6.095322,0.0736242,-0.39834207,-0.23719978,0.06250708,-1.4367363,-0.1370482,-0.110550866,2.315086,1.6391885,-0.14519289,0.1351152,-9.839277,-0.27443323,-1.3908452,-5.2299266,-0.28682908,-0.5491968,-0.42292395,-3.1415753,-9.878544,-1.1510057,-17.10595
1.0745397,-0.24184513,0.027493242,0.06882341,-0.5972306,3.1567636,-4.73757,-6.5860114,-10.457693,0.4725176,-0.15452743,-0.8117027,0.5181559,-14.627522,-1.5662049,0.91867995,0.04422098,0.81157875,0.039035205,1.6082019,-0.2532884,-0.9017212,-2.0309565,-19.607288,5.7948613,-0.0295946,0.94530416,0.031433605,0.43130454,-0.9972823,-0.09421798,-1.1519502,-0.41693747,-0.11608704,-0.62063813,0.21409093,-7.2926736,-0.23972164,-0.93826103,-3.5281231,-0.1806417,-1.3929719,-0.4092643,-2.3904002,-7.2098126,-0.96603525,-13.864354
1.2952297,-0.19606017,0.5487235,0.22489077,-0.50862825,4.1272902,-0.432827,-6.1110425,-10.811756,0.24699359,-0.42464393,-0.25625548,2.2562757,-18.063515,-1.8493203,1.1936252,-1.1594394,0.66754055,0.37364173,1.6670603,-3.0530634,-0.737508,-1.4729793,-19.030748,5.901514,-0.17245959,0.87419623,-0.25522953,0.21849442,-1.212726,-0.07858294,-1.4637256,-0.74690723,2.1404548,0.027258154,0.42343476,-7.096912,-0.38651532,-1.6647416,-3.4144297,-0.110644594,-1.4160653,-0.5965246,-2.7367253,-7.685986,-0.9488906,-16.172215
1.4228107,-0.11132323,-0.4015607,0.015612096,-1.2214947,3.3707469,-0.09140567,-7.1131597,-10.374486,-0.057830043,-0.25766423,0.30004135,0.94478697,-15.569263,-1.535746,1.200358,-1.2687042,0.69527143,0.527161,1.7240853,-2.3890476,-1.0879992,-1.4074426,-19.482456,5.6010566,-0.07529611,0.7192974,-0.0036743812,-0.16125758,-0.9748255,-0.053783234,-1.4887846,-0.7992521,-0.3644493,-0.018914662,0.21793944,-6.690357,-0.16502975,-1.212602,-2.3924284,-0.5733399,-1.4081017,-0.0031941491,-2.4727018,-7.730365,-1.1054469,-15.479238
1.3828236,-0.2497033,-1.4399995,-0.07555249,-0.7111824,3.365322,-3.4288766,-5.9480877,-10.765912,-0.022027768,-0.6295347,-0.31710142,0.554097,-15.114582,-1.7803922,0.95008904,-0.4352241,0.7880714,0.15393957,1.6166085,-0.21471004,-1.0084382,-1.88704,-19.68158,5.5897813,-0.015030053,0.8656268,-0.0380734,0.15165298,-0.9806339,-0.14219008,-1.2953602,-0.4766626,-0.3864469,-0.3645437,0.29077432,-6.57368,-0.3302871,-1.6503867,-1.8717479,-0.2516376,-1.4110593,0.12004827,-2.4398239,-7.104235,-1.0506012,-15.157707
2.182543,-0.24584839,-0.54491794,1.2458228,-1.1851681,4.152493,-0.36458617,-5.542546,-10.932734,0.068655565,-0.695978,-0.3361726,2.1281753,-17.515003,-1.6421418,0.9254197,0.10189857,0.2227177,0.36137727,1.6400363,-3.6647604,-0.49572253,-2.0742717,-18.706823,6.2140403,-0.07753641,0.68798,-0.10798308,0.27446112,-1.0685017,-0.049515165,-1.8458049,-0.89127374,1.1731274,-0.3802334,0.5088814,-7.4024057,-0.15835312,-1.2767599,-1.7206035,3.1429183,-1.2639937,-0.2796642,-2.5842352,-8.537412,-1.0540223,-16.757824
2.1056392,-0.13473618,0.36724785,0.3509787,-0.3102674,5.44147,3.8974023,-5.699035,-10.867067,0.04010933,-1.1739172,-0.40281096,1.6939876,-17.721413,-1.6904356,1.4115031,-1.444804,0.34211308,1.1945531,0.4007142,-4.1100993,-1.0057846,-1.419271,-19.077772,5.237254,-0.10926717,0.72505707,-0.39002278,0.05624753,-1.1736852,-0.17917047,-2.2528818,-1.7394456,6.535146,-0.26218513,0.29087505,-7.7000613,-0.51284885,-1.3369614,-10.046127,2.9028842,-0.4019612,-0.22515196,-3.4826877,-8.570566,-1.2303491,-16.376007
2.0660539,-0.2770624,0.017367225,0.25109234,-0.51975286,3.6704905,-0.38568726,-5.674719,-10.908973,-0.090081334,-0.952623,-0.27843833,1.7147388,-19.366802,-1.0618829,0.61567855,-1.1185625,0.7038942,0.979519,1.6559302,-4.9949746,-0.7282355,-1.3153279,-19.31244,8.390217,-0.010559513,0.74300814,-0.16767435,0.50180614,-1.1563092,-0.18584898,-1.5324649,-1.8312118,-1.0031092,-0.30957654,0.9878494,-6.4174953,-0.48694563,-2.009902,9.328823,-0.1093427,-0.16092682,-0.0024621058,-1.2490213,-9.331866,-1.1102276,-16.529331
2.26325,-0.08556245,0.23457979,2.4671993,-0.5254311,4.4657764,0.08991145,-5.2900653,-14.022596,0.026799824,-0.63880146,-0.4836953,-0.06601717,-17.147167,-1.7158397,1.4437959,-1.2378063,0.12056537,0.32231608,1.4226351,-4.906781,-0.7152016,-1.6118429,-19.708189,7.6543217,-0.18533069,0.53004915,-0.19116427,0.17125502,-1.61061,0.15234782,-0.8260445,-0.4529928,7.5326495,-0.008971148,0.4898829,-8.043313,-0.33815533,-1.628127,-6.9805107,2.9780445,-0.1959172,-0.8355174,-3.8362834,-8.6332855,-1.3257459,-15.990592
2.1583703,0.0527304,0.13223684,1.8963205,-0.9971442,5.1213365,-0.14021513,-6.9420676,-10.364236,0.079131335,-0.11316219,-0.7901352,2.351039,-18.742147,-1.375081,1.8436574,-1.1795982,0.15801981,0.41849107,1.6200012,-4.511552,-0.56327385,-0.28996763,-19.044575,5.3023396,-0.2862469,0.5511958,-0.46779978,-0.5747744,-0.95785457,-0.056517813,-1.7648686,0.8493897,7.1854553,-0.23809788,-0.20558737,-7.820104,-0.37881613,-1.9068713,-7.5017753,0.63221514,-1.1229087,-0.4199192,-3.3454213,-9.35323,-1.1260433,-15.882151
1.4096316,-0.1847971,-0.60602087,0.20213372,-1.2620152,3.1245518,0.1152567,-8.421178,-3.3271215,-0.58101946,-0.5503274,-0.05047752,2.329428,-14.560804,-1.755204,0.46414605,0.20285563,0.4083533,-0.10926875,0.14480345,-4.2628975,0.11728272,-1.2750847,-19.49655,-1.888528,-0.0672708,-0.68272656,-0.028202804,0.3263979,-0.5172974,0.010840474,-1.4819747,-0.94781446,-1.9593147,-1.5554402,-0.6295065,-7.0016155,-0.3983088,-0.65727216,-4.0789933,-0.4386877,-1.2505709,-0.28847012,-2.2679374,-5.6882834,-1.6146272,-14.035778
1.3984289,-0.18858656,-1.1061224,0.037803806,-1.3268343,3.0260785,-0.28965655,-8.977712,-3.507083,-0.52310365,-0.5588009,-0.051958308,2.3828022,-14.444407,-1.7125684,0.46548975,0.19882251,0.44455358,-0.033374924,0.1590077,-3.9505508,0.10421294,-1.1937015,-19.533785,-1.8981376,-0.017666718,-0.45860916,-0.02581468,0.31926242,-0.53918535,-0.019047815,-1.6694901,-0.958807,-2.0070796,-0.9233077,-0.7270658,-6.721829,-0.3955518,-0.9354611,-4.228543,-0.47917205,-1.1483088,-0.42986017,-2.3203351,-4.6332917,-1.554276,-14.149668
1.107667,-0.32725167,0.26803747,0.503361,-1.0689256,4.3965497,0.19608729,-7.1332345,-7.0754957,-0.8222761,-0.50570554,0.08691399,2.8429167,-12.971779,-1.6272563,0.13172767,0.012552456,0.5827305,0.042838268,-0.2939368,-3.324167,0.47336036,-1.4592943,-18.57737,4.1247687,0.2561542,-0.38984156,-0.027219793,-0.05674979,-0.69600725,0.22254494,-0.5928925,2.2548769,-0.5564468,-0.6673401,-0.1926926,-7.2090487,-0.31082845,-0.8695568,-4.2012973,-0.25264287,-1.3781246,-0.35082608,-2.982339,-7.841606,-1.0457146,-16.623043
1.1507133,-0.32540616,0.12509322,0.5031822,-1.0943452,4.4066834,0.89929926,-6.6196594,-8.48715,-0.82016575,-0.44780812,0.012633928,4.028501,-15.843148,-1.6540625,0.39802957,0.042850897,0.54697233,0.16979726,-0.16498645,-3.1779046,0.47317216,-1.4595419,-18.964832,4.6460295,0.24874389,-0.35854134,-0.07391102,-0.14160205,-0.65327525,-0.17583923,-0.176889,2.1751075,0.7619,-0.6617502,-0.1430485,-7.3661437,-0.30484357,-0.9117658,-4.315421,-0.29519054,-1.336485,-0.3775261,-3.0674477,-7.410881,-1.0836225,-16.966606
1.2562492,-0.29508352,-2.528439,0.6238161,-1.346777,4.915874,-0.2599865,-8.222964,-8.255839,0.555139,-0.18663375,0.3818946,1.6866871,-14.96471,-1.9506227,0.4753843,0.3272001,0.7500912,0.5139704,-0.5785367,-0.8571138,-0.4459646,-1.4445883,-17.267267,-0.015778057,-0.17942417,-0.48275906,-0.06560652,0.34845167,-0.82941204,-0.08371338,-1.5017099,-1.7409358,-5.5143414,-0.834504,-0.029220589,-2.7653713,0.26289022,-1.2310154,-3.5458784,0.69291997,-1.2537161,-0.11781262,-2.4181159,-4.8422894,-1.5188609,-15.953386
-1.0225244,-0.18425545,4.423598,0.16157557,-1.3371196,6.432576,0.2603887,-9.261822,-7.556581,1.2243596,-0.9694242,0.50923127,2.7825804,-10.53356,-1.6551015,1.64584,-2.8311086,0.89109576,0.19353317,1.2080545,6.121563,-0.6342363,-1.1274246,-15.899027,-1.2493309,0.2213298,-0.5623343,0.027515706,0.38957742,-0.93874335,-0.24283096,-1.631491,-1.3518275,-5.205804,4.4624076,0.16367005,-2.2139497,-0.6270323,-0.5998685,-3.593569,-0.40596214,-0.9729492,-0.55315596,-2.6285312,-4.7350054,-1.0593492,-12.948558
-1.1973528,-0.13388689,-1.7670852,0.14463365,-1.3330821,3.1342673,0.04517769,-7.5400996,-8.333716,0.4719704,-0.8606064,0.31433305,1.7442012,-15.523813,-1.6635382,0.7394669,0.2879116,0.6715732,-0.055612843,-0.0661314,-4.001052,-0.57534385,-1.4295217,-14.066448,-0.9156441,0.19625227,-0.45123208,-0.057454746,-0.17814785,-0.67407143,-0.07958267,-1.2326084,-1.8567795,-5.304724,-0.9188871,-0.38903072,-3.4150958,-0.30799696,-1.1110555,-3.4979,3.783357,-1.1132567,-0.62815267,-2.682009,-5.4443874,-0.8434055,-12.39169
0.5203979,0.10770145,-0.9884848,0.17722198,-1.2992179,3.5119019,-0.27624798,-7.731751,-7.382315,0.67699564,-0.5281203,0.45283952,3.0925033,-16.611961,-1.6729672,0.9524842,0.4075945,0.17236005,-0.18447904,1.6022041,-3.354727,-0.65809995,-0.58641195,-17.9931,-1.5102874,0.096549794,-0.36703944,-0.111046836,0.14800738,-0.663081,-0.12381364,-1.182675,-1.3605833,-5.0513735,-0.33391425,-0.3543085,-4.3431644,-0.3618038,-0.9871229,-1.7318488,-0.5402557,-1.1510345,-0.09531776,-1.9792182,-5.2329006,-1.4689882,-14.666861
1.2137488,-0.115274824,-3.8167298,0.567476,-0.9270564,5.529218,-1.3077598,-7.452588,-7.603982,0.55506665,-0.39950934,0.3331123,2.7955785,-15.338483,-1.5999467,1.0761063,0.4402323,0.7196532,0.15876514,2.0249581,0.3685565,-0.7518097,-1.6870143,-18.932207,-0.93562627,-0.0987288,-0.4821159,0.016921215,-0.07027669,-0.7124686,-0.43360582,-1.9883461,-1.5298253,-5.8465934,-0.18553181,-0.22716351,-1.976439,-0.84761107,-1.9085073,-3.242673,-0.37435648,-1.1871094,-0.12152899,-2.1047628,-5.347626,-1.3194573,-14.765525
0.48216334,-0.16862997,-0.05720822,0.104854316,-0.78489995,5.114578,-3.007585,-8.474671,-7.8057833,0.5927578,-0.37389657,0.44597295,2.5634139,-15.2994175,-1.6602354,0.8687386,0.2305927,0.14751947,-0.1626345,1.2953573,-4.429064,-0.93344,-1.7373759,-18.076283,-1.5090315,-0.32198432,-0.4527769,-0.035301093,0.4511177,-0.7821927,-0.11864125,-1.5901389,-1.3833026,-5.2497735,0.37943017,-0.070867,-3.3695838,-0.4552367,-1.8753216,-3.8580298,0.16056998,-0.9988847,-0.103942156,-1.7065473,-4.164216,-0.57330304,-14.274496
1.1040276,-0.12424406,-0.1963038,0.10205883,-1.5067265,7.8981996,0.45794252,-8.839476,-8.934175,0.47940034,-0.56877553,0.3172399,1.9628518,-15.18776,-1.4366676,0.6834641,0.2562815,0.31819266,0.034440935,1.2603712,-5.009201,-1.2442291,0.42810303,-18.959396,-0.7784693,0.13032345,-0.4888291,-0.059919003,0.31026268,-1.367012,-0.12460136,-1.7196974,-1.2343011,-3.0092924,-0.60437495,-0.010766701,-3.4076319,-0.4700191,-2.0976284,-4.6699433,0.6077212,-1.1441145,0.098559655,-1.5543692,-4.849723,-0.9388872,-16.488708
2.011891,-0.13648742,0.7524805,1.9741344,-1.0449874,5.278929,-0.092100546,-7.634589,-9.143575,0.81840074,-0.4111835,0.16922145,2.86029,-16.527182,-1.6867456,0.980798,-1.7791092,0.67896056,0.08090056,0.03808898,-3.844564,-1.1225566,0.47466177,-19.531914,-0.94850343,0.17759256,0.49080968,0.030522905,0.29251912,-0.6633032,-0.14680341,0.40010044,2.5620937,-5.149599,-1.0240197,-0.04488968,-7.553116,-0.5464832,-1.9805748,-5.2072134,-0.38444045,-1.2257946,0.084067516,-1.9065399,-4.5249333,-1.1342673,-15.630634
-2.4853485,-0.1347289,-2.3260553,-1.2474654,-1.002982,-1.7420048,-8.737831,-8.7350025,-5.8129005,-0.76574814,0.7641826,-0.81798166,-1.9342903,-11.072654,-4.5651827,-0.26061305,0.20595329,-0.36312732,-0.9405062,-0.0055499133,-1.483629,-0.022346182,-2.388359,-16.00849,-3.1042235,-0.11754551,0.068725385,-0.21797612,-0.49061078,-1.2289554,0.20114557,0.99734634,-3.6925035,-8.699004,1.1845139,-2.5131547,9.954181,-0.34597078,-0.6364793,5.6986947,-0.85234946,-1.6737845,0.06635229,-1.2067951,-3.2619672,-1.9518539,-7.145107
-0.80227774,-0.41740346,-1.2053801,0.295129,-1.8984486,7.6693497,-2.1436017,-6.903756,-6.9175596,-0.9585506,-0.1483452,-0.09107989,1.9822657,-13.249035,-1.8438714,-1.0885864,0.26819685,0.80910146,-0.0897976,-0.08533175,-1.7206848,0.2809727,-1.8933939,-19.069746,-2.0678177,-0.8728334,-0.63376975,-8.226639,0.22069609,-0.6683229,-0.07179679,-1.0055696,1.8063585,-5.2164946,0.065255664,-0.7218103,-6.7236958,-1.2552012,-1.8685753,9.026865,-0.8194149,-1.041371,0.03142027,-0.86585754,-4.9842687,-0.30860472,-15.471976
-1.134315,-0.1575226,-4.595889,-0.12898572,-0.92233664,0.5244954,-3.4651852,-8.97472,-5.2028394,0.24557497,0.16270484,0.5507569,1.7713885,-14.048332,-2.091094,-0.41024408,0.4831065,0.73406124,0.4266871,-0.28026652,-1.3296477,0.0153676625,-1.3796575,-13.366204,-2.3494647,-0.079533346,-0.59437996,0.0019029487,0.24505231,-0.5867208,0.41347036,-0.9211744,-1.3840798,-5.663708,-0.4897026,-0.9114145,-0.86744225,-1.0916253,-0.8353976,-3.5168216,-0.6566437,-0.92988706,-0.63085485,-1.3508348,-4.327531,-0.84561336,-11.263096
1.0949023,-0.069448784,-4.3009224,-0.1752693,-1.4789947,3.7617276,-0.4948819,-7.426561,-4.352072,0.18313012,-0.22490604,0.5524474,1.3893859,-13.973061,-1.732357,0.19998625,0.5020198,0.71386546,0.039043248,-0.15153423,0.4207771,0.08707708,-1.640001,-17.345945,-1.7825145,-0.2351911,-1.3973596,0.011298482,-0.15362534,-0.7311629,-0.20866835,-1.2908189,-1.3722467,-5.2449274,-0.50141203,-1.19317,-2.849182,-1.1790938,-0.8233903,-2.8550255,-0.3508376,-1.0159308,-0.19969797,-2.4280896,-4.510277,-0.8745372,-15.486958
1.1196833,-0.072348654,0.038944617,0.49084058,-1.6253715,5.242638,0.09238015,-7.2498164,-7.9403195,0.63933164,-0.32657334,0.3562526,2.8971977,-15.652781,-1.656874,1.0394593,0.2865355,0.6018499,0.051813442,0.3043707,-3.2295127,-1.3516837,-1.5616053,-19.28925,-0.96649027,-0.2100091,-0.33978495,-0.030021101,-0.04160812,-0.46263298,-0.12208927,-1.9267542,-1.2964461,-3.9218926,-0.9072721,-0.099837504,-3.461003,-0.5985354,-1.3688883,-4.4219847,-0.32077748,-0.9836366,-0.08421544,-1.6071408,-5.5109534,-1.040141,-14.64951
-0.8220685,-0.041013733,-1.0921686,-0.064294934,-1.4604133,4.142733,0.2350295,-7.0738597,-8.821543,0.44193074,-0.6171931,0.3618414,2.2333784,-14.857136,-1.6582673,1.1421217,0.3983629,0.8187372,0.114968166,0.31578487,-3.9492013,-1.2296474,-1.4707608,-16.564268,-1.141218,-0.032759413,-0.39001775,-0.052566748,-0.04086089,-0.57631624,-0.1540995,-1.6918256,-1.2398937,-5.8864994,-0.66172504,0.26071694,-3.2274485,-0.5446177,-1.4864647,-1.814057,-0.33828926,-1.1414642,-0.6716311,-1.6408594,-4.492592,-0.8986195,-13.602206
-1.0515321,-0.2695021,-0.97990453,0.2294121,-0.709924,4.413662,-2.6291049,-8.486059,-5.03091,0.78115404,-0.55835956,0.40693888,2.8360128,-15.31784,-1.8094664,1.0547745,0.27791652,0.706107,-0.15195592,0.42800546,-4.0279484,-1.0163997,-1.1667852,-15.988606,-2.266459,-0.032145254,-1.5445244,-0.061355844,0.42927194,-0.7015043,-0.19257909,-1.6567601,-1.0904813,-5.512363,-0.18036205,-0.36807758,-3.5696378,-0.84810275,-1.5070835,-1.6596816,-0.39823136,-1.0955123,-0.7239755,-2.6442761,-1.7265424,-1.1042157,-14.577385
1.0452801,0.061249282,-3.2456996,0.21553247,-0.43794432,4.555269,-5.4214635,-7.369743,-8.276459,0.13175935,-0.37879342,-0.70195633,2.474984,-16.188538,-1.0453011,1.9102812,0.6462334,0.67838866,-0.25875783,-0.23757094,0.5711637,-1.1133313,-1.893007,-19.450056,2.0385559,0.093734026,-0.3170341,0.017505694,0.13870785,-0.78497314,-0.20862763,-1.4832028,-0.85738856,-5.4835706,0.23194285,-0.17420942,-7.9151545,-0.196812,-0.78341395,-4.0628333,-0.6757767,-1.0159374,-0.18570682,-1.6275727,-5.8082075,-0.5960212,-15.482786
1.1743711,-0.42678574,-3.6050556,0.3114451,-0.4940939,3.6952076,-3.7857747,-7.9472675,-7.629574,0.24530429,-0.44161507,0.30238515,1.3102036,-15.989088,-1.5319115,1.2232811,-2.9019938,0.8363964,-0.1288911,1.2417616,0.38688296,-1.327595,-1.6933346,-19.825468,-0.36767226,0.13779731,-0.010586901,0.0030826773,0.052294616,-0.6602777,-0.2239872,-1.576359,-0.8571485,-3.9926724,-0.26726454,-0.27604228,-6.993576,-0.22043976,-0.87070876,-3.9918923,-0.6359926,-1.1400995,-0.2822028,-1.6462711,-4.02458,-0.48699304,-16.425224
1.1130525,0.04048995,-3.2032788,0.24531952,-0.67157084,-0.03147684,-5.509523,-7.6148486,-8.193021,0.356289,-0.6751057,0.23303784,1.0345014,-16.193916,-1.2364037,0.68090385,0.55176455,0.7643679,-0.16476364,0.5839297,0.0944793,-1.1847733,-2.0931456,-17.718185,2.0677238,0.10016585,-0.29790872,-0.080522,0.20784633,-0.90392697,-0.21127781,-1.364241,-0.86653394,-5.1546984,0.120387435,-0.19626069,-6.806829,-0.2103546,-1.3195649,-3.7802389,-0.6739608,-1.0278524,-0.19727063,-0.937863,-5.8777065,-0.58486915,-12.332955
1.1154059,-0.006181994,-3.2717822,0.24674115,-0.64843553,-0.03302818,-5.4996657,-7.7585554,-8.01288,0.32676128,-0.7091356,0.23720755,1.1014847,-15.908566,-1.2203683,0.6653307,0.55013275,0.76894104,-0.16619284,0.58205193,0.076423585,-1.2394456,-1.9275359,-17.463043,1.7802924,0.1039985,-0.3328757,-0.06569924,0.54640967,-1.0721201,-0.21205555,-1.407774,-0.88074774,-5.210277,0.2613747,-0.207547,-6.888022,-0.21355563,-1.3261987,-3.7876554,-0.6655469,-1.2990661,-0.19370586,-0.9109016,-5.87159,-0.5947436,-12.243748
0.8948443,-0.5915649,-1.6906282,-0.47393748,-0.17957227,3.2738616,-5.416197,-6.3254223,-8.0296755,0.19048966,-0.69477606,0.16176556,1.6966412,-14.836919,-1.3295597,0.7922181,0.31756547,0.6153203,-0.12760192,0.5607139,-2.3994763,-0.8597062,-1.7711974,-18.943678,1.6026307,0.0577945,-0.4120167,-0.10229262,0.059497636,-1.0495527,-0.47088957,-1.5633857,-1.2230364,-0.9110117,-0.8944049,-0.39699066,-7.331696,-0.33902064,-1.8389571,-4.222791,-0.64455783,-1.3889673,-0.21252386,-1.6018946,-6.1432667,-0.57988226,-13.060743
2.0117347,-0.38705814,-1.2839097,0.6156004,-1.2164688,1.4206158,0.77982223,-7.918635,-9.386405,0.22699295,-0.65387374,-0.7236896,1.4802473,-16.908857,-1.1017101,1.147395,-3.0672321,0.78706473,-0.119730294,1.5362096,-2.6654282,-0.9041118,-1.4962575,-17.621536,4.8015685,0.03912819,-1.5803508,-0.23110013,0.086558476,-1.0567236,-0.20237288,-1.8156404,-0.9493306,-4.4121776,-1.3922385,-0.00518767,-7.66381,-0.2246385,-1.9282031,-3.8418708,-0.9715314,-1.213893,-0.22828843,-1.2726852,-8.397939,-0.6421269,-16.86509
0.86991006,-0.16134295,-5.4655137,-0.3558444,-1.0353549,-5.1815357,-8.397302,-7.485914,-10.011347,-1.2890321,-0.68418485,-1.0130125,1.8415595,-15.269787,-4.774282,0.26791877,0.23613892,0.5530583,0.1858606,-0.48888922,1.2555082,0.2966951,0.49604362,-16.698627,-2.960945,-0.25174937,0.11282837,-0.16892798,0.10754761,-1.278431,-0.0819696,-1.4768693,-2.8356218,-7.6320963,1.39761,-1.0875193,-6.512901,-0.6897922,-1.1885867,-7.799546,-1.865555,-2.3321722,0.1388379,-0.51443386,4.544529,-0.7570059,-1.9531078
2.0666394,-0.38191545,-1.8958459,0.14147946,3.412284,0.19896461,-3.5692492,-7.5043306,-8.957262,0.270917,-0.797753,-0.83077127,0.48410583,-15.5449295,-1.3473265,1.2182847,-3.3185074,0.6331683,-0.1864749,0.097415686,1.6222503,-1.3341513,-1.8494952,-17.631529,4.5697803,0.032079767,-0.724313,-0.46830237,-0.3783746,-1.4010212,0.099291384,-1.1757203,-0.9804029,-3.0107138,-1.8824463,-0.53666127,-6.8108053,-0.6542331,-2.2909336,-4.0283985,-0.86900043,-1.2667936,-0.08519695,-0.3980456,-7.9397383,-0.3769345,-13.765296
1.1830351,-0.23219408,-3.5074255,-0.20851097,-0.7014923,0.1290323,-5.0566564,-8.059215,-9.234132,0.069626756,-0.84070706,-0.7706971,0.5780361,-16.109322,-1.4109406,0.93010104,-3.0908883,0.77388406,-0.1915114,0.521209,0.002164168,-1.1977518,-1.9419003,-17.819382,4.5683947,0.122404255,-0.74888647,-0.50509095,0.056690518,-0.9753515,-0.29276967,-1.2339054,-1.0856229,-3.6333134,-0.6940777,-0.312202,-7.134149,-0.589817,-1.8937347,-4.125301,-0.501499,-1.1890407,-0.14226736,-1.1136585,-5.9006066,-0.6071663,-13.232477
1.7514682,-0.748886,-2.5842717,-0.05509994,-0.3576899,-5.8688407,-8.744555,-9.071284,-10.93512,-1.5301974,-0.4559625,-2.357844,0.98477113,-15.526206,-4.6885667,-0.11127946,-1.9446274,-0.16395496,-2.2098975,-2.059779,1.3409437,0.56502557,-0.4738449,-17.269732,-3.0377352,-0.48111486,-0.67285424,-0.42317384,-0.57777953,0.2266995,-0.28974295,-2.3587143,-2.630536,-7.752309,1.4345876,-2.5889716,-7.1528573,-1.7679567,-1.2942401,-7.6043835,-1.2202345,-1.7401985,0.22488765,1.6605424,5.0103555,-0.24900757,8.484297
-1.2567805,-0.053342737,-2.5049198,0.2835276,-0.46505937,-0.33550125,-7.084929,-7.284874,-7.708679,-0.47423035,-0.43497503,0.21270476,1.6119981,-13.324878,-0.97492415,1.1228999,0.4726662,0.48590833,-0.40962085,0.69078374,0.281527,-0.64432734,2.779554,-15.566603,2.1492364,0.20933345,0.042125974,-0.100461066,-0.0033365157,-0.7439476,0.04481846,0.1486998,-0.6447034,-5.1034665,0.9812776,0.5921897,-6.323731,-0.14408094,-1.0240929,-3.0046444,-0.28387237,-0.8845512,-0.4500892,-0.12308095,-5.6678534,-0.82357156,-10.188633
0.79851174,-0.023603912,-2.6606617,0.012572878,-0.52134603,-0.51310325,-6.3999915,-7.3990173,-7.9550476,-0.44343835,-0.40980697,0.23598316,1.7358333,-13.192676,-1.0560803,1.1348757,0.56956697,0.626186,-0.096126825,1.6240238,0.38702857,-0.92413175,2.8285284,-16.786245,3.9332259,0.082312286,0.24996841,-0.088914536,0.15398514,-0.7928379,0.09195813,0.21592261,-0.4170969,-6.0200524,0.5559555,0.43988168,-7.3047447,-0.12541716,-0.81429464,-2.903971,-0.2921475,-1.0753604,-0.114356644,-1.0066999,-5.6007876,-0.33229607,-12.570887
0.056277223,-0.21652961,-3.0178971,0.22893022,-0.41445038,-2.3280344,-6.1930366,-6.8302817,-8.211931,-0.62357116,1.161061,-0.47359633,1.6921505,-12.714221,-1.1720377,0.18636437,0.30388826,-0.08613955,0.20530957,-0.3487129,0.42381507,0.19066548,1.3857512,-16.653864,-0.59189665,-0.07558379,0.5269996,-0.1432406,-0.15327476,-0.58260673,-0.15623532,-0.97508854,-2.0999088,-8.209831,0.3546258,0.25068048,-5.6293583,-1.4971282,-1.2901833,1.7595484,-0.7736929,-2.3573356,0.28414652,2.3261557,-2.249298,-0.096024916,-7.060747
0.65074974,-0.4882352,-1.5753021,0.4048236,-0.73253375,-3.0508454,-8.261051,-7.8797274,-5.945773,-1.2631193,0.70339805,-0.5032644,2.351245,-12.777143,-1.2238034,0.10609081,0.1966303,0.15349317,0.20926662,-0.76129395,0.25814044,0.27823943,1.2660022,-17.012094,-1.0211558,-0.49920183,0.067560084,-0.13790509,-0.19294728,-0.5855246,0.45212707,-1.1708392,-3.3876977,-8.939235,0.25418454,0.012349518,-6.885572,-1.5511575,-1.3548588,6.390799,-1.1714162,-1.387604,-0.009772099,2.9792192,-1.922593,-0.055854835,-6.7686396
-0.7145431,-0.3388431,-2.6628542,0.0056949137,-0.5226531,-0.7918957,-7.0438952,-7.9942265,-6.9459434,-0.57062405,0.424683,-0.07149222,1.9039683,-13.152114,-1.5527017,0.27004156,0.36821947,0.38523006,-0.5365659,0.32437074,0.49931923,0.07978687,2.377682,-16.53497,-0.3378972,-0.1027352,0.13840412,-0.15061702,-0.009617094,-0.54588556,-0.064134605,-0.12897472,-1.358229,-6.269775,0.86517435,0.4210747,-6.629374,-0.1929535,-0.9809242,-2.1232271,-0.3613725,-1.003279,0.36548188,0.11544605,-2.0507572,-0.30239666,-9.415083
2.091902,-0.23250885,0.2196952,0.65778977,-1.0879487,4.8214025,1.0520922,-7.065381,-10.250197,-0.8832062,-0.72436064,0.008874773,3.701509,-16.600199,-1.4389815,1.1589284,0.053873736,0.6152778,-0.11492613,0.10865905,-3.6532617,0.52311176,-1.328447,-19.398598,5.587103,0.20118272,-0.13984701,-0.15816739,0.112887174,-0.7834841,-0.079640605,-0.26261944,1.887691,1.6534504,-0.35680115,-0.0043087113,-7.0287123,-0.3355002,-0.8907346,-3.9553795,-0.15878133,-0.019060891,-0.39076486,-3.244899,-9.8053875,-1.1286979,-17.179005
1.0214888,-0.2531147,-0.021011975,-0.04459703,-1.0433282,3.796809,-0.31696796,-7.861435,-6.271807,-0.7095716,-0.44577748,0.04517215,2.8174877,-13.786431,-1.7969213,0.07499985,0.053823706,0.63069874,0.027927916,-0.5818952,-2.8543613,0.9314946,-1.5674641,-18.63704,3.5180237,0.19166572,-0.3014236,-0.037409727,0.23018806,-0.5441241,0.30165923,-0.62235516,2.092639,-0.77367437,-0.6001469,-0.22942573,-6.8327093,-0.16542873,-1.1727968,-4.164893,-0.34716493,-1.3626556,-0.34096318,-2.346227,-7.8511953,-1.0490357,-14.859785
2.025258,-0.23141903,0.2838314,0.6747512,-1.070471,4.8957224,1.1777458,-7.0581536,-10.315205,-0.9826655,-0.7160211,0.008678125,3.727857,-16.788963,-1.4332116,1.1630143,0.056044523,0.6019521,-0.13364701,0.0551144,-3.7132475,0.5027662,-1.3100086,-19.299088,5.4410377,0.19449641,-0.14389631,-0.066101685,0.48207194,-0.79120994,-0.072421,-0.348567,1.8900687,1.6798264,-0.3522374,-0.010432354,-7.157369,-0.33074886,-0.69729,-4.049225,-0.5056825,-0.24599348,-0.3564731,-3.2287593,-9.791109,-1.1355224,-16.703432
-0.11253012,-0.088948466,-2.1911917,0.006242042,-0.5993371,1.5487077,-3.3483105,-6.8667245,-7.351345,-0.8758267,-0.66004246,-0.119808756,0.8252664,-9.997192,-2.2675455,-0.79560226,0.31180522,0.111724734,-0.80234975,-0.23543812,0.021073215,0.6690275,-2.0335646,-17.39886,-0.9715918,-0.029048184,-0.14858289,-0.28602973,0.05188959,-0.54606605,-0.09449031,0.84633285,2.800626,-2.7145243,-0.52680355,-0.4640793,-6.7243633,-0.35632965,-0.95990336,-2.4065194,-0.8795634,-1.2736325,-0.31046718,-2.1438792,-3.9739966,-0.36297062,-10.373773
2.0837376,-0.19349879,0.3478636,0.68767774,-1.3207035,4.9527955,1.200787,-6.8974104,-10.00488,-0.9616187,-0.9330761,0.031649757,3.688022,-16.778187,-1.4206117,1.1297144,0.046128884,0.5509089,-0.1387545,0.05179155,-3.6780353,0.58286965,-1.4163083,-19.346514,5.9181256,0.19120485,-0.19276318,-0.09305784,0.059396364,-0.67439854,-0.05397688,0.17506036,2.196787,1.6562988,-0.33481976,0.01936958,-7.2499027,-0.34212348,-1.1105391,-4.0421734,-0.21261491,-0.65649337,-0.35941702,-3.2869918,-9.917371,-1.1452011,-17.331709
-0.97610354,-0.095553614,-4.430104,-0.27976876,-0.62041306,0.29472977,-3.549414,-7.7902327,-4.8180766,-0.40950698,0.6460128,0.73599285,0.8902514,-12.51741,-2.3443851,-0.037894845,0.5465692,0.07285503,-0.40020794,-0.3879343,3.100204,0.80499125,1.5363308,-16.833876,-1.9381473,0.12928727,0.03777548,-0.09616131,0.18684052,-0.17944866,0.31688392,0.8453966,-0.5236365,-0.9883602,0.8342192,-0.32724792,-4.022443,0.28577727,-0.21840556,-3.502534,-0.23214667,-2.4693766,0.30915284,-1.4181496,-4.596189,-0.22863065,-3.448958
1.5052692,-0.15185641,-2.5292134,0.09893488,-0.5019964,-1.1164638,-4.506897,-7.692824,-5.9269423,0.25171855,0.7689876,0.85909337,1.9726342,-13.910229,-1.926074,0.0054037543,0.5347925,0.46062607,-0.079815954,0.13498075,1.6626198,1.162992,3.2083461,-16.348656,-0.9085205,0.3199123,-0.1787863,-0.059919313,0.08529228,-0.478506,0.07757319,-1.3828058,0.039121725,-1.4999946,0.69433576,-0.09859484,-2.8080697,-0.077539,-0.5180542,-3.977761,-0.13646744,-0.7657984,-0.10934204,-1.1877995,-3.440495,-0.7460438,-10.211205
1.350328,-0.33123884,-3.7153957,0.30851907,-0.57470363,-0.8537288,-3.9919548,-8.120401,-7.4660563,0.48351634,-0.66120476,-0.6924897,1.5349351,-14.684891,-2.382279,0.69512916,-2.8947895,0.7253437,-0.6322195,1.7018852,-0.4185953,0.68899703,2.132845,-17.452332,-0.47350645,0.17616834,0.2907781,-0.041502222,0.03676711,-0.81417805,0.08080617,-1.2772952,-0.38631645,-0.86988246,0.31202015,0.27777722,-2.8633084,-0.4344355,-1.428033,-3.6597505,-0.17428888,-1.2614055,-0.21170574,-1.0204551,-4.4616036,-1.0350685,-10.452511
-2.0406232,0.015281278,-3.088545,-0.25782508,-0.46749395,-3.6747167,-3.7396662,-9.0148115,-3.7846444,-0.64903176,1.6509178,0.61709034,0.437899,-12.777968,-3.3443716,-0.09912002,0.34207577,0.10882095,0.23262943,-0.30540073,2.8989477,0.65261275,1.534802,-15.196898,-3.1137502,-0.6166853,0.11111396,-0.049431376,0.0015323637,-0.66010225,-0.2304039,2.3984702,-1.7012329,-0.36780223,0.65887696,-0.19976644,-4.1255527,-0.224155,-0.17594475,-2.0924594,-0.536195,-2.9842792,0.3588676,-0.31790707,-2.84813,-0.1614787,-1.3723577
-1.2670343,-0.016799834,-2.9209962,-0.2616285,-0.5712227,-2.3046622,-3.8968968,-7.0848465,-4.9679475,0.4141418,1.0726143,0.5677955,1.779006,-13.490035,-2.2451553,-0.18278253,0.44494694,-0.0029734818,-0.56932896,-0.3299498,2.9241164,1.0493939,1.9115776,-14.994476,-1.8502336,-0.5282531,0.38978612,-0.103322014,0.14334816,-0.4706653,-0.06185285,0.31002355,-0.43262514,-0.44386312,0.6280669,0.15678975,-3.7611578,-0.66499144,-0.2947854,-2.055884,-0.20810075,-1.35276,0.2967755,-1.3750308,-4.1350675,-0.3037825,-6.8507824
-3.1206481,-3.3831325,-2.4016411,-0.6826928,-1.8909464,1.7028517,-0.870595,2.713383,-5.101931,-2.8384116,0.93147594,0.26847294,0.73104554,-3.068761,-5.8802195,0.7242438,-0.51272696,1.2541074,-2.7148063,-3.4514048,1.0316114,0.25954762,-4.521893,-16.890635,-2.0224967,-1.4029083,-0.4594792,-0.40022776,-0.8311084,-0.8923464,-0.18560979,-2.577038,-2.6788661,-7.2970695,0.46972325,-5.5272813,-8.98291,-1.7566872,-2.736355,4.3134885,-1.5956781,-3.0577953,-0.15153122,3.2313333,-9.233617,-0.26393127,3.96974
-1.3188518,-0.09017505,-1.685273,-0.5034264,-0.7835524,-1.0965322,-0.42996442,3.9857435,-2.51484,-0.6464046,1.3197017,0.41981488,1.6043419,-14.832664,-3.6077826,0.9539339,-0.034890544,0.3179613,0.998034,-0.42747566,0.7547386,-0.0733461,-5.387881,-16.509804,-2.3099685,-0.27800944,0.11052685,-0.15411542,-0.92183095,-0.13393365,-0.015132596,-1.8300729,-3.4479065,-5.5740747,0.5088125,-3.5993664,-6.403848,-0.97883457,-1.7880899,5.2626605,-5.808673,-2.000369,-0.14647704,2.7716022,-9.575317,-0.09482029,-7.933126
-0.60216,-0.6055697,-1.4015514,-0.72398573,-0.71094835,-5.4087896,-5.6026115,-10.257823,-2.2294226,-1.3172508,0.1787824,0.13263372,1.1210182,-12.491937,-5.8186183,0.20117399,-0.14464487,0.014585057,-0.874089,-1.2642668,2.0877378,-0.664654,-0.8819045,-15.957751,-1.6364083,-0.18799171,0.8501751,-0.1467551,-0.43766344,-0.82351345,-0.080808036,-1.3547996,-3.859788,-6.395186,-0.38949293,-2.7663295,-6.3262177,-1.2612702,-1.8635346,6.881309,-2.7413378,-2.1569054,-0.68475187,3.334999,-5.276562,-0.028312635,3.172203
-0.45720753,-0.25631657,-1.4437499,-0.17910102,-1.63964,-0.68467665,-0.376478,-9.702791,0.54744995,-8.833804,0.46193254,-0.30588216,1.4653666,-15.426436,-1.556349,-0.64852256,-2.5696523,-1.7717557,0.10329023,0.34641367,2.1767406,-0.60667515,-1.5801069,-17.281025,-2.1664383,0.009193872,-0.9253032,0.023954507,0.46644592,-1.06129,-0.19473499,-0.72730476,2.4746187,-5.5295224,-0.8811526,-0.20498723,-11.251856,-0.33197755,-1.4628229,7.943993,-1.0720962,-0.8504605,-0.11947711,-1.6373453,-0.9193074,-0.5706521,-8.470054
-2.1720402,-0.8488217,-1.1705898,-0.46493772,-0.7539862,-2.1813295,-0.014003925,-2.324345,-5.201885,-1.1250472,0.74269235,-0.10575552,-0.756291,-15.763924,-4.765214,-1.3820925,-1.77613,1.3648893,-5.7429442,1.5483094,0.45207584,0.1460117,-4.4542394,-17.575409,-2.908004,-0.27510563,-0.8198925,-0.16748075,-0.061496634,-1.1969199,-0.27943525,-1.934104,-2.2602394,-9.212111,0.43008077,-2.149951,-4.9921803,-2.9946856,-1.4560088,6.0685854,-1.5682803,-4.3193455,-0.16647705,3.431283,-5.7154174,-0.25113675,9.222391
-1.4790304,-1.259682,-1.6161976,0.33928663,-6.8928323,2.3368647,1.6232002,-1.3977711,-2.3417094,-1.0738411,1.0456029,-0.4771484,0.9016232,-13.846504,-6.367455,-7.545997,-2.224733,0.931681,-1.6295649,1.5411307,0.83988076,-1.2912601,-5.9309144,-17.657719,-2.1664827,-0.07837935,-0.28870177,0.008203677,0.82203424,-2.1583645,-0.38928926,-0.7440365,3.0871627,-6.208027,1.4107151,1.4589393,-11.241602,-0.85620344,-2.3222165,7.7089853,-0.6454974,-1.1283754,-0.12210239,-2.0668776,5.641236,-0.5083905,-13.651166
-2.220023,-0.44494078,-1.0418241,-1.0043095,-0.47552472,-5.547521,-3.9328818,4.8647947,-2.5423741,-0.985976,0.597458,0.038425177,-1.5556812,-6.4707747,-6.296098,-0.07626225,-0.66938245,0.122943744,-0.3650836,-0.69532067,1.9317297,0.55119383,-2.7265353,-14.15816,-3.6354523,-0.011831497,-1.1658711,-0.4586092,-0.3973631,-1.201402,-0.012717772,-0.75230473,-2.0036545,-8.830727,1.3352507,-4.0888085,-4.893381,-3.924022,-2.352513,3.6558118,-0.11974037,-2.113911,0.29617393,3.4160764,0.5085991,-0.044532266,5.972082
-3.866044,-0.1779594,-1.4339026,-0.41934317,-0.6255182,-4.9866033,-2.4585917,4.577463,-0.50997907,-0.6675592,1.4855864,-1.8470554,2.194098,-15.696962,-1.6746095,-6.3628516,-1.7855505,0.92964923,0.12604782,0.63493377,1.7610598,-0.44808584,-2.9999917,-12.609791,13.689218,0.09279029,-1.0259311,0.36545047,0.19155493,-1.4089478,-0.09807362,2.4207025,7.550882,1.5507083,-0.009763113,1.8303784,-1.916467,-0.93065774,-1.1128155,13.438377,-2.9444706,-0.9463364,-0.047395702,-2.8144488,-7.2489276,-0.9909679,-1.2901561
5.6376505,-0.45058724,-1.6687167,-0.40373456,-0.2529765,-1.6286427,-10.23831,5.7105904,0.31595296,-3.3713183,0.49771103,0.27762395,1.9163897,-13.7908,-7.0116973,1.2932363,-3.848319,-0.46452254,0.9660605,0.17082417,0.5025658,-0.13193063,0.8764468,-15.890652,-2.1062236,-0.56239164,0.7592475,-0.12519038,-0.5039484,-1.0695509,-0.08678615,-0.70059675,-2.2460017,-5.228801,1.8576248,1.5601453,-7.517803,-1.2977284,-2.7144685,5.3662434,-1.2895297,-1.6990665,0.10607482,5.3424506,4.7801123,0.09723356,-3.03544
1.3968511,-0.21820554,-1.7122072,-0.094884746,-1.2978199,3.2792664,0.14811967,-6.321136,-6.89726,0.23515661,-1.0002726,0.34964103,1.748875,-14.869747,-1.2967262,1.2223508,0.48754826,0.6231667,0.0769908,0.39910066,-0.35926962,0.08669754,-1.5817904,-17.851332,-1.4413267,0.14516127,0.5159063,-0.08070027,-0.067684434,-0.5386398,-0.22992362,-1.4063597,-0.9581036,-2.7669067,-1.2332087,-0.55466986,-4.1623187,0.024943525,-0.4310248,0.76973945,-0.31936544,-0.32963493,-0.1317184,-2.3233562,-5.2361755,-1.016518,-14.541432
-1.6164362,0.1508958,-3.5520988,-0.31044626,-4.0023084,0.5852581,-2.0465536,-8.071118,-4.5609994,-0.374241,0.812948,-0.044433773,-1.7090919,-10.662676,-2.233183,-0.26102915,0.553678,0.71975136,-0.86496437,-0.44856712,1.6454741,0.16775057,-1.1310858,-13.107046,-2.9578643,-0.17893153,-0.6673374,-0.18337935,-3.7010772,-0.5448143,-0.0048673972,-1.0330113,-1.8144969,-5.5739026,1.3330415,-1.2684972,-2.3370655,0.4863486,4.612301,-1.4456676,-2.4168198,-2.116108,0.22352253,-1.567098,-3.0685582,-0.3963018,-5.306129
1.6364199,-0.104219824,-3.0978432,-0.017615875,-1.3471587,5.817116,0.93981564,-8.711524,-7.147149,0.56996566,-0.53104115,0.27924314,0.84010667,-15.128056,-1.4321306,1.1579674,0.5342734,0.6095481,0.09480116,0.5372543,0.635977,-0.4082749,-1.1461852,-18.25405,-1.3419422,-0.70492506,0.3886354,-0.008197605,0.36470816,-0.70894104,-0.36236134,-1.076244,-1.0595361,-1.9796647,-0.56959087,-0.40738028,-3.9435894,0.11541593,-0.42420468,-1.4483846,-0.55065393,-1.2952576,0.13402818,-1.289164,-5.0593905,-1.2685761,-13.735374
1.3988991,0.2047775,-2.639579,0.24885161,-1.2618686,3.601441,-0.13506955,-7.251521,-6.6981173,0.65484303,-0.37214145,0.4006444,1.8130459,-14.111609,-1.3950744,1.3001505,0.60539925,0.5964526,0.08096601,0.6903465,0.32762685,-0.1626819,-1.4597771,-17.764292,-1.1379896,-0.0063976487,0.48267642,0.009660184,0.31267777,-0.97015387,-0.31906775,-1.2491865,-0.9941807,-1.4671427,-1.2991873,-0.5600646,-4.3386874,0.11991704,-0.3577373,-2.727578,-0.22755405,-1.248106,0.028170926,-1.9645169,-5.3499236,-1.1977097,-14.283864
1.498502,-0.205773,-1.7413434,0.022344237,-1.4929425,3.588248,-0.41512972,-7.4838147,-7.265596,0.59902084,-0.5468488,0.33391473,1.812443,-14.895436,-1.5478618,1.184178,0.49622753,0.52101606,0.10622487,0.39834902,-0.14309444,-0.36058998,-1.6699504,-17.71148,-0.90853375,-0.031844407,0.30664575,-0.07382425,-0.035259277,-0.5541549,-0.4209933,-1.1246592,-1.0568249,-0.5790445,-1.1256844,-0.53534544,-3.9160707,0.15696783,-1.3755611,-1.3129027,-0.25078088,-1.3011453,-0.09082175,-1.460238,-4.3724008,-1.2198169,-13.847812
-0.4352586,0.14735802,-2.8875132,-0.06845961,-0.7730505,4.573017,-1.926202,-7.096971,-6.831587,0.6276334,-0.548713,0.38259414,1.4055154,-13.955382,-1.5080813,1.2858664,0.54153544,0.57948,-0.073914886,0.54193366,0.21363613,0.040798206,-1.7562242,-16.605467,-1.2672652,-0.053470396,0.4796196,-0.06871749,-0.05069978,-0.46215668,0.43720037,-1.1065238,-1.0224115,-2.3244584,-0.072238095,-0.776261,-4.3905363,0.17311251,-0.54453534,-2.0150537,-0.18554142,-1.1922486,0.023853835,-1.7447063,-4.468692,-1.0776622,-13.991519
1.0994837,-0.04549813,-1.0474715,0.43210962,-1.2810367,4.0025644,0.27597326,-7.0023537,-7.6910396,0.7156897,-0.427976,0.37098482,2.7578256,-15.856834,-1.4795673,1.0237858,0.39149272,0.6624349,0.13563512,0.24130507,-2.3875387,-0.8948091,-1.6464578,-18.915691,-1.2914329,0.032707043,-0.48268104,-0.004301925,-0.04102602,0.034083005,-0.16297871,-1.8992244,-0.9952633,-4.0528,-0.38740414,-0.114556015,-3.6134162,-0.7642599,-1.1919031,-3.4753284,-0.33495927,-0.93343997,-0.1045952,-2.059845,-6.255427,-1.0534964,-14.976251
1.0995942,-0.073446445,-0.8676213,0.4098973,-1.2732388,4.216066,0.42804828,-6.99953,-7.3723135,0.6079067,-0.41040727,0.38720012,2.8005345,-15.610247,-1.6519673,0.9785977,0.39165577,0.62738615,0.09635999,0.23590194,-2.599993,-0.8049359,-1.6140575,-18.929308,-1.435024,0.02930475,-0.4887235,-0.05938511,-0.049620844,-0.4682036,-0.17912753,-1.8445706,-1.226623,-4.044803,-0.06267377,-0.23876971,-3.6481416,-0.60291684,-1.0749328,-2.4678328,-0.32446465,-0.985993,-0.07052524,-2.136879,-6.2928185,-0.9626724,-16.45578
1.1756312,-0.30278793,0.26559567,0.52313757,-1.0891464,4.5355277,0.6141842,-6.9858418,-8.909216,-0.70531,-0.87899554,-0.020415304,4.0317154,-14.59162,-1.6504699,0.0650823,0.012429199,0.61301434,0.13460176,-0.2057306,-3.3798153,0.6217638,-1.2296703,-18.768324,4.738718,0.25986755,-0.34129727,-0.06356995,0.023010127,-1.4668341,-0.13493247,0.19652025,2.3753023,0.9001031,-0.53730965,-0.2367231,-7.3887396,-0.28946468,-1.187062,-4.1596136,-0.2840029,-0.6867633,-0.4348672,-3.5317688,-7.5018897,-1.0843993,-17.271349
1.1848469,-0.34103075,0.3053934,0.51736885,-0.9958338,4.3884163,0.18145218,-7.295531,-7.3825316,-0.81186235,-0.6828893,0.06771741,2.8227704,-13.129892,-1.6484863,0.101326756,0.008988431,0.64975864,0.02769624,-0.4157331,-3.341487,0.5889978,-1.3316755,-18.550806,4.4111214,0.24269828,-0.38633817,-0.11250234,0.35875914,-0.93001646,-0.15222147,-0.56522906,2.0767632,-0.53746414,-0.5502731,-0.22502229,-7.1432557,-0.3382403,-0.8212882,-3.906585,-0.24537706,-1.3290495,-0.35200506,-2.9300034,-7.82966,-1.0430608,-16.727156
2.084388,-0.2163758,0.26002502,0.67060405,-1.1277028,4.958007,1.1097841,-6.902828,-9.696131,-0.96229506,-0.7162106,0.011134819,3.6828077,-16.829937,-1.4488922,1.1608775,0.041094735,0.552969,-0.13459878,0.047342848,-3.4649186,0.4242764,-1.4100583,-19.350748,5.865343,0.20031688,-0.1429998,-0.03626452,0.038426835,-0.677056,-0.07432914,-0.087798096,1.9308368,1.6376624,-0.32022125,0.013129346,-7.2231903,-0.34790868,-0.7049534,-4.079451,-0.18280923,-1.2868459,-0.36001095,-3.178023,-9.7947,-1.1429303,-16.969255
2.0300825,-0.23324324,0.29172948,0.5482474,-1.0718572,4.7734475,1.1098046,-7.054932,-10.080358,-0.9632356,-0.5661696,0.006866873,3.7360024,-16.789343,-1.4425826,1.1807309,0.049215272,0.61176443,-0.117686845,0.022273831,-3.5398457,0.5271576,-1.3636805,-19.299091,5.3340364,0.21344022,-0.14479347,-0.123060554,0.085375346,-0.79406095,-0.08933989,-0.34247875,1.8942746,1.6599689,-0.34448898,-0.008151866,-7.009457,-0.33463556,-0.6846961,-3.958723,-0.50701725,-0.16511385,-0.16493683,-3.2382743,-9.805951,-1.1377051,-16.716871
1.9993733,-0.21475925,0.29736844,0.6822816,-1.2243055,4.8086405,1.1297367,-6.891129,-9.623261,-1.0243418,-0.7212747,0.012327019,3.6896698,-16.782173,-1.4581276,1.1677066,0.051389314,0.5549687,-0.1124544,0.032507356,-3.6972075,0.44005376,-1.4544425,-19.355732,5.7845626,0.1880966,-0.15233633,-0.16334964,-0.06822977,-0.6903315,-0.07812746,-0.30557486,1.9152277,1.6295352,-0.3079292,0.01252535,-7.203825,-0.35511312,-0.7696149,-4.0170803,-0.17735273,-0.43327364,-0.35201567,-3.1958067,-9.813435,-1.1328082,-16.83988
0.2913269,-0.1590829,-1.0100716,-0.14899203,-0.4439485,-3.5477498,-7.74436,-6.8719277,-6.893084,-0.8458066,-0.87488323,0.48876458,2.2734482,-13.557894,-1.3869342,-0.019691806,0.1449625,0.05412843,0.30689594,0.5791569,-1.4139677,0.46564722,-1.4757296,-16.779606,4.1204863,-0.23822473,0.46155727,-0.058426116,-0.1568196,-0.8833511,-0.383307,-1.308006,-1.4985225,-8.741727,-0.16665097,0.437051,-6.6739006,-1.0556109,-0.6997083,8.78294,-0.7365132,-0.8237281,0.33776852,-1.2981806,-5.118672,-0.7263014,-12.210081
0.3926232,-0.0982629,-2.275708,-0.16234753,-0.39518785,-1.3325435,-7.1368055,-6.910714,-7.6660447,-0.59350246,1.18914,0.34334698,1.5830513,-13.941704,-1.5355561,-0.041184388,0.4863535,0.010480166,-0.52133673,0.3092486,0.86170954,0.40436578,-1.903319,-18.12847,3.1792822,0.024047201,-0.69812036,-0.117053464,0.13576761,-0.7945106,-0.11642676,-1.2797908,-1.4394706,-6.655959,0.35593724,0.49604055,-6.385296,-0.576372,-0.6722398,1.7424792,-0.537384,-0.98685575,0.2731434,-1.4696913,-2.3410535,-0.73588616,-11.806856
0.007877957,-0.21879166,-0.5882823,-0.11273845,-0.5600134,-3.778146,-9.058594,-8.249131,-6.064543,-1.548518,0.7495598,0.26033518,2.1950042,-13.095184,-0.9661067,-0.16413622,0.21126382,-0.0062126666,-0.66279644,0.102981925,-0.09870452,0.6197296,-1.1526333,-16.649418,1.0442041,0.10094947,-1.0250813,-0.10631346,-0.13365537,-0.8327332,-0.25610173,-1.2391146,-2.2711349,-9.685644,-0.387889,0.422923,-6.8804045,-1.0845609,-1.1311884,9.483466,-0.7566219,-0.8432757,-0.10559772,-0.26637554,-1.929012,-0.41284665,-10.473807
0.9247073,-0.32708773,-0.5973402,-0.1522815,-0.43843615,-3.4465778,-8.467251,-7.716162,-7.550896,-0.61137736,0.978837,0.32980314,2.3511896,-12.768443,-0.84004086,-0.07226363,0.29646716,0.088639274,0.34685582,0.18997113,-0.094304375,0.70379347,-1.7074822,-16.483833,5.096762,-0.28755134,0.32458854,-0.0972552,-0.13678966,-0.7555,-0.22427861,-1.3942881,-2.0509372,-8.346237,-0.36786643,0.62658995,-6.2702456,-1.0377523,-0.90124196,9.962684,-0.8085896,-0.8480086,0.29857528,-1.665703,-4.7800875,-0.7465419,-12.357618
0.8853434,-0.5251785,-1.563643,-0.22445008,-0.6128663,-4.123192,-8.096461,-7.600637,-6.637645,-1.6192659,0.8307796,0.36883733,1.8911933,-13.641952,-1.3589368,-0.15636991,-0.023707202,0.15330346,-0.9579525,-0.04758066,0.40511715,0.6802582,1.2585182,-16.814804,1.731874,-0.0604362,0.31458446,-0.20607653,-0.29176775,-1.0274007,-0.47183523,-1.4087558,-2.2982352,-6.6459866,-0.30831352,0.73574054,-6.566528,-0.7580623,-1.8630208,7.3561006,-0.5374245,-1.3742553,-0.53364044,-1.4598159,-4.824689,-0.6286932,-8.431443
-3.2243369,-0.55716103,-1.5230381,0.34997654,-0.39513993,-8.484163,-9.150179,-6.65624,-6.8340364,-1.0692647,-1.1514357,0.18903422,-1.8887184,12.709762,-8.851923,0.3672012,-0.39709893,-0.06743622,-2.875596,-1.2618803,0.917742,0.47640812,-0.37540632,-13.15751,-4.5590243,-0.1682502,0.0691221,-0.026408996,-1.4441681,1.3723105,-0.35315916,-0.3279058,-3.052175,-9.697973,1.4116703,-1.4779814,-6.0975623,-3.3531458,0.38858432,3.2688057,-0.4432821,-1.5358335,0.20096268,1.7302303,9.004658,0.09687338,10.344715
-5.5896997,-0.8790398,-1.4729956,0.2176089,-1.1010165,-7.307876,-8.13674,-5.6365952,-5.414328,-1.0116394,-5.8200655,0.24644235,0.093596585,-6.6674876,-9.551602,-0.20819376,-0.11507534,-0.03471216,0.034662876,-0.19590034,1.0544766,0.5047504,-0.328976,-13.057717,-4.340638,-0.42116344,-0.3822026,-0.24588421,-1.2536528,0.5961571,-0.17082135,1.9911668,-2.266417,-7.9215674,1.6052384,-2.0310757,-5.4373035,-4.406279,0.34952024,4.8613377,-0.25360778,-0.94632435,0.22023055,3.366927,8.877776,0.09284226,11.479296
-3.180365,-0.30154014,-1.6677942,0.23147736,-0.98275167,-8.420256,-8.009334,-6.0898213,-3.70069,-1.1173409,0.53680617,0.41991982,0.057133444,-11.000983,-8.965959,-0.23230448,-0.030337725,-0.051956374,-2.4057927,-0.27517158,1.8514665,0.16534889,-0.15103436,-12.630152,-4.340167,-0.33941758,-0.26633385,-0.15802908,-0.99318707,0.50087553,-0.18322416,-0.79625326,-2.221785,-8.50565,2.0629864,-2.1170044,-5.67015,-5.0044985,0.8972066,5.660787,-1.821888,-1.6474444,0.3549711,3.4437127,8.7285185,0.16302668,11.00122
-3.4439733,-0.27249995,-1.9002025,0.72727513,-1.0660064,-7.056793,-9.293718,-7.0156684,-4.9183517,-0.9589643,0.29570243,0.35287213,-0.14562158,-3.6339922,-8.631227,-0.39722103,0.01765288,-0.052793927,-2.405531,-0.9305817,1.3943495,0.24540026,-0.1556375,-11.513897,-4.4436517,-0.14806235,-0.0783708,-0.31912354,-0.6887151,0.15146333,-0.20137157,-0.9697081,-1.303201,-9.038218,1.4144771,-1.65985,-6.467257,-4.297954,-2.351628,5.1044664,-0.19172041,-2.6232057,0.037443746,2.2438328,8.831198,0.077323854,10.990715
-2.2938168,-0.1980836,-1.6737418,0.904122,-0.897299,-4.1823845,-8.16819,-6.858427,-6.3865585,-1.2414397,0.33002397,0.28936765,-0.024092568,-10.544782,-8.566897,0.32074583,-0.0022235457,-0.017294195,-2.6416137,-0.23975165,2.1365666,0.535314,-0.32078508,-15.220781,-4.4158144,-0.4857384,-0.061637912,-0.1291224,-0.4883508,0.24728787,0.30295262,-1.1021594,-1.674412,-8.950291,1.2681048,-2.4208918,-5.5941973,-5.025281,-1.8046083,4.636151,-0.1583714,-1.8939207,0.2629439,3.4139555,8.931697,0.14859778,10.8167
-2.0740585,-0.49397713,-1.8192589,0.8415724,-0.94438857,-4.7665396,-7.8455024,-6.949951,-5.503151,-1.2321076,0.44618,0.39526343,-0.13646524,-11.715932,-5.4926085,-0.04250756,-0.029908117,0.023325097,-3.3637166,0.030087357,2.2873254,0.32455283,-0.1151917,-13.882245,-4.308632,-0.5687423,-0.4492121,-0.21319279,-0.63859814,-0.821148,0.19299404,-1.0910106,-1.6299658,-9.0245285,1.1724288,-2.2561095,-4.594688,-5.0879526,-1.5932311,5.537538,-0.18697186,-2.4135356,0.10187603,3.3418508,8.298677,-0.1969104,11.830753
-1.5493726,-0.24285634,-1.6782476,0.5146956,-1.0950497,-3.7273877,-8.237447,-7.058429,-5.281603,-1.124658,0.48576587,0.55463356,0.06918865,-12.398708,-8.392404,0.05994489,0.079639055,-0.03661273,-1.1693584,-0.5501315,2.0996096,0.36721778,0.08333212,-15.249669,-4.651207,-0.4078252,-0.3700601,-0.1005385,-0.6646365,0.16733772,0.04619643,-1.0654104,-1.9325236,-8.733739,1.3242626,-2.0359125,-4.6525755,-5.1638856,-1.5331454,5.772368,-0.17477798,-2.5884776,0.30425447,2.9578328,9.028984,0.08419089,10.915113
-2.0101023,-0.3674025,-1.718609,0.6854098,-0.9396622,-4.1835504,-8.049862,-7.1212683,-6.0218997,-1.1033175,0.25528803,0.34810695,-0.18079802,-11.450342,-6.973856,0.6177535,-0.017964816,-0.027162345,-2.1025207,-0.88304526,2.0338411,0.19235809,-0.30173957,-15.507267,-4.8633437,-0.44879562,-0.35812393,-0.15216523,-0.5596344,0.1611176,-0.005151493,-0.9714195,-1.7564328,-8.868946,1.3523774,-2.3950827,-4.956683,-5.105334,-1.6139674,6.336364,-0.49450466,-1.925507,0.25380453,3.3371754,8.973935,0.06592638,11.072595
-1.1930904,-0.58011466,-1.4711884,0.80887914,-1.0514097,-5.1236315,-8.890532,-7.366928,-6.2379246,-0.7787975,0.5778858,0.24099718,1.3088845,-13.792318,-5.2939367,1.2989727,0.054569487,-0.024021275,-2.2906802,2.0474944,-1.0915629,0.175149,0.11729478,-15.698662,-2.5290208,-0.11758935,0.6330027,0.08092575,-0.2719916,-0.07035635,0.07548275,-1.5623931,-2.6577973,-9.360655,1.6615232,-1.0719355,-5.584427,-2.9577472,-0.21046066,5.3431244,-0.29970017,-1.0536848,0.07706867,3.1468434,6.2665334,0.015658684,7.847243
-1.0186229,-0.27695853,-1.5881367,0.48501325,-0.9836937,-5.607856,-8.6950035,-9.76292,-7.038135,-1.2298486,0.46534446,0.5216631,0.3474883,-13.361171,-8.7457075,1.0282011,-0.04929479,-0.06829124,-2.0029857,-0.9846264,1.044425,0.47347632,0.055355933,-14.404892,-3.7166233,-0.3942027,0.14172493,0.23082758,-0.58198565,-0.12056563,-0.25474134,-1.1591648,-2.1278045,-9.583941,1.4931598,0.28028053,-2.2365534,-6.902206,-0.3736619,6.555666,-0.10489538,-2.5383272,0.28273782,3.6898937,6.829406,0.217176,10.966289
2.0980933,-0.22566009,0.3628755,1.248184,-1.1334158,4.524028,2.0074844,-6.6594286,-9.645162,-0.8771975,-0.90570116,0.01053009,3.6879375,-17.05906,-1.4409782,1.181286,0.08121016,0.49904385,-0.1343031,0.035930272,-4.919575,0.443731,-1.4039242,-19.341223,5.8428493,0.20923692,-0.16214414,-0.061837018,0.07534845,-0.7389577,-0.058638215,-0.2680706,2.069792,1.7436374,-0.40324777,0.05097679,-7.559364,-0.3370512,-0.9162305,-3.7104084,-0.06711523,-0.69018906,-0.35028285,-3.1184752,-9.729984,-1.1417389,-17.300716
2.1129303,-0.20387585,0.09930697,0.22979854,-1.038784,4.001593,0.1342749,-7.2989354,-7.300749,-0.8027769,-0.7125287,0.04050896,2.861718,-13.993366,-1.5804613,-0.0075870776,0.04143612,0.6379834,0.011118125,-0.31750324,-3.270025,0.78018886,-1.4957625,-18.903376,4.922756,0.23365992,-0.3034667,0.01962345,0.24043933,-1.006083,-0.17922656,-0.62913734,2.2891684,-0.65161556,-0.61713177,-0.173471,-6.972532,-0.28956228,-0.84595394,-3.9992635,-0.25359067,-1.2083983,-0.4096919,-2.502785,-9.461152,-1.103207,-15.345382
2.0053673,-0.113693625,0.3236414,1.958124,-1.0507842,5.0242105,1.9852931,-7.1757097,-10.774649,-0.04826602,-1.206218,0.091184504,3.240835,-18.04937,-1.3544688,1.204502,0.11728429,0.4714149,-0.09300209,1.96254,-5.2829514,0.5384797,-1.2986468,-19.645603,5.389472,0.20645851,-0.15988424,-0.08820478,0.3361124,-0.888806,-0.10948043,-0.354113,2.0636964,1.8769641,-0.3179005,0.08819928,-7.2456336,-0.08184416,-0.9200494,-3.726443,-0.17212291,-0.27047423,-0.43952674,-4.065176,-9.865679,-1.1547403,-16.954798
1.1952429,-0.15002248,-1.1177455,0.24848431,-1.0534558,3.538289,-0.14609876,-7.0721574,-7.998374,-0.6195744,-0.22312647,0.09620465,2.7021582,-14.167678,-1.7848895,0.07944894,0.2894679,0.28833285,0.09324672,-0.51981807,-0.55137503,0.9203607,-1.6571869,-18.415487,4.9041896,0.030930111,-0.42139283,0.043224763,0.34576073,-0.89186513,-0.14213994,-0.8786919,2.1248298,-1.6626858,-0.5873624,0.17601682,-7.2816324,-0.20576261,-0.7269003,-4.327869,-0.48111466,-1.2717869,-0.2600204,-2.3724067,-7.689533,-1.1105516,-15.606044
2.0402162,-0.048329443,0.18048818,0.701682,-1.2023243,4.831241,0.88461953,-6.990772,-10.450336,-0.9662785,-0.94038874,0.0074811284,3.7353504,-15.838992,-1.439685,1.1445922,0.056524076,0.62122285,-0.1296654,0.073592305,-3.656224,0.520204,-1.3089203,-19.307484,5.524521,0.19430223,-0.15506336,-0.0926594,0.5226845,-1.4323263,-0.16287482,0.083850116,2.1744046,1.7391884,-0.3229104,0.0056625833,-7.448953,-0.52158594,-0.7698069,-3.9727952,-0.46432063,-0.15582593,-0.44058943,-3.3435683,-9.994884,-1.0107322,-16.717157
0.84743845,-0.1424427,-2.7061281,0.78794205,-0.6043716,-0.9249787,-5.136348,5.177315,-3.316567,-0.6143013,0.04279812,-1.2148689,-1.0922884,-10.700145,-1.9974878,1.1768098,-0.6998404,-0.46741995,-0.39010984,0.39877802,-0.38809055,0.13550276,-5.143417,-13.529789,-3.5033116,0.08500118,-0.2629097,0.058785155,0.14395568,0.5641755,0.07308454,-1.4555871,-1.2078626,-5.1589327,-1.8404549,-4.9374976,-5.2339096,-0.2300279,-1.3053746,-1.6565117,-1.1515416,-2.9130902,-0.64061546,-2.6638508,-6.907354,-0.7363083,-8.271937
-1.7677501,-0.2800865,-4.2518682,0.27335098,-0.6478016,4.9705834,0.23433612,-9.627619,-7.0321507,0.03575291,-0.40778574,0.30954862,6.3541746,-14.88554,-2.015936,-0.55840516,0.4076689,0.648647,0.43066913,-0.27129656,-3.6013885,-0.046874903,-2.8322663,-15.588202,-2.095631,-0.14641756,-1.6091743,-0.06105825,0.108316444,-1.0000422,-0.5086624,-0.1884902,-1.4827335,-5.4884524,-0.7267503,-0.40031317,12.472198,-0.64086473,-0.694604,-3.1685376,-0.8419245,-1.3762698,-1.3103378,-7.597817,-4.691696,-8.736912,-12.62572
1.2456821,0.103915416,-3.4693718,0.45815524,-1.3293669,3.048302,-0.045794122,-7.621237,-7.2520766,0.6094817,-0.638355,0.35448295,1.0580652,-15.001552,-1.7166195,0.9414739,0.46187362,0.7067997,0.012448741,0.047412373,-0.29308587,-0.5934387,-1.4584357,-17.723083,-1.2264329,0.23118164,-1.459795,0.00038957087,0.30891508,-0.82627517,-0.24165437,-1.3455315,-1.025101,-4.913919,0.44652063,-0.16898118,-6.1337423,-0.08340501,-0.90269625,-2.950718,-0.34256282,-0.8836893,-0.10388202,-1.6895381,-4.3570604,-0.5335437,-15.06025
-2.2720208,-0.1641008,-3.7740734,0.56750387,-1.446745,4.341931,0.5835374,-8.003447,-7.200117,0.2091272,-0.783422,0.53195655,3.1603076,-15.169976,-1.3337835,1.66725,0.3384159,0.09752446,-0.19255385,1.4161376,-2.5422194,-0.71710813,-1.7356929,-18.195425,-0.8308447,0.17657106,-1.4888191,-0.07337031,-0.123101175,-0.73550934,-0.51846296,-0.94519114,-0.90291685,-6.3289156,-0.51749384,-0.5105577,-3.9195735,-0.75910574,-1.6815068,-3.2235541,3.4223323,-1.4799303,-0.20101903,-2.090412,-5.0658927,-1.4227464,-14.807099
-0.99939024,-0.037655994,-3.4711192,0.072960526,-1.4925153,6.1798015,-0.17995583,-8.055497,-7.2397265,0.5498634,-0.3752903,0.29877344,2.8775759,-15.918399,-1.4572134,1.509457,0.5834102,0.6867465,-0.09660755,0.6614141,0.34278885,-0.32431114,0.56730217,-16.683197,-0.77149564,0.24671888,-0.57247907,-0.10612117,0.50541866,-0.78806674,-0.33999112,-1.7204498,-1.749372,-3.8910277,-0.10248193,-0.13819094,-2.0880916,-1.0319916,-1.8711532,-3.8712344,-0.875569,-1.0003113,-0.5652712,-2.003576,-6.169486,-1.0579154,-12.474881
1.2709497,-0.124026716,-4.604393,1.0263236,-0.6836968,6.7325377,-2.5593529,-7.835691,-7.6469584,0.779935,-0.42477652,-0.92819774,2.0706089,-15.850838,-2.1234567,-0.033915646,0.25147426,0.4699456,-0.09334018,-0.47833887,-2.8239284,-0.4960896,-1.584123,-16.109743,-1.1317277,1.117714,-1.4474484,0.0124480445,0.20240301,-0.64863557,-0.421382,-2.4911335,-2.3103173,-6.689457,0.1598434,-1.5658884,0.12786043,-0.9654973,-0.95541525,-3.1429875,-0.45600894,-1.5204906,-0.13995433,5.883426,-2.8956833,-1.5717568,-14.234348
0.50106037,-0.17101693,-0.21666221,0.44842312,-0.31570226,4.0032816,-3.9687793,-7.445562,-5.4194565,0.54474664,-0.41337517,0.42831293,2.7366571,-15.122291,-1.8410676,1.0593718,0.46704465,0.5595503,0.022020597,0.16903839,-1.3628031,-0.7498963,-1.5927008,-18.250458,-2.322312,-0.08686625,-0.45651993,-0.065729864,-0.059910823,-0.5595305,-0.16161701,-1.4906591,-1.8230953,-5.1757174,0.15293573,-0.47087148,-3.401197,-0.7565428,-1.2903535,-2.8062522,-0.4972872,-1.094879,-0.064216316,-2.1272874,-4.3354974,-0.5286615,-14.888563
1.8392026,-0.11708381,-0.009862665,0.3322612,-0.80731356,3.1441147,-2.658596,-8.591247,-8.140512,0.5160503,-0.3238386,0.50695884,2.332847,-14.860382,-1.7532058,1.0192293,0.26528206,0.6487048,0.010866851,1.3904059,-3.061772,-0.80631846,-1.128574,-19.139347,-1.2163268,-0.20286904,-0.75443393,-0.030033072,0.35604584,-0.96222085,-0.27792788,-1.7906766,-1.017184,-4.2896843,-0.42987907,-0.2744402,-3.584429,-0.816903,-1.540549,-2.4102042,-0.5665615,-1.4705223,-0.05899802,-1.7594653,-4.11531,-0.82044655,-13.325569
1.2036564,-0.13902429,0.3991486,0.40367922,-1.5485029,5.3156214,0.626323,-7.669154,-4.87878,0.009504552,0.47134256,0.33083087,2.8266315,-15.762351,-1.7820013,-0.13974443,0.3239288,0.70638907,-0.39776313,1.4149954,-4.587379,-1.287999,-2.062214,-20.63608,-1.780641,-0.23629472,-0.56993896,0.0015500044,-0.044323236,-0.8578172,-0.3551541,-1.7046689,-1.5543209,-4.763366,0.09980576,0.67156816,-2.7519171,-0.79729533,-1.2509333,-3.8677301,-0.30626863,-0.933686,-0.062173404,-0.51806843,-5.4111133,-1.0996177,-15.810277
2.470201,-0.33668762,1.0384438,1.1250008,-0.21143244,0.7307106,-4.369631,-4.110279,4.39159,-0.42048606,1.2592868,0.9192897,2.180431,-9.724853,-0.7093796,0.1540618,0.07120927,0.25239757,0.57080156,0.14001888,3.6335306,1.0032917,0.14149311,-11.178301,2.0700655,-0.34876245,0.06978651,-0.028684793,-0.39190573,-0.32588482,0.2543616,-0.974606,-0.96302825,-3.50529,1.6005774,-0.12706423,-2.0137508,8.065079,-0.8053241,11.4129715,-0.48769686,1.1169716,0.6099888,6.2462306,10.85276,0.09154261,18.983984
0.74364656,0.083047844,0.84745455,1.1827762,-0.060222074,-1.7605202,-5.575075,-4.370922,1.2296,-0.079009816,1.3179024,1.3995036,1.7716905,-8.107239,-1.3488557,-0.25636682,-0.0023331002,0.087100945,0.70316625,-0.6814687,4.1224537,-0.93373555,0.13407613,-10.187344,1.397095,-0.40543357,0.3688523,-0.01109246,-0.43629017,-0.6645116,0.42849872,-1.1294274,-2.4832907,-3.742072,1.6649632,-0.49743712,-0.8615529,10.316536,-0.75840384,10.894424,-0.16135007,0.06701324,0.23074874,5.9274025,10.754255,0.03476868,18.227098
2.013175,-0.22377451,0.86603653,1.2558564,0.019366676,0.46110228,-2.9420683,-4.163511,2.7163432,-0.27253488,0.74265075,1.160587,0.5903503,-7.0402107,-1.4806027,0.10273139,0.08504436,0.38561368,0.4399788,-0.63197076,4.0234103,0.48204142,0.44060192,-10.531298,0.07985586,-0.3171602,0.41849825,-0.12890111,0.028866304,-0.78800756,0.35001805,-1.0217565,-1.2527964,-3.4909136,2.4540203,-0.4666131,-1.9923508,10.303377,-1.0725774,11.448239,-0.18625247,0.87305063,0.28663594,6.1727962,11.201481,0.21387422,18.972155
0.66847676,-0.19717887,0.6520554,1.118689,-0.09338881,0.7966427,-4.796806,-5.372845,1.1042174,-0.34191802,0.9662004,0.4868086,1.9999018,-11.196869,-2.355591,0.01640169,0.010455163,0.34047717,0.6334686,1.0917039,4.2051883,0.6510714,-0.57053244,-9.3463,1.5593898,-0.31838092,-0.021218091,-0.24552757,-0.12875357,-0.6429547,0.32733914,-0.9923502,-0.6494565,-4.373142,1.6618772,-0.4560311,-1.5735766,10.861803,-1.1851609,11.668186,-1.6580325,1.5036638,0.29912695,6.387258,9.866754,0.16452734,20.311636
2.261955,-0.1563162,0.53922695,1.1013176,-0.24498093,1.0478547,-5.7750707,-4.3824687,3.7159624,-0.5547918,1.2285632,0.9411862,1.0673966,-10.369722,-2.277091,0.014399315,0.08960123,0.22076479,0.78265667,0.19864324,4.275624,0.8537308,0.3594543,-10.255459,1.5612261,-0.18923506,0.64395225,-0.3109902,-0.19526511,-0.58156,0.35321954,-0.9836501,-0.45568553,-4.7054796,1.8225341,-0.1471929,-1.1736435,10.0353155,-1.0197204,11.373669,-0.3164074,0.953111,0.28199333,7.0622063,11.941599,0.22879629,19.86528
2.8942683,0.08877506,-0.11237182,1.3234532,0.21080875,2.6858764,-4.9609017,-4.2130957,2.482191,0.2666813,0.94865,2.064874,1.2905563,-11.267108,-1.119688,0.3932307,0.3138854,0.2381588,1.2898946,-0.20843723,2.286872,0.85550696,0.62366676,-10.970239,1.4270396,-0.26851943,1.1159849,0.2708219,-0.29820752,0.38496003,0.15698239,-1.5097158,-1.742886,-3.1321194,2.5056999,-0.50083923,-1.2287871,11.777252,-0.29446664,10.321211,0.30890545,1.6591121,0.5052432,6.3923774,11.490432,0.46512115,12.838914
1.048723,-0.26883522,-1.0115016,1.2050598,-0.49431166,-2.3733058,-6.1377745,-4.621718,-0.47670496,-0.49612388,0.9541234,1.6541859,0.9291674,-7.143047,-1.9655062,-0.24228269,0.24340475,0.20997502,1.2780452,-0.3609068,3.2109296,0.06678094,-0.24671303,-8.563632,0.8280071,-0.12660436,0.62350976,-0.0891667,0.09281227,-0.31750625,0.56999195,-0.58874017,-1.5470518,-5.067899,2.0583541,-0.37931022,9.994597,12.170528,-1.0964025,10.930228,-0.12333746,0.02227521,0.47595736,4.60636,12.447304,0.29460096,18.205606
2.3667827,-0.24129371,-0.8289266,1.1472493,-0.49352372,-2.886591,-7.8559737,-6.178798,-4.4840646,-0.890066,1.113732,1.2078536,0.9646076,-8.8436,-0.4658929,-0.6156523,0.2171405,0.22169296,0.8259294,1.1456542,2.806635,0.26705825,-0.26098758,-10.96789,0.6822875,-0.3447787,0.25527784,-0.119745746,-0.38464916,-0.6788241,0.26263765,-0.77078813,-1.7136028,-4.835736,2.0016086,-0.65061516,8.686309,10.469025,-0.8817865,10.614828,-0.09558603,0.67371094,-0.0011185191,4.006809,9.063712,0.25040582,17.690699
0.88851875,-0.433208,-1.5124465,-0.031772874,0.12434827,-6.0945764,-8.090092,-4.463743,-1.6336135,-2.0160234,0.97416437,1.0761483,0.79935503,-11.847205,-2.7108889,0.45527756,0.26249224,0.02775853,1.1666706,-0.26756367,1.0405124,0.22568221,-0.42275402,-5.932633,-0.7086432,-0.19309832,0.24986465,-0.49872014,-0.3287466,0.14542642,0.28600612,-0.5895868,-1.7726649,-3.047292,1.470164,-0.32414904,11.78101,-3.4881208,-2.1745408,9.073925,-0.048423942,-0.858871,0.10836449,3.4722142,9.740156,-0.48650143,16.9568
1.9988294,0.092156,-0.30454803,0.938395,-0.36521402,-3.8288927,-3.8727582,-7.9944797,2.0896373,-0.32242996,1.6898898,1.0394163,3.7604296,-15.909987,1.5751916,0.70353615,0.3675537,0.67960477,0.86527115,-0.023416854,0.6424781,0.4409393,-1.5209973,-11.57943,20.252861,0.15866043,1.2192372,0.14112116,1.2288537,-0.1709362,1.1793975,-2.694883,-0.88270485,0.62421685,2.907003,0.19474724,14.037739,0.66543424,-1.0093406,10.845892,4.2725434,0.8435093,0.4438242,-1.1110992,-2.1444335,0.38743505,17.857014
1.1190999,-0.1883135,-1.5007354,0.12491609,-1.8768754,2.6452377,-0.29966488,-7.233868,-2.632298,-0.770587,-0.69883126,0.24003431,0.539156,-13.532272,-1.7585206,-0.24701801,0.09074546,0.02240114,0.08003979,-0.4794524,-4.583295,0.35094288,-1.5515724,-17.125484,-2.005729,-0.1730616,-0.14446414,-0.08278894,-0.2346895,-0.5245524,-0.118124254,-1.4962052,-1.9974078,-1.284986,-1.822213,-0.20694143,-4.8586597,-0.6574746,-1.0234839,-4.2135887,-0.58104885,-0.97698295,-0.6335889,-3.0089576,-5.867597,-1.450006,-14.408478
0.63780165,-0.19174868,-2.144469,0.25538835,-1.2218164,3.3433192,0.6752131,-8.643614,-2.6642475,-0.8110259,-0.81778735,0.16441979,2.2815735,-14.174567,-1.2590584,0.050353736,0.40822968,0.0645028,0.04143424,2.2981808,-4.7091303,-1.0064126,0.78021675,-19.04941,-1.5570184,0.22840223,1.4238445,-0.05740334,0.39712262,-0.67932457,-0.09147224,-1.8791054,-1.527489,-1.9242145,-2.1510897,-0.12332559,-5.722651,-0.8302895,-0.5905885,-3.6524682,-0.5900763,-1.4695925,-0.34423023,-2.426204,-5.852958,-1.3768446,-14.921413
1.6715113,-0.37381634,-0.3368289,0.2689511,-1.5701233,4.396677,0.72791183,-6.8796744,-8.990227,0.22217,-0.8007521,0.4023868,2.139949,-11.384925,-1.8664001,0.49023014,-0.041050836,0.6337928,-0.1931622,-0.05455897,-3.9206784,0.025630001,-1.3732954,-19.273083,-0.66698205,0.065442815,-0.7873054,-0.1520859,-0.23626235,-1.4309775,-0.30992067,-1.8030475,-1.0375644,-1.2100703,-1.2318931,0.06976107,-6.8581305,-0.4438496,-0.96080995,-4.3041515,-0.31726652,-0.7358658,-0.62795293,-4.0903144,-4.7087784,-1.9087727,-14.67382
0.58566254,-0.032416187,-2.4309304,-0.14861633,-0.80452895,1.9223632,-1.7930721,-7.673391,-3.2966177,-0.8933752,-0.6062534,0.039964695,-0.33481634,-12.213847,-3.04651,-0.1294102,0.18936904,0.14207932,0.00050354167,-0.2627007,-1.2958981,0.26494387,-1.631542,-17.385986,-2.346894,-0.34976423,-1.2368293,-0.070823975,-0.05461609,-0.63066053,-0.2320709,-1.5029976,-1.7970073,-2.3347042,-0.8827079,-0.5606874,-7.191002,-0.75904405,-0.97775954,-2.8742526,-0.81206185,-2.0462568,-0.42751166,-2.2953718,-3.0681925,-0.5576391,-10.884704
1.5961007,-0.13483113,-0.26839045,0.3479297,-1.6002607,3.7131202,-0.04110607,-10.451982,-2.798781,-0.7547352,-0.6334177,-0.13845213,1.8816174,-11.966554,-1.8172643,0.47826514,0.038108308,0.39946517,-0.16418548,0.13035901,-4.2256002,0.16718103,-0.82819146,-19.44668,-1.9561007,-0.26259083,-0.572857,-0.13759817,0.3177658,-0.9056808,-0.2339305,-1.5313816,-1.6547254,-1.526615,-1.2115369,0.45432335,-7.3609924,-0.36968452,-0.7210516,-5.0124626,-0.62218887,-1.3744477,-0.47981957,-2.9497976,-5.036129,-1.5800036,-14.870745
1.232897,-0.17884588,-1.3748507,0.33889464,-1.1498071,2.2168121,-0.44977,-7.4004817,-2.318503,-0.9195983,-0.39607993,-0.14920211,0.9133542,-13.312877,-1.9406874,0.087514326,0.35959816,0.6340137,-0.29832864,-0.24282417,-3.4952872,0.38877815,-1.5636,-17.573381,-1.2950596,-0.07212129,-1.3369701,-0.017819295,-0.35687152,-0.6084594,-0.24926916,-1.5174868,-2.287544,-2.5638378,-1.214188,-0.6376427,-5.82548,-0.10926448,-0.88023597,-4.3634934,-0.72280884,-1.0230409,-0.4144254,-1.9977943,-4.8895144,-1.5057595,-14.507156
1.4119349,-0.22143082,-0.13605434,0.18123282,-1.3929527,3.5105126,0.1307591,-7.880736,-3.6769884,-0.66099465,-0.40228465,0.15714745,2.183933,-14.871512,-1.7424812,1.2573019,0.249293,0.3558109,-0.3773282,1.4643391,-4.3775806,0.15428299,-1.6750306,-19.949059,-1.449471,-0.1875406,-0.47123855,-0.041705195,0.15016803,-0.62271065,-0.2774397,-1.4816211,-1.4107051,-1.9625295,-1.7458203,-0.67104787,-7.002368,-0.38578212,-0.85956216,-4.139238,-0.42620814,-0.9052307,-0.49350184,-2.256766,-5.763498,-1.5727012,-14.810478
1.7707273,-0.09083666,0.09776883,0.35235357,-1.5173609,5.5806136,1.3531946,-7.779908,-10.0433445,0.16417761,-0.75781983,0.6624828,5.3454747,-17.093777,-1.9518527,0.8557216,-1.5330317,0.13164505,-0.002592515,0.5434153,-4.6631823,-0.6270073,-3.2664802,-21.873259,-1.1549109,0.5079606,1.3469973,-0.16195554,-0.73154503,-0.28414464,0.016569447,4.52751,-0.36143827,-3.5115976,-1.2543354,-0.9398813,12.531109,-0.4041054,-1.4832517,-2.9543087,-0.62851757,-2.4435062,-0.70823246,-7.0692806,-4.6375804,-9.316669,-17.058493
1.7094998,-0.35610446,-0.04558742,0.29136032,-1.6101891,6.6853557,2.366986,-9.479877,-10.452824,0.19279371,-0.8767107,0.5191297,4.67973,-16.38553,-1.5213587,1.433349,-2.3241224,0.086067736,0.011341446,1.4746397,-4.9090853,-0.8979629,-2.7827938,-21.862762,-1.3024589,0.26634333,0.2497924,-0.16404366,-1.0891232,-0.2594441,-0.006612575,4.341259,-0.7035202,-2.7567198,-1.6745527,-0.9186384,12.91133,0.07840426,-1.8555441,-2.0912356,1.8138511,-2.4435074,-0.8824173,-6.855644,-5.6533804,-9.319197,-18.500687
1.7554655,-0.07578661,-0.37039384,0.13807945,-1.4252083,5.3597083,1.1045618,-9.268245,-9.295367,0.40539676,-1.0146383,0.5739658,5.2600784,-15.900048,-1.6368191,1.501052,0.099229775,0.14069104,-0.105425276,1.568119,-6.145385,-1.1912986,-2.2833009,-21.867884,-1.0448596,0.2837129,-0.5110495,-0.2143459,-0.6974645,-0.15881951,-0.0058132475,3.7566733,-0.66435176,-2.8984587,-1.0389326,-0.16125342,10.237465,0.16548075,-2.1337965,-2.36239,-0.6699055,-2.4538066,-0.12814133,-7.038204,-5.094517,-8.72211,-16.607635
0.6628745,-0.3515519,-0.43383533,-0.01014086,-1.5863932,6.13371,1.7258358,-8.693164,-10.696997,0.18422951,-0.7855847,0.6357768,5.6319366,-16.179834,-1.3586358,0.96930903,0.29273012,0.58604074,-0.32692167,1.5414935,-5.543101,-1.1540774,-3.0839171,-21.897371,-1.264508,0.22233772,-0.7180897,-0.15806344,-1.2041892,-0.40302515,-0.05559269,4.0614147,-0.5706039,-4.611412,-1.1070338,-0.5799122,12.182646,-0.56932515,-1.6607044,0.2849465,-1.1757869,-2.68625,-0.855847,-6.1204953,-5.034544,-9.531131,-15.037582
0.5949044,-0.15635453,-0.46581924,0.27251917,-1.4866548,6.6140347,0.8264959,-7.762165,-10.708408,0.08653884,-0.579055,0.5661589,5.922027,-16.566307,-1.47146,1.3447284,0.28346077,0.55269295,-0.22560275,1.4909723,-4.5324993,-1.189766,-3.174224,-21.66916,-1.2690204,0.020181157,-0.66905147,-0.110755846,-1.1832476,-0.14449653,-0.051787157,4.769784,-0.33828378,-5.0871677,-0.6170376,-1.2323147,12.221757,-0.524374,-1.546705,0.46456495,-0.4649174,-2.31752,-0.69617164,-6.4701066,-5.3685794,-9.550183,-15.693807
1.793814,-0.12957872,-0.49952334,0.40447685,-1.5353124,5.4609737,-0.78031075,-7.6920757,-11.272737,-0.028767662,-0.1768527,0.5889215,6.3464546,-16.018473,-1.1741331,1.2630488,0.23533358,0.56519616,0.012910979,0.760184,-6.7602715,-0.78333044,-3.30721,-21.720175,-1.0867823,-0.07244575,1.0170684,-0.2866222,-0.7608822,-0.03528546,-0.11274364,2.3006196,-0.15551442,-8.481313,0.39264333,-0.928928,12.379317,-0.72301906,-1.7343415,5.585597,-1.0608321,-1.4372643,-0.6118587,-6.780402,-4.6918006,-9.549632,-19.701363
1.3680869,-0.259911,0.1987201,0.48558342,-1.7719222,7.0974326,1.0605013,-9.225034,-10.378745,0.35370496,-0.4720895,0.44880283,5.5661874,-16.797743,-1.3624293,0.4082598,0.17890254,0.38605365,0.08312579,1.3951107,-5.8321247,-1.0068202,-3.1167178,-19.546469,-0.7099654,0.15811898,1.5795503,-0.037336748,-1.2180107,0.733641,0.04869313,-0.38844445,-0.8739217,-5.2332354,-0.5549843,-0.16125762,10.368634,0.24357505,-2.2140229,1.4994727,1.3462051,-1.6932425,-0.18741375,-6.5962863,-4.101425,-8.834608,-16.15078
1.2724019,-0.088555105,-0.14286454,0.5365896,-2.2697444,5.7873106,-0.21827355,-7.523657,-11.21796,0.38623464,-0.42275733,0.42970818,5.1976624,-16.067047,-1.4271888,0.3874737,0.17674372,0.36213112,-0.0992814,0.9701755,-7.27509,-1.0099745,-2.874853,-19.877771,-0.89229953,-0.03586699,0.58445764,-0.26175836,-1.9989135,0.08886652,0.09230817,-1.1521275,-0.6777709,-7.519814,-0.8660969,-0.67003393,10.187894,-1.0034043,-2.0111399,5.993558,2.1601462,-1.1740333,-0.04265544,-6.306012,-5.0489798,-8.807517,-16.366928
1.099017,-0.10383939,0.1404568,0.20981497,-1.6074909,3.6651428,-0.9957118,-6.5835752,-9.446942,0.6856398,-0.2415506,-0.10018987,2.7264833,-16.230099,-1.658925,1.6677586,0.23296052,0.611407,0.005237402,1.5266125,-5.6256304,-0.6502422,-1.903401,-19.186495,-0.17321317,0.20515025,0.44741923,-0.20394528,-0.3082633,0.13940014,-0.10158478,-1.5452032,-1.0016161,-8.6966305,-0.68753433,-0.6051324,-2.794555,-0.98167855,-1.8560154,6.310748,-0.19567381,-1.3939426,-0.1134412,-1.8564091,-5.5423417,-1.1234365,-16.960285
0.9914102,-0.55850106,-0.777467,0.5807013,-1.492351,6.3920536,1.1945412,-9.472591,-12.395489,-0.22181253,-0.579675,0.31150573,3.8405733,-16.104052,-1.0005,0.47018734,0.22606282,0.40395042,0.18467118,1.225275,-7.3182554,-0.8875173,-1.85722,-19.480146,2.286948,-1.011417,-0.11105465,-0.09993229,-0.82915634,-0.022854704,-0.017763393,-0.7103404,-1.272105,-8.533118,-0.58584845,-1.4264189,13.379159,-0.35147318,-1.8832833,7.3866158,2.2577283,-1.363358,-0.5284231,-7.3643746,-7.2465024,-9.52964,-16.98027
2.1683462,0.031682976,0.48398122,2.2316265,-1.2150939,5.1543164,2.152108,-7.606076,-9.686303,0.03762275,-1.6380136,0.1707663,3.513437,-17.977402,-1.2161388,1.0784136,0.07595581,0.5418564,-0.086867765,1.0078728,-5.037062,0.12574594,-1.2293738,-19.889492,5.7120295,0.2771535,0.8324507,-0.06019016,-0.13684863,-0.83722925,0.20006438,-1.0891479,-0.5429318,5.470635,-0.26864335,0.19859155,-6.8099856,-0.40993994,-0.7210499,-6.549445,0.05407278,-1.1025052,-0.6818513,-4.359331,-9.24377,-1.0488601,-16.35865
2.2558157,0.13582502,0.42526338,2.0850995,-1.2087379,7.301466,2.8251245,-6.559573,-10.449253,-0.25481033,-1.668429,0.16127011,3.5422895,-17.335186,-1.162964,1.0582632,0.052175835,0.53776765,-0.09544633,1.4024785,-5.3888397,0.03951902,-1.1482338,-19.759295,5.6189575,0.24268806,0.63037974,0.020482557,-0.2871809,-1.116503,-0.107944846,-0.9941431,-0.55207103,6.0051994,0.09916922,0.29142624,-7.673314,-0.40453717,-0.69770163,-7.452102,0.3369782,-0.23141448,-1.4460058,-4.1545463,-9.190234,-0.97850204,-18.91762
1.1334872,-0.22601177,0.30175748,0.48508587,-0.94197756,4.528483,2.0557337,-7.142796,-9.097886,-0.90800077,-0.3192718,0.03127076,4.072846,-16.290575,-1.6121019,1.188613,0.120420754,0.55266005,-0.16726786,-0.03945657,-4.414944,0.39346075,-1.6614332,-19.616327,5.19886,0.21554945,-0.38902745,-0.079419665,-0.5137063,-0.46447483,0.19131452,-0.06050537,1.8161904,6.5600176,-0.36962354,0.051104177,-7.0171237,-0.41260985,-0.6656658,-8.404997,-0.18731807,-1.349974,-0.82223374,-3.520416,-7.9737153,-1.1363865,-17.154423
2.0955534,-0.15469284,0.3771855,0.4397826,-1.1811693,4.4093256,0.10435036,-7.416317,-9.258383,-0.9453092,-0.15068342,0.098200515,3.8339064,-16.512362,-1.4172077,1.2312278,0.020669913,0.5312136,-0.16384214,0.3289445,-3.6962707,0.4306781,-1.6702507,-19.257307,5.7462916,0.2698194,-0.007172299,-0.024092017,-0.24310444,-0.6904665,-0.012709075,-1.081545,1.8561031,6.761577,-0.3980704,0.21622004,-7.1117325,-0.35325047,-0.7881056,-8.283263,-0.33826667,-0.6838842,-0.8057685,-3.1879606,-9.226083,-1.1462171,-16.552639
2.0763764,-0.25202128,0.2616138,0.6706608,-1.1364155,4.908919,1.0820339,-6.906923,-9.396053,-0.94110644,-0.47955886,-0.0041451384,3.7161338,-16.793589,-1.395411,1.1482611,0.042308003,0.55126595,-0.13486585,0.018721286,-3.4748933,0.42563495,-1.3924899,-19.656635,5.6397457,0.20246775,-0.14184344,-0.030882208,-0.40261808,-0.6231174,-0.07691261,-0.0032212306,2.0231025,1.6018951,-0.3457312,0.04484861,-7.1960726,-0.12115056,-0.8101483,-4.0363975,-0.18373586,-1.2360773,-0.37510282,-3.1309586,-9.826696,-1.0702052,-17.000923
2.1752574,-0.13327762,0.59588003,0.403298,-1.2462608,4.497418,1.0898226,-7.534807,-9.681437,-0.24624991,-0.3708087,0.121357016,2.7594981,-17.42633,-1.2751719,0.78110975,-1.5410677,0.3947013,-0.26823306,1.5635357,-3.7722707,-0.69590914,-0.8985729,-19.34628,5.6520486,0.20260805,0.5817183,0.039252724,-0.103605404,-0.3251283,0.110284016,-1.3144631,-0.38816413,7.291092,0.28067595,-0.12255377,-6.1380615,-0.4253378,-0.74568176,-8.639556,4.343801,-0.68843764,-1.35674,-3.25278,-9.402414,-1.0711721,-16.44519
1.3340114,-0.262424,0.2838733,0.38823724,-0.9335897,4.185885,0.33061746,-6.6623487,-8.482419,-0.7141627,-0.46741772,0.17890316,3.172491,-16.720877,-1.3567239,0.49557638,-0.03422774,0.48042434,-0.18604288,0.62335527,-3.8112,-0.61604154,-1.2228693,-18.592247,4.272693,0.23242985,0.4837364,-0.008852617,-0.38190353,-0.057374936,-0.034620598,-1.4484065,-0.7434061,6.870048,-0.28819185,-0.6451479,-6.0586023,-0.30262288,-0.5934829,-7.546096,2.5411336,-1.3722316,-0.8679724,-3.335616,-7.8842764,-1.1289259,-17.2725
1.077057,-0.2699403,0.67560184,-0.088815436,-1.0844172,4.3105965,0.24941872,-7.427307,-8.291831,-0.69253826,-0.6239015,0.0853278,3.2032845,-17.641138,-1.6229059,0.9499513,0.06941366,0.47780335,0.12605608,-0.018506894,0.51979965,0.106318094,-1.6027808,-19.143166,4.7045164,0.26640272,-0.44595167,-0.0770349,-0.8380637,-0.028506603,-0.05777052,-1.7465793,-1.4112045,5.70281,-1.0019494,-0.48785082,-5.5741677,-0.47911882,-0.7064916,-7.819335,3.2349615,-1.2682302,-0.37599024,-3.621835,-7.9933925,-1.0756164,-16.080896
1.3937784,-0.13332199,0.2645168,0.50228643,-1.1768098,5.2422266,1.3310909,-8.821585,-9.050412,-0.5626142,-0.33602497,0.08021603,2.631566,-18.061169,-1.7241571,0.72615355,0.002669476,0.5731975,-0.19050264,1.5239344,-3.6233797,0.109463096,-1.1153829,-18.636238,4.8342676,0.24148391,0.58978647,-0.07256913,-0.10655195,-0.19994761,0.13258263,-0.7873273,0.9621311,6.151347,-0.36631396,0.13759643,-6.77331,-0.33707994,-1.111667,-8.321276,2.7557566,-1.3027925,-0.8699922,-3.7559524,-9.014121,-1.1515994,-16.834013
1.1468382,-0.2851591,0.6527648,0.48700166,-1.0203756,4.222165,0.27577737,-7.0271645,-8.348091,-0.83384037,-0.30443206,0.07202445,3.6873174,-18.151457,-1.650164,1.0766021,0.12616466,0.5099308,0.09317598,0.530902,-0.28772432,0.53073514,-1.6287382,-19.619024,5.604985,0.11548922,-0.41707817,-0.056869246,-0.7332855,0.28820285,-0.100060776,-1.6086105,-1.4946144,6.024722,-0.90048295,-0.13156894,-5.94874,-0.40202662,-0.45697522,-7.5265017,0.38376057,-1.1655253,-0.3979802,-3.234564,-8.614502,-1.0714381,-17.681562
2.1763406,-0.1817831,0.8317688,0.21710977,-1.0861837,4.2218304,1.643533,-8.979405,-8.4725485,-0.7233664,-0.2786577,0.12570873,3.481509,-18.787344,-1.3517678,0.7405926,-1.716943,0.5615898,-0.26287562,2.0712264,-3.5971255,0.47013906,-0.5403601,-18.906712,6.0626826,0.25501406,-0.042248487,-0.0031109795,-0.32883608,-0.35544983,0.13595434,-0.15237817,1.7218784,7.049589,0.24173668,-0.26675838,-7.1275606,-0.36382297,-1.1545553,-7.940748,-0.45227772,-1.3436726,-0.9965409,-3.2701192,-10.201583,-1.1057233,-16.186104
2.285774,-0.16449717,0.44567078,1.4380096,-1.1612444,6.9483523,2.154883,-7.4909782,-10.220297,-0.18833445,-1.6856385,0.0986453,3.347787,-17.937557,-1.7769846,1.315168,-1.5389016,0.5129299,0.39198232,2.0734975,-3.7622437,0.48327994,-1.0268195,-19.955359,5.667395,0.13682546,0.5274589,-0.022280078,0.14113182,-0.7278121,-0.12318306,-0.84277654,1.5830772,6.4423943,0.7437111,0.13301344,-8.437927,-0.40939867,-1.4063005,-7.1363745,-0.2221685,-0.5440662,-1.0041323,-3.8425217,-9.080298,-0.9155512,-19.207209
1.0120357,-0.21204773,0.6407133,-0.21534084,-1.248052,3.6115043,0.20613939,-7.1453357,-8.104963,-0.90272516,-1.4533172,-0.07637362,2.2342312,-14.290715,-1.5690762,1.6041784,0.18192664,0.42978758,-0.13365924,0.8284993,-0.9718938,0.37087476,-2.0312114,-17.424152,4.0708203,0.2711775,-0.65493333,-0.25637323,-0.40077853,-0.26946238,0.2032969,-1.3342135,-1.9315114,1.5059708,-2.1973414,0.098437615,-6.5608835,-0.66208905,-0.59102124,-1.9292225,-0.50187945,-1.063555,-0.35668573,-2.2141578,-7.5979724,-0.37525553,-16.563038
2.039413,-0.19882795,0.20499599,2.0941863,-1.0973505,4.7710648,0.681237,-6.4184685,-9.418811,-1.1561651,-0.49104214,-0.0151013965,3.1296139,-15.367999,-1.2689879,1.3285122,-1.7562865,0.2184436,0.12967257,-0.32004166,-4.090591,0.31809977,-1.0560939,-19.520304,6.052232,0.18825072,-0.38826492,-0.058525097,-0.648499,-0.5017865,-0.05918407,-1.1155093,1.5522106,4.8026447,-0.37476704,0.20435001,-8.156251,-0.3888517,-0.86282885,-9.574846,2.847291,-0.48185113,-0.5610926,-3.044468,-8.626939,-1.4042217,-16.343122
2.1785913,0.16669336,0.4963252,4.6625395,-1.1413585,7.1991425,2.949408,-0.99905896,-3.676135,-0.09971094,-1.8952111,0.13574429,3.596729,-16.703194,-1.1680508,0.5392791,0.14828931,0.73989034,0.033953104,1.4640027,-5.2518096,0.24591985,-0.43490803,-17.84277,13.929175,0.20008136,0.27843896,-0.061608892,0.3495723,-0.9556127,0.84841734,-0.2711984,1.7870563,6.5430274,-0.6320161,0.26203045,-8.619718,-0.4268658,-1.286522,-7.40582,-0.13252214,0.40690053,-1.3235205,-4.0381656,-10.033457,-1.036612,-16.824001
2.1293883,-0.2389398,0.34979355,1.2861828,-1.2368004,5.0688148,2.1296666,-6.8882966,-10.585735,-0.8118582,-0.90502024,0.054095775,3.43307,-17.581865,-1.398038,1.30356,0.09952015,0.6015633,-0.18537034,0.40710878,-4.936759,0.31849572,-1.3302276,-19.100819,5.3196583,0.2065443,0.39415354,0.002283229,0.3517871,-0.8752358,-0.049808994,-0.31523204,2.1083775,1.9157171,-0.10800573,0.025622608,-7.600686,-0.3906296,-0.89295965,-3.6929584,-0.26867086,-0.27501908,-0.3868777,-3.6063192,-10.268794,-1.1337978,-16.574547
1.0982002,-0.23935786,-0.3376442,0.19820414,-1.0276488,3.935872,-0.04544034,-7.140781,-7.2276278,-0.8457112,-0.456702,0.042777453,2.4950333,-11.572988,-1.8267132,0.056336973,0.048322875,0.42571563,0.029887045,-0.6037814,-2.7195904,0.98725814,-1.5276057,-19.560732,3.4411407,0.12683877,-0.28748515,0.033204794,0.24288078,-0.8208478,-0.3205144,-0.78170973,2.0475485,-0.72151256,-0.45244452,0.28273475,-7.05002,-0.34232005,-1.2468675,-4.1950035,-0.37937102,-0.90200853,-0.5792694,-2.9373248,-7.2450123,-1.1016377,-15.116567
1.3330806,-0.21567778,-1.1074613,0.27424583,-0.7128523,3.6476028,-3.602424,-7.133315,-6.45291,-0.7280704,-0.7764257,0.092590086,2.092009,-13.059055,-2.3402889,0.004466818,0.2618556,0.5702131,0.05243062,-0.10061567,-0.3138181,0.89072686,-1.9428952,-19.249378,-0.39111838,0.030383574,-0.033121713,-0.0824185,0.15273678,-0.36861798,0.11072465,0.60734075,2.8399131,-1.6131023,-0.5140815,-0.0879423,-7.4024587,-0.14613986,-1.1290984,-4.339337,-0.45167425,-0.9868998,-0.4214942,-2.5856576,-4.809664,-0.595085,-14.31992
2.0889392,-0.31486484,0.07679439,0.034546588,-1.0056008,4.1424484,-0.10113899,-7.4235234,-7.6242847,0.81778,-0.8919004,0.0016235814,4.251335,-16.360956,-1.74264,0.029765055,-0.02796681,0.63557583,0.051080488,-0.55738944,-2.8270576,0.8912077,-1.5435114,-18.330084,5.5832396,0.22781211,-0.32860756,0.0044702287,0.34115407,-0.9412065,-0.21917653,0.3312779,2.184328,5.3861823,-0.2277181,-0.4996426,-6.7066665,-0.3052715,-1.125167,-7.6545777,-0.43058035,-1.2712158,-0.40461254,-3.8301573,-10.14245,-1.0904815,-15.154218
1.834133,-0.2585745,-0.07554505,0.43061584,-0.45707047,3.3450408,-3.0613272,-7.0512614,-6.1090474,-0.733635,-0.25475466,0.35011917,0.23540196,-12.781272,-2.6279824,-0.3293301,0.18630129,0.123002544,0.094117224,-0.2612002,-0.082274795,0.87460387,-2.0484047,-17.189808,-0.26265103,-0.04718052,-0.49131817,-0.012654995,0.026829287,-0.639697,-0.10511226,-0.98614246,0.8505952,-2.500408,-0.35467452,-0.23003769,-6.39562,-0.63041955,-1.0154074,-3.6678717,-0.8288346,-0.86682963,-0.2969888,-1.950751,-3.6043935,-1.0470709,-13.380324
2.209824,-0.17423093,0.34121495,3.1928723,-1.1563997,4.9885516,1.3852775,-6.8868504,-10.230931,-1.0463046,-0.8898907,0.13933112,3.5774283,-17.197401,-1.6948017,1.1440235,0.012687758,0.5268143,-0.12597838,0.11065655,-3.7585442,0.33394986,-1.3035965,-19.58928,6.0288014,0.17885531,-0.14923075,-0.14944452,-0.12715572,-0.6950451,-0.09526414,0.14038189,2.1158118,1.6107233,-0.25606704,0.08291634,-7.953242,-0.31656188,-0.8120161,-4.2114224,-0.09040939,-0.5531092,-0.39477706,-3.138758,-10.117193,-1.1589072,-16.438152
2.3647316,-0.2411418,-0.08240217,0.641496,-0.9769268,4.077368,0.14653824,-7.4443536,-8.254118,-0.7896765,-0.9285765,-0.0031329845,2.820496,-14.330949,-1.5012736,0.09324544,0.022333307,0.6188773,0.057761457,0.19830698,-3.37126,0.5576347,-1.2810819,-18.65983,5.93401,0.20235173,-0.31950095,-0.10018612,-0.051604662,-0.84312946,0.2393458,-0.63860303,2.2149515,-0.4152983,-0.38769224,0.07609647,-6.890615,-0.38334236,-0.74740356,-4.119012,-0.54811823,-1.3827182,-0.37853,-2.4428513,-10.462825,-1.0836645,-15.892273
1.0492373,-0.20341444,-0.011091937,0.037175868,-1.0226151,3.795896,-0.33024952,-7.4061995,-6.1693254,-0.7128699,-0.4500079,0.059430923,2.8167014,-12.751847,-1.7996469,0.056068573,0.04872711,0.6391407,0.026199903,-0.6242517,-2.8801193,0.9880081,-1.5863659,-18.860819,3.5050325,0.13704184,-0.5370405,-0.023951387,0.22039469,-1.5371598,-0.14165623,-0.7845838,2.0249097,-0.8369212,-0.4853657,-0.202026,-7.127721,-0.3937981,-1.2478697,-4.119472,-0.34136295,-1.1877085,-0.35773003,-2.2479722,-7.530397,-1.1123813,-14.61515
1.0866543,-0.16981092,-0.09057371,0.15475455,-0.930843,3.6345932,0.30962753,-7.3107414,-6.5820355,-0.8921407,-0.63232344,0.06930302,2.8603623,-13.676729,-1.841342,0.0049764826,0.11964031,0.43650097,0.056500506,-0.5845547,-2.413894,1.0084823,-1.5532945,-18.62965,3.3384833,0.16219933,-0.27621272,-0.05809379,0.20713626,-0.9728484,-0.08101708,0.40535367,2.4571757,-1.1407791,-0.5563347,-0.12015572,-6.8907924,-0.38387647,-1.0255587,-3.952244,-0.41513982,-1.3019725,-0.41146204,-2.7528043,-7.8691673,-1.1557174,-15.7869215
2.0982432,-0.12881216,0.26622435,0.68194056,-1.1404891,4.621272,2.012396,-6.769129,-9.36886,-0.96193117,-0.7281241,0.0012460413,3.6890874,-16.793333,-1.4513506,1.1690654,0.10320815,0.5519284,-0.13536793,0.05121483,-4.9112043,0.4099234,-1.4224378,-19.332407,5.8648424,0.23006979,-0.14907736,-0.06813222,0.03740483,-0.66108525,-0.07247966,-0.22847816,1.9228741,1.6419358,-0.39797917,0.0150186755,-7.2723203,-0.34927377,-0.7566622,-3.9456544,-0.18496498,-0.6743791,-0.33199155,-3.1301875,-9.771456,-1.139163,-17.280838
2.5382352,-0.8108787,-1.6800355,-1.7857839,1.4603667,12.687525,11.260208,4.3919854,-4.439024,-0.5215007,0.9087122,-0.8912093,0.48352942,35.921658,4.549293,-0.19971901,-0.3864449,-0.23339224,-0.8776733,2.3127823,17.766985,0.33424067,-2.3886569,30.989706,-3.643071,-0.45966512,-0.06103522,-0.066250525,1.0670786,-1.5269508,-0.62809813,-1.430733,-0.72988015,-0.37357822,0.24258088,5.2326107,14.944338,-1.5916858,-1.3119129,3.9986289,0.41743746,-0.0784309,0.4693476,3.0046878,11.400872,0.09557316,23.055
0.18508056,0.46297428,-1.3597203,-2.635801,1.9714898,-10.789014,3.6390142,44.841278,1.2147366,-0.8150968,0.2033993,-0.34887627,5.258312,36.597942,6.62624,-0.875966,-0.46254396,-0.99317366,0.03516445,1.0211886,23.155134,0.47719216,4.5464377,42.183273,-8.3786,-0.3826233,0.12469613,-0.6283721,-0.43940574,-3.122243,-0.7045877,-0.51010895,-1.1616846,-2.2876031,1.5760901,1.3386719,19.21966,-0.17973714,-0.44736955,2.678761,0.25534964,-1.2712681,0.71805257,0.9485271,9.450407,0.20469964,21.447582
4.4347825,-0.43413696,-1.0047634,-0.5096053,0.65399444,14.472992,16.67707,3.057785,-4.210157,-0.1262601,-0.51763,0.5863021,-2.0004041,21.705027,4.3010516,0.4262795,-0.23871602,0.11315235,0.4296275,5.961733,1.1251817,0.10171105,-1.641738,30.192835,-1.5337459,-0.101804286,0.16335726,-0.1522244,1.4928846,-1.1246208,-0.42544374,-2.4494371,-1.4174076,11.848107,2.2460942,4.930233,16.571245,-1.8385525,-2.7795565,8.435204,0.46360874,-1.503116,0.35905957,4.523371,8.833396,-0.3880795,23.819304
3.2072885,0.16111284,-1.6986042,-3.184349,0.651115,11.923789,14.260557,7.72974,0.10029389,-0.31655708,0.4630623,-0.9008018,1.1284134,31.433062,5.304245,-0.49049,-0.5441097,-0.298381,0.053016733,0.07687425,2.606056,-5.084902,9.169742,30.463963,-3.8332,-0.4242688,-0.06252451,0.0786066,0.7372132,-1.2898387,-0.3214845,-2.2179952,-1.3024176,-0.7281816,0.50436455,-0.2823174,22.795738,-0.6784432,4.428772,4.639232,-0.8097412,0.22188625,0.5268715,3.2914248,14.386302,0.29426914,30.97612
2.9117992,-0.733186,-1.7960793,-1.4156271,0.19035608,5.845769,12.353101,-6.895297,-0.097133584,-0.79187775,0.85735404,-0.93879586,-0.42662114,20.60224,6.306056,0.11729503,-0.23760875,-0.41100302,-1.0343226,1.8783274,22.486156,0.78677595,-2.0218267,32.9005,-3.3363557,-0.42753267,-0.03362987,-0.21887341,1.6672302,-1.2352078,0.33261937,-1.2203544,-0.8434972,9.567635,2.0487378,3.69138,15.248236,-1.3752809,6.964034,8.439386,0.40412053,-1.3794857,0.57473886,3.15563,11.215096,0.3250367,20.19507
4.2088943,7.274945e-05,0.009562865,0.37744728,0.5786656,16.739452,23.118069,-11.556603,-4.6771646,0.16607158,-0.93406457,0.43803173,-1.4945369,19.44849,-3.957762,1.3879558,-1.574238,0.06146161,0.41490498,13.094921,0.3056448,1.0436965,-1.8834358,29.04976,-2.4869912,-0.68007874,0.43684065,-0.28067523,3.1147969,-1.0525514,-0.12522347,-3.4027824,-1.6102798,11.607465,2.197372,3.6423373,14.962126,-0.882385,-2.880401,9.078627,0.17391917,-2.570637,0.31901652,3.7626975,14.554384,-0.30359477,22.804245
-4.0061674,-0.088784695,2.7536652,-2.1007655,3.1707768,-7.9275856,0.5897342,14.296185,2.9383597,-0.60469913,0.70440143,-0.6873371,10.425074,35.00769,10.660225,0.56812066,-0.984379,-1.2226118,-0.32568768,-1.5448116,22.642025,-4.734403,4.5110793,36.4445,-6.2409587,-0.8761507,0.07949354,0.07881049,1.0263481,-0.13045953,0.06146102,1.7027687,-1.1712537,-0.052624602,-0.7121788,-2.2737486,17.440266,1.3813803,-0.23942252,2.2514842,-1.271051,5.8199663,-1.7379327,0.82319164,8.011637,-0.21905752,19.1641
3.5589921,-0.35989267,-0.8139057,-1.703376,-0.054654457,11.775487,11.32201,6.373714,-3.1922357,-0.8563247,0.62172645,-0.16286577,-1.5926095,25.537489,4.985377,-0.25693762,-0.57718897,-0.100599214,-0.5957775,4.534318,0.12231301,-0.018666923,-1.8141739,33.61269,-3.000504,-0.35933748,0.2901767,-0.07450306,1.0040492,-1.2204413,-0.13858521,-1.8658526,-2.264545,8.945522,1.7599536,4.3534293,17.05223,-1.3657237,1.7674305,5.736691,0.14526302,-2.225482,0.7032548,4.077891,12.814937,0.22818182,26.763285
3.4581866,-0.36421803,-0.820475,-1.4403026,-0.09499376,12.590332,11.434295,6.4002175,-3.9455087,-0.8019167,0.72239697,-0.032396335,-1.3249223,25.614864,5.02405,-0.2992279,-0.63052803,-0.09796614,-0.57626545,4.5695267,-0.0047998196,-0.010098211,-1.8412517,30.5663,-2.842124,-0.37199715,0.04853396,-0.07576659,1.0404353,-1.2630842,-0.2869681,-1.7872806,-2.227605,8.473996,1.340181,4.359219,18.081718,-1.3373832,2.4377174,5.6259418,0.13947067,-1.2388107,0.62490153,4.8026767,13.030087,0.23492429,26.849981
-1.8761847,0.2616356,-1.7243536,-1.7794223,-0.031456016,5.5072923,5.516928,9.54146,-1.7537142,-1.515151,0.7035097,0.34542736,1.4116683,20.211868,6.6818724,-0.264688,-0.398175,-0.14044456,-0.014443921,2.262903,19.074839,0.34872487,-3.025107,31.203392,-4.9535403,-0.33775675,0.24775445,-0.0036607033,1.6472509,0.25021628,-0.31902984,0.05165021,-0.6899835,10.593747,1.8928372,4.4662347,17.147753,-0.48039672,5.501044,7.190786,0.18764505,-2.2928197,0.8514658,2.3855238,8.694792,0.19099753,20.620527
-1.7861925,-0.27574563,-1.5621512,-1.6937735,0.25298667,7.2054243,6.2145247,9.500698,-1.1043303,-1.3302146,0.8261826,-0.988314,1.0284017,20.848036,5.4372206,-0.07386353,-0.4068378,-0.28679773,-1.3017479,2.1145225,18.888584,0.28394163,-2.8152294,32.131477,-6.844726,-0.4732245,0.182004,0.119900465,0.8019085,-1.513487,0.29888195,-0.14664783,-0.63592917,11.261108,1.7943941,5.9239445,15.035773,1.4583385,6.1876144,7.2954035,0.3860414,-2.362098,0.9516873,2.96162,8.470506,0.27009055,20.481922
0.28498942,0.108385235,0.09779263,-1.7492918,0.31466994,6.323622,-9.634721,5.305451,8.467901,-1.3492535,1.2846282,-0.47950026,4.149598,24.70607,9.121526,0.14237288,-2.445338,-0.4545772,-0.24692933,-2.3760126,20.341452,0.036909435,-0.9347546,41.023857,-5.3763623,0.46155828,0.22994095,0.21553081,1.2496552,2.281724,0.7096457,-1.1480588,-0.76227593,-1.5255127,0.32300866,2.7149343,17.919643,-0.69803995,2.706711,0.51441145,1.6226773,4.31509,1.8000782,2.5664644,10.721574,1.1783282,18.798634
1.0696062,-0.2267548,-1.1613951,0.16465883,-1.013871,3.1573234,-2.5441194,-4.0874786,-11.871524,0.045081284,-0.5379088,-0.24493258,0.44334337,-14.280735,-1.4685129,0.40687153,0.31261063,0.808164,-0.2733498,1.6478572,-0.8991842,-0.7390651,-1.8041867,-19.35757,5.9591956,-0.49269947,0.66102827,0.024992755,0.1692287,-1.1210772,-0.061548524,-1.3122863,-1.3530903,-0.71776634,-0.8913208,0.7415259,-5.750769,-0.19648285,-1.3687079,-0.010057887,-0.46506348,-1.2309341,-0.014715135,-1.9190681,-7.14391,-0.8555623,-13.964018
1.5334476,-0.20479695,-1.0583774,0.05056148,-0.5915714,4.0141373,0.56866384,-5.0211644,-11.888578,-0.24680017,-0.2750666,-0.517588,2.3661735,-18.549425,-1.513679,0.94181716,-1.5351763,0.7462909,0.55852026,1.7109118,-3.470175,-0.8532802,-1.4465353,-18.927338,5.9118433,-0.2193887,0.8587575,0.048004765,0.27244255,-1.0736475,-0.039609,-1.6958991,-0.9146232,8.098359,0.14709127,-0.024337599,-6.5270452,-0.28560802,-1.5990145,-6.3449078,-0.23493552,0.24183665,-0.5560722,-3.5510886,-7.465069,-1.0525897,-16.49782
1.0404105,-0.27612233,-1.6307601,0.1544319,3.1667786,4.030602,-2.6585581,-4.112195,-10.941052,0.23205045,-0.09036542,-0.27469945,2.3420897,-16.612555,-1.6457449,0.62696004,-0.39125437,0.732305,0.024052182,1.6994812,2.214423,-0.92756414,-1.8313582,-19.419085,5.8703227,-0.22972046,0.7709861,-0.08334901,0.057362705,-1.007773,-0.0817565,-1.3046448,-0.42323703,7.37305,-0.6776601,0.47422627,-6.593344,-0.41985577,-1.388424,-8.481683,-0.18094645,-1.4885699,-0.39571908,-2.822475,-7.1991096,-0.78363556,-14.680967
0.9004608,-0.009618818,-0.7776763,-0.0025576162,-1.2883013,3.1660025,-1.3291446,-3.349674,-10.63502,0.57727045,-0.28071415,0.25138864,2.5587792,-19.557201,-0.8460482,0.29819968,0.17589894,0.6720862,-0.048724502,0.40121406,-0.9602111,-0.28639272,-1.3731738,-19.749157,6.194252,-0.37209117,0.64638317,-0.057782937,0.40837878,-0.5993068,0.12888345,-1.5280433,-1.8523794,0.36801705,-0.9323433,1.1479763,-5.448009,-0.4274838,-0.4993624,8.822275,-0.41268554,-0.6780039,-0.05955095,-0.70771074,-8.11789,-1.2287467,-16.368898
1.5808196,-0.27665642,-0.07277161,0.06129232,-0.180653,2.9828804,0.53426623,-4.990722,-11.428068,-0.1654594,-0.24287581,-0.5512552,1.7487909,-18.39751,-1.7421724,0.9719639,-1.2506145,0.6081078,0.5514071,1.582696,-3.6077807,-0.5646154,-1.6619828,-18.983202,5.8135486,-0.09152807,3.4749594,-0.104869105,0.23963074,-1.1026387,-0.09427825,-1.6115745,-0.892537,11.263964,0.107183,0.27363083,-5.367758,-0.28051683,-1.7500411,-6.4888997,0.021345261,-0.7361825,-0.48480496,-2.7993543,-7.4398575,-1.0463537,-15.642296
1.2082108,-0.2881329,-1.2647583,-0.13142519,-0.5154433,1.2053996,-3.4654768,-5.736234,-11.43577,0.31716615,-0.53750914,-0.3352091,0.8904098,-18.002392,-1.4547361,0.610839,0.20518509,0.7531734,-0.3200461,1.7672583,-0.38983762,-0.7344621,-2.3874578,-17.409777,5.7359624,-0.2746818,0.69377965,-0.03150417,0.22143185,-1.13259,-0.33035272,-1.14106,-0.9300756,6.8750553,-0.9766299,0.27987832,-6.020678,-0.3014414,-1.6958095,-3.83894,-0.4992424,-1.1516198,-0.04496023,-2.8873248,-7.180636,-0.83012927,-15.014589
1.2659057,-0.13013177,-0.94051445,-0.018577067,3.4190235,2.533359,-4.9730897,-8.4472,-10.564326,0.0055358456,0.6656807,-0.07680385,0.48302045,-13.744738,-1.9473374,1.2213788,-2.0687232,0.7402768,0.3475312,1.8009976,1.5755583,-0.80676657,-1.9133669,-19.196484,5.6278367,-0.11584231,0.9938809,0.016855873,0.3450998,-1.0847372,-0.20110875,-1.0881311,-0.8966626,0.58395433,-0.561254,1.3081594,-6.6736703,-0.6607486,-1.9262457,-1.50298,-0.5392169,-1.371448,-0.1808293,-1.7001548,-7.185803,-1.0254654,-14.091396
1.503414,-0.11397519,-3.949676,-0.9054823,-0.850275,2.5204651,-5.005943,-8.020594,-8.075797,-1.1853187,-0.39530745,0.05664503,2.5530574,-15.922297,-1.5025262,0.9636979,-3.7762468,-0.096192345,-0.740204,0.42969707,0.05058001,-1.3205223,-1.9400296,-20.379663,3.6772294,-0.14013842,-0.57205266,-0.1478311,0.09003911,-1.058549,-0.26061857,-1.5342461,-1.9567847,-4.3308296,-1.1828638,-0.23686476,-5.967674,-0.7369772,-1.9782901,-5.016114,-0.8642456,-1.1565999,-0.060365014,-1.6970159,-5.7430253,-0.8030859,-15.389558
1.7131326,-0.12151039,-3.988371,-1.8947521,-0.7700866,3.0330267,-5.1139174,-7.55341,-7.9611173,-1.093298,-0.46178907,0.014273217,2.6631708,-15.890208,-1.4906487,0.9853979,-3.7172194,-0.046279047,-0.7172582,0.4379896,0.18088289,-1.3426554,-1.8618456,-20.363243,3.621681,-0.16887997,-0.5020861,-0.10037191,0.08926377,-1.0489548,-0.21225765,-1.3531809,-1.7678161,-4.3586993,-1.1836673,-0.25014496,-7.728683,-0.66738516,-1.9748309,-5.1158786,-0.8640512,-1.2216389,-0.17054833,-1.6786054,-5.100949,-0.8046688,-15.488464
1.5297414,-0.08743014,-3.7471323,-0.94640774,-0.59694296,1.1994922,-5.2137375,-7.7134533,-8.928404,-1.5778348,-0.44495726,-0.07133049,1.1721026,-14.910054,-1.4539487,1.1233244,-3.905237,-0.10517595,-0.4461363,0.18583997,0.22153856,-1.4101027,-2.0774882,-18.439516,3.4500191,-0.19214296,-0.56066936,-0.08487506,0.17371221,-0.89374655,-0.53086424,-1.2913846,-1.7131917,-4.0552244,-1.3572327,0.65977365,-7.2119517,-0.7384277,-2.3033023,-5.215205,-0.92498606,-1.201579,-0.04452172,-1.1686299,-5.59551,-0.8826354,-14.89383
-4.4912877,0.0962386,-0.6676557,-2.2955596,-1.601596,-18.374483,-17.080063,1.9045374,1.6139611,-1.0522357,0.6579999,-0.55232173,-1.5700166,24.294363,-9.078371,-1.0260167,-1.7527508,-0.45915902,-0.43550304,-3.146775,19.13857,-3.478783,5.1651573,23.406902,-3.0268717,-0.7677923,-0.5663346,-0.0678771,-0.6280656,-0.042183675,0.16765442,-0.75216955,-0.76569647,-1.4384122,0.6827261,-1.8891082,11.754715,2.684189,-4.1021795,1.7629734,-2.12011,3.1712275,-2.6200564,1.2873744,3.4959223,-0.23219912,13.999119
-4.8069954,-0.29045808,-1.3130107,-1.8525269,-1.0233765,-18.674566,-18.389486,2.849211,3.1534715,-1.5511281,0.6344468,-0.8368255,-3.056454,20.579355,-1.0604488,-0.56323534,-2.6374447,-0.42856193,-1.2889959,-4.408658,17.892168,0.23370318,1.1537725,23.244837,-2.336399,-0.6294314,-0.14915206,-0.32260272,-0.46358606,0.063783556,-0.007048679,-0.6001118,-0.74607146,-0.9924243,-2.0759816,2.6501515,11.809907,1.0649198,-4.9259796,2.7496195,-1.6564276,4.248811,-4.2954445,1.5303726,5.9628205,-0.26562464,11.044111
-7.3791876,0.12037781,-0.22923091,-1.9302256,-0.76402897,-18.703844,-14.367293,11.758811,15.49084,-0.17330061,0.57291347,-1.1145678,-0.009339564,22.351934,4.9273686,1.6009355,-2.8570538,-1.1027431,0.08590794,-19.83711,15.944492,-0.52727824,2.8899498,25.595686,-3.8133757,-0.5649032,0.14504464,-0.12879883,-1.0424708,1.370691,-0.88746125,2.5458639,-0.4779602,-0.07592683,-16.801968,2.1699183,4.6759424,1.5973196,-3.76236,0.05688763,-1.5121281,5.507154,-9.929083,0.9328033,8.609414,-0.6383936,8.761941
-7.426039,0.096366756,-2.1189575,-1.8397373,-0.27330714,-19.741953,-14.888025,14.772387,22.009312,-0.045408778,0.5415779,-1.2958838,-0.19058797,22.931126,3.4312487,-0.44550622,1.0095541,-1.2870051,0.042797726,-16.808092,12.279873,-0.20116532,2.4216595,28.142715,-2.8849869,-0.7132468,0.5731841,-0.13700373,-1.0798458,1.6494414,-2.5799396,1.2790022,-1.1371942,-0.4184102,-13.297213,3.0855072,8.750482,1.9562495,-2.6788354,1.3737698,-1.0772368,5.126359,-5.616143,0.9520491,8.324758,-0.5792516,9.397356
-7.612251,0.10361066,0.09724502,-1.7868942,0.76399314,-17.794788,-13.2043915,10.681362,14.533257,-0.01441285,0.77314734,-1.606814,-1.0553021,22.236021,3.4882169,-0.4198531,-9.261133,-1.3706754,-0.64611906,-16.982233,18.172499,-0.39186653,1.9020586,25.624573,-4.193897,-0.66785276,0.8175445,0.019485839,-0.67416626,2.8777184,-2.2719,2.4222677,-0.5888565,-8.170318,-19.167835,0.49904287,8.802146,1.161143,-1.9561466,5.944301,-0.8942475,4.5714617,-3.7752094,1.050013,8.052423,-0.5964932,9.620318
-8.240317,0.08140351,1.3467908,-1.9333154,-0.55366033,-21.283989,-12.991528,10.269737,13.187753,-5.441558,0.6463619,-1.4336823,1.8871243,27.200586,3.45035,0.9954878,0.04633378,-0.57491714,0.53809506,-14.799438,14.442782,-0.45538223,5.598597,25.016872,-3.6915495,-1.5102211,-0.09681443,-0.015379901,-0.6148126,2.9750662,-0.063715726,2.6717632,-1.2711558,0.86410743,-12.470649,-1.4012209,6.382863,1.2647266,-3.7466054,7.6028423,-1.8873153,5.37181,-5.60754,1.1231184,5.825166,-0.052946057,13.34848
-8.07409,-0.049975373,0.19415787,-2.2289355,-0.659982,-23.328033,-13.949708,8.749474,14.158495,0.10693682,0.63356173,-1.7647781,-2.3198485,20.90846,-0.362296,1.1342555,-3.0206666,-0.5269726,-0.31493542,-7.177227,16.822947,-1.1785853,3.7265155,29.03458,-3.8011193,-0.5845897,-0.280759,-0.29650363,-0.38369504,-0.6751529,-0.011879671,1.5820588,-1.0131978,-1.1004686,-9.453891,-2.3871455,8.506753,1.258836,-5.3279905,2.5976157,-1.6465741,4.8625813,-9.705931,1.2915888,5.1243677,-0.44028014,10.620824
1.3137554,0.1595283,-2.0133862,-0.47089386,-0.5061407,-0.45859823,-3.6344156,-7.8328104,-6.128122,0.71076477,1.185765,0.9264102,1.6154224,-13.5459795,-2.0401006,0.15549526,0.62557936,0.5802743,-0.13727796,-0.3935079,1.888627,1.2180703,3.4264972,-16.434397,-1.1890831,-0.16279727,0.37517205,-0.039490238,0.23926921,-0.4705886,0.045202427,-1.1303746,-1.392787,-2.4828122,0.86819214,-0.49945015,-5.097475,-0.10660129,-0.5161615,-0.991223,-0.30113313,-0.8730418,-0.002794432,-0.8877926,-2.9224346,-0.5146744,-10.698249
0.9941,0.07917199,-2.7865045,-0.6840916,-0.32770488,-1.47012,-5.194285,-7.66424,-5.3301773,-0.69542736,-0.7736362,0.6918716,1.9533668,-13.763821,-1.9202325,0.11564966,0.24846654,0.30363414,-0.06664065,-0.15626001,1.0726519,0.96447,3.1242967,-17.14368,-1.4350975,-0.06031188,0.15889822,-0.095774956,-0.100051425,-0.49179405,-0.051192593,-1.2784364,-1.4158449,-1.7020669,0.9058974,-0.3287136,-5.6877046,-0.34244624,-0.4293627,-1.8730785,-0.34765157,-0.77171236,0.2805487,0.19428028,-2.5610955,-0.7295221,-9.952714
1.2060195,0.06306694,-3.1925824,-0.67916447,-0.65339965,0.53554916,-2.6541286,-7.7287126,-6.6098814,0.7680503,0.533735,0.74410176,1.0839049,-12.824592,-2.257633,0.2139497,0.5241163,0.12352311,-0.3701515,-0.542743,3.1578157,0.98302174,2.5558295,-17.176882,-1.1738852,-0.075225264,0.34958753,-0.07348047,0.007979283,-0.4745275,0.4565486,-1.0625035,-1.2109078,-1.8349864,0.8034395,-0.56381255,-5.753017,0.033998758,-0.15897547,-1.5257902,-0.36155745,-2.1164763,-0.097115,-1.0897182,-4.1653194,-0.5077079,-5.4518375
1.4175388,0.010830307,-0.3793819,-0.24780667,-0.54532033,-0.8719869,-4.209167,-7.5553827,-6.025606,-0.32194662,1.1211455,0.9614659,1.6311157,-13.911566,-1.9007337,0.1064183,0.5756713,0.3926273,-0.08258993,-0.15659614,0.79674953,0.77983034,3.0001948,-16.51638,-0.80269706,-0.07660253,0.17395553,-0.05988264,0.029174156,-0.56973976,-0.16194785,-1.2221901,-0.009894451,-1.3691195,-0.39186302,-0.24261282,-3.054264,-0.31663695,-0.52207756,-1.6016636,-0.2544975,-0.9744291,0.03238953,-0.94782126,-3.233003,-0.26775002,-10.416314
1.2195,-0.02759328,-2.737045,-0.2734865,-0.65998745,0.35357904,-3.3847394,-9.891412,-6.9872103,0.03672037,1.3985585,0.7286136,1.7404776,-14.123277,-2.036346,0.15341303,0.46992755,0.22933403,-0.3733315,-0.3334397,2.3050008,0.80542076,3.6184459,-17.074759,-1.1546973,-0.42412853,-0.040457062,-0.1445869,0.53582907,-0.6709796,-0.22907344,-1.241302,-0.57667357,-2.2732282,0.40644467,-0.22409092,-3.4881635,-0.38327083,-0.5107389,0.677084,-0.6230174,-0.95085007,0.3645401,-1.2005655,-2.8145227,-0.20878044,-8.046094
0.9643253,0.10022442,-0.70405865,0.019683722,-0.5821371,-2.0231233,-6.402153,-6.7177615,-7.452962,-0.33082142,0.89159894,0.5382641,2.1624253,-14.0827675,-2.995748,0.22666053,0.21896134,0.8353092,0.23000678,0.19617291,0.45387945,0.53506744,-1.8750081,-16.184698,-0.4760389,0.016522326,0.20779347,0.04205346,0.20150311,-0.5875579,0.07478287,-1.2099551,-2.1561546,-4.260736,0.1834991,-0.07465036,-5.681655,-0.9330037,-0.21444903,8.715674,-0.5342547,-0.43922555,0.26220027,3.7834754,-2.6131787,-0.4449207,-10.18301
1.1779765,-0.19329521,-0.87525755,0.039435744,-0.4428323,-1.8405098,-4.9818015,-7.4091954,-6.598889,0.48054573,0.85707897,0.64854497,1.9965402,-13.658952,-1.6404787,-0.17497773,0.22495188,0.61085904,-0.30474478,0.25466827,0.8707864,0.38891092,2.8538373,-16.257456,-0.6740437,0.115450196,0.07328284,-0.01386752,-0.06577718,-0.076351,-0.07354814,-1.4246755,-0.73890525,-3.726997,0.06485598,-0.20002359,-2.3295653,-0.46354723,-0.46749607,9.326898,-0.323292,-0.6375785,-0.0545262,-1.1273667,-4.120844,-0.62057716,-10.610679
1.0978235,0.1604559,-3.522062,0.23442788,-0.667996,1.458187,-5.4893737,-7.818748,-8.685133,0.2715811,-0.5657463,-0.71582067,1.160542,-16.52479,-1.2604808,1.7059631,-0.09382136,0.91140294,-0.30048165,1.3990974,0.69553643,-1.031458,-1.8897904,-17.67514,1.7855544,0.12786932,-0.29309943,0.052461207,0.58212143,-0.90759856,-0.22474514,-1.3289988,-0.83322614,-5.282323,0.25380033,-0.105588794,-7.4870462,-0.21848075,-1.1252255,-3.7451582,-0.7069055,-0.9005124,-0.1782458,-1.0283674,-5.852432,-0.5929144,-13.840812
1.0771198,0.026433535,-3.2689323,0.22272989,-0.66204816,-0.06152303,-5.544057,-7.66337,-8.093811,0.2968304,-0.70651543,0.20038924,1.0537121,-16.014517,-1.1919214,0.7361248,0.555988,0.7113592,-0.16646141,0.572513,0.22263505,-1.2295231,-2.061563,-17.041073,2.0894995,0.094681144,-0.26521116,-0.1106274,0.16697583,-1.0069786,-0.19597778,-1.4317988,-0.8763607,-6.334882,0.2762257,-0.04131425,-6.8065524,-0.24165994,-1.379446,-3.823549,-0.67282265,-1.2204914,-0.18175891,-0.9263192,-5.9160743,-0.6169585,-12.343848
0.7788044,-0.27356234,-3.3455749,0.36026472,-1.2170655,1.9675789,0.23428819,-8.125013,-8.238236,0.09590264,-0.6246104,0.2541488,2.3615108,-14.717731,-1.0481031,1.445825,0.4314491,0.6950394,-0.064760946,1.6276968,0.22411698,-0.99655765,-1.981839,-17.437405,3.3557174,0.24977079,-1.4331979,0.056237202,0.11484563,-0.84337586,-0.11703129,-2.0306053,-1.0335552,-4.633359,0.53553236,-0.105404645,-7.5240593,-0.20775305,-1.426419,-3.4872904,-0.5876384,-1.008707,-0.15934196,-1.0042541,-5.4338207,-0.3828267,-17.785494
1.1315165,-0.13568625,-3.4225202,-0.28206527,-0.41366407,-1.391589,-4.5409327,-7.423036,-7.819169,0.3135527,-0.4160906,0.5363251,1.9523952,-14.928259,-1.7428422,1.0121107,0.46502608,0.6000268,-0.3995092,0.13492449,0.8512393,0.18968274,-2.145153,-17.134445,-0.7382146,-0.24469633,-0.3128516,-0.08774677,0.2637623,-0.75796866,0.46242747,-1.5535018,-1.8964504,-7.333069,0.7427342,-0.8462413,-6.079424,-0.59935534,-1.160885,-4.131303,-1.227177,-1.0302663,0.24592774,-1.2084851,-2.6105509,-0.4858424,-10.285598
0.987979,-0.0086577,-3.2200077,0.23083276,-0.70628214,0.23495437,-5.3702254,-7.756691,-8.78305,0.31836203,-0.7682097,0.23459111,1.091756,-15.88756,-1.2814054,0.57639045,0.5642906,0.7550985,-0.09408823,0.55292016,0.09762406,-1.3405379,-2.0683186,-17.508995,1.7448189,0.103789456,-0.3246869,-0.097917035,-0.2863642,-1.0753475,-0.30969745,-1.8261335,-1.099862,-5.214672,0.21600887,-0.18423282,-6.9054465,-0.20210664,-1.4581698,-4.066408,-0.6488187,0.49071038,-0.20241705,-0.99445814,-5.8669777,-0.593788,-12.749715
1.1060922,-0.16825028,0.34272456,1.2739042,-1.134068,4.5484967,0.57333255,-6.8369174,-9.583976,-0.95792586,-1.1594839,0.10865878,3.5917192,-17.458754,-1.9605007,1.253951,0.034673087,0.61123794,-0.11694177,0.0832341,-3.8585541,0.5123388,-1.2919871,-19.259806,5.0692325,0.3134327,-0.2180385,-0.05827748,0.26078692,-0.76939994,-0.058877632,0.02475559,1.9584477,2.0553155,-0.23592469,0.20815651,-7.6637716,-0.56472456,-0.85750914,-3.9019477,-0.244464,-1.1572133,-0.3789152,-2.979724,-8.373045,-1.0473151,-16.69622
1.2067322,-0.21819173,0.2864579,0.65114444,-1.1475418,4.789666,1.1169189,-7.0541134,-8.999985,-0.9173559,-1.212923,0.018638045,3.6396096,-16.833403,-1.8626399,0.7218059,0.023567287,0.6137954,-0.069041714,0.20665613,-3.5592651,0.42694876,-1.1935928,-19.455032,4.7113233,0.27379793,-0.37486008,-0.037056744,0.27752388,-0.8539088,-0.026139922,0.018044887,1.9305506,1.8698092,-0.36259317,0.08976444,-6.8706784,-0.51630294,-0.75945854,-4.142217,-0.28346118,-1.2529408,-0.42511755,-3.399416,-7.6480536,-1.056293,-16.61688
2.0557408,-0.32377824,0.2395404,0.5086202,-1.1177354,4.552508,0.43204427,-7.2131095,-9.122629,-0.84576714,-1.2210957,-0.012994811,3.6898544,-16.83032,-1.4815177,0.38205245,0.043843996,0.48733053,0.061054766,1.8513423,-3.8062215,0.45552343,-1.2967777,-19.033304,5.186973,0.2495365,-0.3192839,0.009456573,0.18880169,-0.8696334,-0.14825419,-0.37212405,1.8903905,1.8628279,-0.39213592,0.15130913,-6.7007895,-0.37633988,-0.8294853,-3.9697535,-0.2884212,-0.317343,-0.5053027,-3.6501446,-9.128021,-1.0945301,-17.152555
2.0141618,-0.2960388,0.3944314,0.37461662,-1.1268296,4.696289,0.25597045,-7.7889037,-9.73756,0.03424207,-1.436435,-0.010169261,3.3233016,-17.244734,-1.9055163,0.35254756,-1.4149297,0.4366787,-0.4064855,1.5824258,-3.3180006,-1.2926594,-1.1295041,-19.999708,5.136224,0.24405138,-0.19445649,-0.078624845,0.31492633,-0.9789628,-0.10292015,0.08111169,1.9386091,2.194285,0.082124695,-0.043561988,-6.832652,-0.34375992,-0.8282094,-3.9172218,-0.27425715,-1.2602853,-0.53925556,-3.3390083,-8.20457,-1.1503671,-16.984697
2.1197968,-0.26101395,-0.055968918,0.58512765,-0.80256367,3.8122761,-0.51096296,-6.8333464,-7.951782,-0.7199001,-0.69533336,0.060246613,3.7883868,-15.028184,-1.1045827,0.10794413,-0.004826965,0.26646322,0.032487363,-0.30205733,-3.504812,0.54434824,-1.3496572,-18.890686,4.6984653,-0.2618233,-0.23908207,-0.039507776,0.20110597,-0.708105,-0.20873043,-0.7654604,2.2667353,1.0534043,-0.49658513,0.25687128,-7.3260922,-0.40004137,-0.75327617,-3.8592587,-0.299444,-0.8255955,-0.5043316,-2.783814,-8.889435,-1.1272842,-16.523592
2.0655708,-0.22978829,0.43226433,1.314209,-1.1590078,5.2703753,1.8207378,-7.048694,-8.638533,-0.9429212,-1.1326718,0.09038425,3.7625382,-17.156998,-1.3162783,0.115301415,0.04649101,0.5973702,0.014600193,-0.23054214,-4.767727,0.68167657,-1.311869,-19.405888,4.6843953,-0.0044271327,-0.32671693,-0.017708536,0.07042468,-0.90232146,-0.17033476,-0.6990227,1.834554,1.7872044,-0.3157408,0.15587251,-7.3667374,-0.30658022,-1.2354395,-3.633385,-0.3097717,-1.336611,-0.343381,-2.5912595,-8.940144,-1.0568202,-15.908175
2.0150461,-0.18372355,0.4332199,2.2295985,-1.221106,5.1039023,0.36093968,-6.6802926,-8.718896,-0.956665,-1.1076599,0.16261393,3.8483005,-17.752777,-1.6857053,-0.13506739,-0.021412022,0.61088085,-0.12712324,-0.5189348,-3.5930684,0.5810178,-1.304841,-19.049253,5.2421584,-0.22241919,-0.5954608,-0.013857605,0.2528574,-0.8355688,-0.06975445,-0.21631138,1.898287,1.8907477,-0.38447493,1.3687394,-7.54998,-0.20173576,-1.4998152,-2.8491886,0.14101696,-1.3294904,-0.38898972,-2.2769682,-9.288343,-1.1122552,-16.35317
2.494512,-0.22354126,-2.6898906,3.8161976,-3.5084517,10.435661,6.988949,-5.518406,-11.221762,-0.36390045,-12.156862,-0.5163612,1.3086812,-13.745113,-1.1992636,0.41606042,-1.1230369,0.7026662,1.0126776,10.893321,-3.621381,-1.3387934,-0.665961,-16.531765,5.2571797,-0.24202506,1.210301,-0.17338419,-0.48580086,-1.461969,-0.12303249,-0.10188888,2.0109606,15.026299,-0.6906028,1.0137961,-3.8089502,-0.09848879,-1.664137,16.901184,5.278678,54.855236,-1.2263191,-4.6076813,-8.389565,-1.2619385,-11.900907
-0.71010184,-0.17334436,-3.1982412,0.17519477,-0.4535099,-1.8915596,-5.4345303,-6.8491383,-8.1927805,0.63373053,-0.77976817,0.64472324,1.5218946,-13.4393015,-1.0173196,0.11829908,0.20880589,0.6398634,-0.49259427,1.2088578,2.9483585,0.47393292,-1.4419552,-17.652355,-1.120949,-0.08859919,-0.13415556,-0.19768606,-0.3107043,-0.026794996,0.44180134,-1.0896686,-1.6709516,-1.8383495,0.7530055,-0.446966,-6.5166273,-0.34298185,-1.5956646,-0.8425399,-0.9305116,-2.144956,0.28675705,-1.1662693,-2.403963,-0.599339,0.32423693
-1.3753463,-0.0314966,-1.3510311,0.017818926,-0.3935152,-2.4571855,-6.773576,-6.8665366,-7.5078483,-0.53676677,-0.9280526,0.50223786,1.5555798,-14.059738,-1.6440706,-0.048769027,0.21034732,0.4225181,-0.79415345,0.20761628,1.3275601,0.050725937,0.6167765,-16.585943,-1.6884781,-0.034586247,0.17646398,-0.102357425,-0.33194903,0.19083346,0.081635796,-1.3227396,-2.1278603,-5.0340543,0.56077266,-0.76645714,-6.5113945,-1.3722075,-1.5350455,6.125899,-0.9596879,-1.2468594,0.16665757,-1.3197565,-1.7953391,-0.7073083,-1.6075058
-0.09575214,-0.16381127,-2.8474898,0.16172759,-0.56286794,-1.6080918,-4.2349195,-7.12671,-7.60033,0.65541667,-1.0102919,0.44826195,0.740711,-14.732471,-1.2090027,0.405196,0.5465115,0.50200075,-0.2279191,0.6842549,1.1697061,0.023655917,-0.78175557,-17.75971,-1.41068,-0.087850556,-0.056760572,-0.06815059,-0.16059779,-0.11634467,0.40618977,-1.3450943,-1.2436689,-1.9027451,0.4092866,-0.38894036,-5.791643,-0.12513189,-0.91488236,-2.2341475,-1.1344122,-2.1113677,0.27330658,-1.08459,-2.459319,-0.8878649,-1.0241783
-0.35831475,-0.058741264,-1.5870304,0.08350592,-0.3780429,-2.5028567,-6.171802,-6.9463515,-6.7516313,0.7338798,-1.332358,0.4346653,1.6417774,-14.260418,-1.3203608,0.40714008,0.15869942,0.24390244,-0.7217864,-0.26389855,0.97112185,-0.102213636,0.54961216,-17.609322,-1.9035686,-0.0454235,-0.024874326,-0.08957508,-0.31318662,-0.17428093,0.089974605,-1.1248796,-2.8519282,-4.5863776,0.10137632,-0.88473916,-7.642382,-1.4855351,-1.5715065,6.595794,-0.9007322,-1.2349875,-0.26379073,0.09962528,-2.2132726,-0.29916158,-1.6319746
-0.30039975,0.04576478,-1.5852501,0.061172236,-0.35473102,-2.5734434,-7.8357825,-7.149068,-6.191513,0.8968842,-0.86410457,0.4778491,1.8075225,-14.013756,-1.5612046,0.17194691,-1.4199978,0.2770273,-0.62338746,-0.26986343,0.9548533,-0.120450005,0.76759624,-17.432816,-1.9233348,0.15842761,-0.005498762,0.036010828,-0.35490122,-0.0780558,0.31780258,-1.2036233,-2.6322994,-5.0145373,0.16479498,-1.0111928,-6.7783136,-1.675115,-1.4459611,7.407768,-1.0300443,-1.2610158,-0.0690834,-1.4450116,-0.95538765,-0.35509738,-1.4999806
-0.039314568,0.060562275,-1.5726477,0.5167311,-0.40568188,-1.6383437,-6.595956,-7.4844837,-6.9683204,0.8160794,-0.22700812,0.4114045,1.8618641,-13.553835,-2.0076127,-0.15898845,0.34122297,0.3324758,-0.18269518,-0.33257866,-0.025457302,-0.5022673,0.0326108,-17.491394,-0.8111246,-0.022657042,-0.23565485,0.076506585,-0.3068884,-0.11336083,0.47472304,-1.2136285,-2.6271815,-4.6803055,0.53365225,-0.794367,-4.3169575,-0.8416904,-1.6200495,6.6806264,-0.43937862,-1.1871554,0.06229134,-1.2818722,-2.3095396,-0.7448847,-6.9143553
-1.4606014,-0.24358685,-1.5512607,0.11773528,-0.9580208,-4.6215277,-6.3989444,-6.315832,-9.440009,-0.16638412,-0.32794014,0.5483258,1.9259028,-12.475773,-4.501501,0.89529103,0.053765558,0.19538036,-0.89757264,0.42283687,0.6229232,0.099097,1.1462306,-14.596542,-2.3785243,-0.13236052,-0.04954807,-0.18650913,-0.5237199,-0.372334,0.1694667,-1.0876769,-1.9024593,-6.4275465,1.2707826,-1.7038031,-3.9044032,-3.2335813,-1.4924363,6.3400874,-1.0339358,-1.1542478,-0.08614406,3.8126662,6.133857,-0.058880176,-0.18433684
-1.5660086,-0.41043943,-1.8394648,0.12133597,-0.5409427,-5.1541886,-8.698554,-6.215186,-9.974166,-0.276374,-0.8366125,0.338537,2.5544996,-14.62116,-1.4281679,0.049118012,-0.048831984,0.30152914,-1.1830175,-0.3159956,0.9672945,0.13847055,0.7384261,-14.83381,-1.7911776,-0.1070014,-0.113777325,-0.46403313,-0.5405911,-0.21380398,-0.090837486,-0.77767026,-1.7516911,-6.9101434,1.0748996,-1.5724537,-4.44129,-2.1409435,-1.5660446,7.2128005,-0.971129,-1.3225282,-0.07959035,3.911499,0.12499634,-0.34966883,-1.4635304
0.7131083,0.068362124,-0.98187166,-0.16956113,-0.43338624,-0.35233343,-4.046584,-5.436444,-9.745282,0.17387417,-0.96935916,-0.12178675,0.18185799,-15.022426,-1.2189574,1.8103782,-2.3840795,0.7230093,0.5334038,2.2400112,-2.5752368,-0.03288854,-1.9261582,-16.801003,4.681767,0.20809571,-0.46837932,-0.052237276,0.5365568,-0.79233265,-0.14420891,-1.3770696,-0.86268985,-0.100472644,-0.35855174,0.34626675,-2.4470592,-0.30267152,-0.5597112,1.6968656,-0.31974122,-1.1508108,0.30635017,-0.85131747,-5.08851,-0.99365896,-13.501965
-3.0844257,-0.675467,-1.908129,0.039684255,-0.9946766,-1.9458979,-7.3744035,-6.155839,-8.8219185,0.7569687,-0.4307761,-1.1130279,1.8724391,-17.473639,-1.1037604,0.5710033,-0.11202833,-0.15860002,-0.7885471,0.8215065,0.26143846,-0.47500032,-1.8509125,-15.610987,3.5863404,-0.10085577,0.13740894,-0.15278351,-1.6661955,-1.2305667,0.10915443,-1.5971786,-2.4106483,-1.5888346,-0.106277,-0.4979476,-3.9353015,-0.62695867,-1.3381695,8.578461,3.022913,-1.3209622,-0.44419986,4.1805,-3.9973214,-0.90232193,-9.262063
3.4457483,-0.37095115,-0.77149,-1.3247818,-0.11223244,12.247132,10.275899,5.214908,-4.347281,0.095947064,0.6975707,-0.19378407,-1.0597827,25.538229,5.103027,-0.43576,-0.8058043,-0.095484614,0.21795754,4.302468,0.120224826,-0.2749001,-2.2294588,29.588446,-2.8450892,-0.30938998,0.059343997,-0.116708145,1.149162,-1.1018767,-0.28605747,-1.8758627,-2.2581558,8.202259,1.3648243,-2.0836897,18.167227,-1.3950745,2.741381,5.465924,0.09240344,-1.219371,0.6223568,4.7749434,13.268579,0.21245255,26.696396
-4.4614367,-0.079570584,1.2330375,-1.2925513,2.8366072,-7.1821895,-4.695695,16.17305,3.3019068,-0.831099,0.7860851,-1.0182661,12.175658,39.636066,13.554025,2.995879,-1.147695,-0.6687239,-0.008958769,0.432014,20.821592,-4.8329678,2.5327501,36.973057,-6.88081,-0.3596573,0.1698254,0.08606422,-0.6105823,-0.7395646,0.27938494,2.3909817,-1.4728845,-4.287728,-1.8889291,-1.1480511,18.919437,0.057359383,2.7841635,2.3039622,-1.2802655,-3.3551216,0.834993,1.0421722,8.246454,-0.12043018,21.13146
-3.7832246,-0.7837652,-0.7465658,-1.4349649,0.64677805,-10.869106,-2.1928177,21.130516,35.765453,0.8233637,1.2673281,-1.2941453,-0.9040551,36.570766,8.626806,2.213037,4.015499,-0.8545974,-0.3380968,2.8176084,19.674742,3.623145,11.0342,43.06382,3.101565,-0.49136376,0.24183424,0.5847433,-0.28777283,5.1826935,-0.37876827,2.0284662,0.2754126,3.4755855,1.2240297,-0.25499517,21.459167,0.7500935,13.411974,26.878235,0.5062992,4.9517694,1.8333745,1.86025,8.217594,-0.37916696,21.05917
0.64298093,-1.1930643,-1.1180396,-0.5716191,0.49300343,1.1384332,0.18319893,21.41573,34.81773,0.44966426,0.82752717,-1.3847754,-1.1002935,33.9093,7.7496367,1.109297,3.7781584,-0.92997897,-0.46566647,1.0294235,18.816914,0.40866628,12.53318,45.429493,7.474912,-0.53000456,0.2279278,0.1760172,-0.21998921,3.8398912,-0.23473537,9.640015,0.12051691,2.7343137,0.89954776,-0.7317901,20.905285,1.9997897,8.296553,10.315054,0.8662305,4.8186727,0.48551348,0.94946665,7.9468994,-0.3142632,19.962187
0.8919738,-0.18672502,0.3762406,7.700462,-0.68841404,20.3549,18.56159,10.194427,14.221073,0.08977741,0.7966484,-1.0534071,9.661629,20.573544,2.261637,1.3179307,1.162879,-0.33400688,0.8387778,1.1416954,21.500927,-0.3917763,5.774546,21.463253,22.370085,0.075317666,0.5686651,0.25706026,0.8703064,2.2950215,-0.0075971754,-4.2783694,-2.4618156,19.75125,1.8488921,3.520644,16.773388,-0.44032693,5.7986126,7.5137467,1.1333944,-1.0689456,3.038275,6.114246,9.027914,0.64380956,20.67469
1.7502165,-0.05880248,-0.04752907,7.109593,0.55079013,15.916375,10.615908,19.432617,12.781864,2.250766,0.56162184,-0.9941388,-0.44681057,20.431885,-1.4573816,0.6800529,2.7470355,-0.19715674,1.3612382,2.4259975,19.596462,-0.056926556,17.910429,32.581524,19.413317,-0.33829525,-0.3051621,-0.0517364,-1.1468812,6.2117357,-0.18380108,-3.8265707,-3.1042225,13.701939,1.8988671,5.7023478,21.580976,0.6042217,5.6608286,7.024277,0.35047477,-2.5694766,3.3454785,4.215988,9.598621,0.5443238,16.755505
2.1690161,-0.21974367,-1.3647115,6.9045396,-0.7508207,12.6657,11.798009,21.77842,10.237816,1.6099406,1.1265577,-0.9837665,-1.762922,25.66043,6.652425,1.0447146,2.7855816,-0.57711446,0.015882725,-0.96381176,21.224628,0.5837969,7.3513904,36.156216,15.465,-0.26367068,-0.49892852,0.18790987,0.12476564,6.7284513,-0.22514118,-3.6599083,-1.6353612,3.309189,3.5065763,5.8667808,18.305302,2.5392032,3.390489,3.6258378,-0.09238395,2.120851,-7.24221,1.2154595,11.457731,0.68578976,23.818895
5.2493296,-0.84384435,-1.3940029,6.229175,0.64781004,11.843151,1.4825712,19.650883,12.733314,1.7193345,0.4766305,-1.459301,-2.3854733,20.752771,8.20161,0.88136643,2.56246,-0.86542183,-0.036114197,-1.0658182,21.038216,-0.4585228,18.527662,45.000214,11.917976,-0.4193835,-0.20150597,-0.042955406,-0.286606,3.448475,-0.18536818,9.361534,-3.6761103,14.410365,0.25801072,6.009461,12.107196,2.619543,5.5644107,4.002578,0.28892565,-0.001217655,3.2653904,1.6770909,10.901153,-0.93121344,21.90241
-3.2478092,-0.6990725,-1.0943466,0.6719029,0.81497115,7.559273,-4.0315332,21.697231,37.05154,0.9865019,1.2107569,-1.2414584,-1.7212718,27.631685,8.235557,1.5690732,3.8689497,-0.45562193,0.09056857,1.9821327,21.827562,-1.2858067,13.923121,43.68987,0.6875801,-0.65597343,-0.07434663,0.59443986,-0.67869556,4.122994,-0.146762,4.0407157,-0.30343792,9.034849,1.9740018,1.2262864,21.62119,1.0118072,9.567866,20.100965,-0.18398246,0.1709158,2.479943,0.93180746,8.85181,-0.08097451,22.22014
-2.3008423,-0.6517646,-0.029014552,-0.5500169,1.4405564,-5.995457,-10.868934,40.03297,34.397594,5.149115,1.4423646,-1.3283546,0.1668234,49.194164,14.952769,-5.1208487,3.546749,-0.5320876,-0.4110789,-6.219913,18.071712,-0.55845195,6.7486534,54.306168,-5.7885838,-0.7978852,0.099144585,-1.0125399,-0.88096744,5.749607,0.9144563,5.1863112,-2.457125,-2.7135925,-12.448385,-1.4398915,21.172775,-2.1710908,16.162888,45.545074,-0.13321385,4.167161,-1.3471999,4.882432,13.076027,0.0958566,23.474825
-3.8597329,-0.62833077,-1.6287313,0.22696133,-1.0663899,-8.310904,-8.07096,-4.6133685,-4.2765465,-0.3036471,0.4316941,0.34519988,0.7753621,-10.868273,-8.930579,-0.07499773,-0.06463153,-0.029744333,-2.4305892,-0.2700116,25.764751,-0.0010699995,-0.28805292,-12.603302,-4.4925523,-0.54242,-0.7866254,-0.1728621,-1.9686921,-0.630214,0.014911975,-1.0809188,-3.37618,-9.149056,1.6202496,-3.1441383,-5.620902,-5.4273,-0.40161702,5.979262,-0.8974804,-0.8719791,0.22110395,-0.85034865,-1.8469056,-0.3228861,-2.510476
-1.7049198,-0.23559947,-1.1931967,0.44061878,-0.6738721,-4.137278,-7.347915,-8.106979,-9.015194,-0.21726337,-1.0130966,0.45826396,-0.23319311,-12.152545,-3.213355,0.16287766,0.32308227,0.027907733,-2.7495563,0.94485515,1.7735846,-0.0070165386,-0.7211278,-14.857143,-2.272077,-0.09023817,-0.15774873,0.019359054,-0.9176841,-0.28065562,-0.020857103,-1.3015401,-2.4748404,-4.4198546,1.392269,-0.51041496,-6.601393,-1.52401,1.9657793,8.58619,-1.8676025,-1.2640709,-0.738528,-1.1876619,-3.2923129,-0.7398815,9.692467
-1.3643329,-0.10784043,-1.7121431,0.84922504,-0.67848116,-5.6673794,-8.4611225,-9.854431,-6.938279,-1.4856347,0.6487853,0.36176044,1.6948745,-12.015891,-4.588451,-0.22096638,-0.015907384,0.05978872,-1.6463789,-0.38166153,1.1874043,0.1697101,-0.53216994,-13.087415,-2.8483377,-0.2092211,-0.119927526,-0.21155101,-0.79150134,-0.5707511,0.26323998,-1.099795,-3.71399,-6.3524485,1.0899136,-1.0624447,-5.6912875,-2.9509318,0.9407505,6.9668446,-1.7553827,-1.4689736,-0.00420467,0.42881125,-2.4462345,-0.42709795,8.290021
0.931772,-0.27515048,-3.5367951,-0.13823073,-0.5162761,-1.2239064,-4.087126,-6.7672477,-7.142609,0.50473744,-0.7038738,0.27822375,0.62360257,-13.723315,-1.3788292,0.712838,0.5499001,0.34177828,-0.19190986,2.1805708,0.8432495,0.30214956,-1.5462707,-17.767668,-1.7009975,-0.123380825,-0.5712673,-0.15301472,0.09488397,-0.66445714,-0.35141397,-1.0641794,0.5896583,-3.2934003,0.5953701,-0.25644562,-5.6781015,-0.028489945,-1.2020612,-2.2312427,-1.2203809,-2.1360207,-0.09280626,-1.0939038,-3.102193,-0.9364383,-0.6138072
0.15419279,-0.45506358,-2.3765492,0.8404522,-1.0286827,-4.09622,-6.345479,-10.414046,-1.5506272,-0.54317147,0.4366992,0.014789673,1.1581736,-11.043479,-5.1564274,0.0063119736,0.116144866,-0.012359446,-2.1415598,-1.360597,2.1072817,0.64710414,-0.9300892,-17.441505,-4.1808414,-0.7217784,-0.5987908,-0.7597796,-0.18927212,-1.0155364,-0.40062279,-1.3169008,-3.0380812,-7.313004,0.8686856,-0.8758889,-6.167842,-3.405429,-1.981061,6.600239,-0.29769415,-3.2173347,-0.24989158,3.8948762,-1.5917436,-0.383813,9.102953
-0.92513484,-0.20877272,-1.8462474,-0.9673853,-0.76731706,-3.3823383,-8.31247,-7.0311074,-1.9865849,-0.6807192,-1.1860324,-0.21297216,0.8904629,-12.780798,-1.311372,-0.32996336,0.09387841,0.32795328,-0.032188233,-0.86738986,0.6149084,-0.38349345,-0.7266916,-16.865187,-1.8796821,-0.052589137,-0.0068307696,-0.07264302,-0.20534378,-0.6049473,-0.27883404,-1.0771867,-3.0254586,-4.124518,1.7200183,0.29970956,-5.079856,1.0276185,-1.8047315,6.729596,-1.2759613,-1.7752082,0.0182218,-0.35181308,-3.2922542,-0.6246461,-2.549443
-3.2420835,-0.33014688,-1.600389,0.014053888,-0.8342727,-6.8736734,-7.484896,-6.113433,-4.1923757,6.408806,0.23322165,0.53281295,-0.06251064,-9.846829,-5.8837223,-0.13092229,-0.03165307,0.53716475,-1.5518013,-0.8814775,0.92498845,0.0158624,0.39099163,-13.165359,-4.647984,-0.18282731,-0.49922636,-0.18006957,0.06455202,-1.0091363,0.16929486,-0.8644584,-3.2299042,-8.437046,0.7035792,-1.8008093,-4.6132874,-4.7561684,0.19325875,6.349939,-1.6809483,-2.5857594,0.22651123,5.4062667,7.31347,-0.13108331,11.831048
1.673118,0.03217499,-3.6337874,-1.7446004,-0.9123639,2.7161036,-3.8637037,-7.339964,-9.338236,-1.669215,-0.52261364,-0.085542716,1.9923455,-13.658836,-1.536394,1.0266124,-3.9229767,-0.12229045,-0.07375075,0.24822518,-0.19371566,-1.09273,-1.4975028,-21.030962,3.6029797,-0.15897354,-0.16772641,-0.10338286,0.31171086,-1.124066,-0.10477663,-0.7481241,0.3347656,-4.214185,-1.1582284,0.34996724,-7.481572,-2.5390675,-2.110258,-4.73037,-0.6954165,-1.1259974,0.019117726,-2.6680155,-5.070226,-0.43708143,-15.861571
0.9666838,-0.112176366,-3.918498,-1.5777858,0.25427166,-0.5410956,-7.238185,-8.108813,-5.110747,-1.540667,-0.5495709,-1.3353506,1.9035131,-15.360604,-2.306589,0.36670846,-3.6998415,-0.22129259,0.007580562,-0.39373878,1.0105841,-0.988716,-2.0663474,-17.668003,-0.981008,0.07305382,-0.025983755,-0.081181,-0.117475405,-0.7578682,-0.30132756,-1.6875738,-2.2490335,-7.350974,0.4268515,-0.21929824,-6.890895,-1.23896,-1.6980417,-4.43093,-1.1805092,-1.0587091,0.25124943,-1.3505162,-1.54742,-1.0371659,-11.626645
1.4870652,-0.000521446,-3.8729186,-0.82852066,-0.92280453,1.3509637,-6.129049,-7.02508,-9.1564045,-1.9831351,-0.31624642,-0.07043482,1.6525571,-15.124309,-1.8860496,0.9973915,-3.5062935,-0.1639995,-0.15684325,-0.11892975,0.6920758,-1.1523042,-1.6626124,-18.4696,1.8587048,-0.28638998,-0.59479815,-0.13107014,0.18948366,-1.0265976,-0.2991342,-0.9141259,2.095618,-7.1532044,-0.5513162,0.36937508,-8.477673,-2.6791952,-1.8556199,-5.907174,-0.6392162,-1.0619086,-0.13249192,-2.2346551,-3.3581264,-1.1412818,-12.960671
1.5056379,-0.14095566,-1.8238273,-0.66948646,-0.6831536,3.919598,-4.179142,-6.465282,-10.797243,-1.3597485,-0.3734999,0.11769818,1.8448253,-15.841122,-1.4871823,0.5480766,-4.154533,0.51613116,-0.6924144,0.50820136,-0.5885101,-2.209221,-1.8774096,-20.571592,3.8862925,-0.15743509,-0.76376504,-0.015136171,-0.36406007,-1.0835891,-0.3085874,-0.84300196,2.2271526,-2.9266353,-2.1632435,0.53163576,-8.083213,-2.4436922,-2.6198661,-5.5335526,-0.5507583,-1.2066149,-0.21561286,-2.38365,-5.5885763,-0.47506788,-17.272648
1.6133405,-0.21671174,-3.7975976,-1.6967376,-0.6584403,3.2914162,-4.734642,-7.45426,-10.121418,-0.7018506,-0.34994406,-0.025825845,1.9856523,-14.079065,-1.3156476,1.1167893,-3.2358546,0.12163646,-0.13169046,1.7855569,2.0276365,-1.0121928,-1.965616,-20.080084,3.9250605,-0.08349723,-0.6355039,-0.051130522,-0.18291865,-1.3497537,-0.257846,-0.37246975,-1.6574274,-4.639266,0.09544403,0.4271991,-7.9024262,-0.8309416,-0.8176258,-5.2673373,-0.8940177,-0.8048982,0.053942498,-2.1649525,-2.5389137,-0.85058564,-16.517767
1.7623934,-0.16776653,-3.9095008,-1.7739369,-0.44914663,4.172657,-3.3541415,-8.016846,-8.554706,-0.5515405,-0.4389429,0.15666647,2.0367155,-15.8971815,-1.3750215,0.91150826,-3.8742466,0.14048295,-0.68664783,1.412744,0.34032905,-1.2599313,-1.873676,-20.609015,1.7763159,-0.049262445,-1.3222979,-0.11118983,-0.40034068,-1.2237206,-0.43406978,-1.037741,-0.98969746,-4.4096766,0.14424214,-0.4831567,-6.90354,-1.46821,-1.8490748,-5.2361703,-0.7679237,-1.2790751,-0.30651438,-1.9892784,-4.7406363,-1.0054128,-17.142925
1.6032264,-0.16846596,-3.696793,-1.0401437,-1.2156837,4.3714957,-0.630847,-6.77471,-10.609493,-1.3995799,-0.22921932,0.036082134,2.7266827,-15.357703,-1.6848953,0.5268024,-3.5456214,-0.09292093,-0.56807584,1.5082537,0.1988538,-1.5016348,-1.6989416,-20.585522,4.47733,-0.05217547,-1.6683236,-0.047679488,0.040108528,-1.2835809,-0.28755614,-2.0429225,-1.9219165,-4.1752157,-1.2817627,0.24650234,-7.6991735,-0.73285705,-2.1072981,-5.5378914,-0.79876417,-1.1704327,-0.16070797,-2.6066692,-6.024695,-0.3435128,-18.280954
1.1279862,-0.16538818,-3.9776957,-0.8477686,0.49591517,2.6774633,-6.318324,-9.203438,-6.20188,-2.2604225,0.76866347,0.85244584,1.4666044,-10.015045,-1.8499601,-0.102345005,-3.378819,-0.11137034,0.2607421,-0.6143538,2.109636,0.09203213,0.9090584,-17.525532,-1.4164048,-0.1541491,-0.35354006,-0.16203803,-0.4954428,-0.43922696,0.37006745,0.1862513,-1.7973744,-6.0847116,1.4135755,-0.34791988,-4.3188615,-1.052081,-1.871003,-2.927573,-2.369951,-2.3924294,0.20381023,-1.4316896,-0.75040025,-0.16256641,-8.462368
-4.037318,-0.55976987,-1.4928676,-1.6080822,2.905637,14.64241,15.928665,6.976373,-5.9610662,-0.3842142,1.1442199,0.85588497,-0.1164931,17.388617,-2.0346842,-0.83871686,-1.4735415,-0.21972682,-1.1360849,-1.5777738,19.653805,-0.012645815,-2.4703946,26.265018,-4.07223,0.33194005,0.10114908,-0.21580708,-1.0389981,-0.06646369,0.22058912,2.4912264,-1.1733642,-0.8966232,-0.63590145,-2.7119238,19.618584,1.7805886,4.075187,4.46714,-2.3083978,2.8655663,-6.6017966,2.4684865,7.3680515,0.25462347,10.492156
7.8341546,-0.078601085,-0.21676382,-1.1768456,0.7081622,22.60365,24.741028,4.5852127,-3.9773898,0.6790729,0.73275477,0.93091214,-0.042721607,20.745543,-2.9937756,0.87131774,-0.81542236,0.0453497,1.1537008,5.48002,5.8584085,0.49806094,-2.6222124,37.45199,0.43294206,0.5108705,-0.87022185,-0.13271311,-0.51575714,1.3183821,0.026358701,4.33623,-1.4319189,11.895662,0.51793164,-2.0724058,-0.6858357,-0.5859516,-2.0945837,11.988148,-0.19983758,-1.7977427,-0.37141603,5.503182,-1.7514158,-0.1005039,17.272078
6.3750944,-0.39952153,-1.6032778,-2.5966654,0.58276147,23.730473,19.854385,9.414287,-2.1821764,-0.75995266,0.60699236,0.5410264,-1.6783103,24.982712,-4.484588,1.2393571,-1.2002306,-0.15836002,-2.2932098,-0.6534885,3.0979803,-0.8589599,-2.3894205,29.24988,14.206881,-0.67114353,-0.22110045,-0.2103148,-0.53990775,0.5093421,-0.10844696,0.16354246,-2.32973,3.3345425,-0.09733862,7.6493115,12.138237,-0.6064205,-0.39657012,5.307479,-1.1324128,-1.8813958,-0.0073287683,3.1347558,7.1670403,0.08281989,20.4481
6.864143,-0.4177205,-0.19838469,-1.846795,0.5762544,18.463427,68.32329,0.076957755,-5.2956376,-1.2454473,-0.10207,0.15885581,6.814683,19.606104,-2.6748996,2.1747117,-0.012035202,0.12977727,0.07397574,4.603836,1.7879671,1.5206507,-1.8216239,20.829542,10.449237,0.23104914,-0.48134673,-0.4418594,0.2812812,-1.1632898,1.0093317,-4.5241604,-0.5902929,19.473412,0.1004105,6.180182,-5.1470885,-0.7240763,-2.935925,9.201503,0.008694332,-3.669179,0.27734235,3.5515738,-2.800289,-0.23806383,4.651964
7.693737,-0.16195072,-0.040138118,-1.9161696,0.3238286,12.601476,54.09837,1.379882,-8.034506,0.4150214,-0.025318345,0.22689463,-2.8959835,16.445297,-2.2402384,2.0013049,-0.042382028,0.1479451,1.1288108,4.7425137,1.6283238,1.5008965,-1.855772,23.248398,14.948536,0.3569089,0.7732731,-0.89761513,-0.9585121,0.113675304,-1.9951766,-0.36267352,-0.040355578,13.083193,-1.823126,6.408672,-1.8997754,-0.5568401,-2.2914815,8.402959,0.007690745,-2.0650175,0.0201085,4.044491,0.967096,-0.14548786,17.841267
8.118901,-0.18905231,0.12628043,-3.0869515,0.3666506,2.2178051,19.344685,2.9760106,-7.774747,-1.289712,1.5381595,0.20398495,-1.4994301,21.009516,-2.80157,2.0527244,-0.55378276,0.056984056,0.6864735,6.743534,24.094564,0.23174834,-2.3775752,32.785995,12.478164,-0.02201267,-1.0199722,-0.40671283,-0.86322916,1.3088837,-0.39034957,2.572032,-1.9381404,10.541893,-2.0606413,8.824485,-3.9728103,-0.46538153,-0.58414614,13.846031,-0.020209685,-2.8868828,0.6027178,2.3475008,-1.44658,0.02433625,9.7879715
3.512541,-0.60293496,-0.5213747,-2.3354707,0.94540167,4.326554,17.834929,7.08965,-3.9102912,-0.45476118,0.77368253,-0.18000875,-0.8737286,24.933783,-3.869634,0.5060744,-1.6961471,-0.085806206,-0.0126696,-2.1517332,21.364096,-0.080339245,-2.0592537,35.917603,19.716135,0.20230712,-0.27728742,0.059409257,-0.69145924,0.9457862,0.15219627,3.1411462,-2.1583352,3.7564163,0.5059049,6.358253,14.270759,-0.46318442,2.5788167,4.5831566,-2.6620991,-1.5950327,0.7007222,1.9277772,6.031051,0.3121752,8.434764
7.665011,-0.71210116,-2.6436434,-0.46748355,-1.6075705,-1.0642381,-16.591808,-10.4137125,-7.046061,0.24999042,-0.59335566,0.5319143,2.9549265,1.8271358,-2.402471,0.7366343,-0.5780173,0.84922665,-1.9798435,-0.8789088,0.88452685,0.090006955,-3.369311,30.359684,14.689423,0.31170425,-0.87701505,-0.03759691,0.7518446,-1.7113326,0.794686,1.0313431,-2.9975042,24.00148,-0.7264608,7.0142922,7.943857,-0.83224714,-0.6207717,20.570175,-0.43903905,-2.5695174,-2.5482678,-4.370306,-4.595486,-3.0283422,2.7568448
-0.9123316,-0.45776856,-0.37723914,-0.657388,-0.5911315,-7.910554,-7.625098,-1.1277584,-4.3732452,-1.3843844,0.77996874,-1.0121163,-1.9250011,26.7829,0.3727696,-0.91269493,0.7291634,-0.094800286,0.7073744,0.17100084,18.496695,-0.21127787,-1.5274483,24.341719,-2.2084045,0.25516668,0.20655143,-0.11598825,-0.212138,-1.7442578,-0.09407357,-0.99208224,-1.3307312,-4.545727,1.8941773,-0.007455322,15.4692,2.4761217,-1.2085608,3.5908277,-2.022951,3.3595917,0.5876974,1.536955,7.520694,0.25734136,12.044841
-1.4465281,-0.2729033,-0.46589637,-0.7482591,-0.6328588,-6.62434,-7.5686297,-1.2165675,-4.5929003,-1.1425002,0.79435754,-0.9962968,-2.0850637,22.701189,0.39280865,-0.6252208,0.767873,-0.09723632,0.7383604,-0.07650703,18.670507,-0.39778695,-1.5258175,24.330837,-2.283108,0.28401795,0.18488225,-0.14408588,-0.57255995,-0.5757876,0.17269103,-1.0556691,-1.1226959,-4.5687776,1.8493019,-0.16811004,15.181733,1.6299723,2.394558,3.0671272,-1.7231522,-0.02939312,0.4143146,1.6714927,7.6351085,0.31506103,14.841419
-6.6850452,-0.46561667,2.432668,-1.627618,0.3774053,-12.211858,-14.565701,2.4542055,0.44146663,-0.9855899,0.88919395,-1.4831139,0.898282,28.269676,6.3607244,0.56492287,1.3242939,-0.9252395,0.045302805,-0.9943844,20.604164,-1.0379508,-1.3970264,30.467363,-3.0706787,-0.109474264,-0.82703453,-0.31714776,-0.046549324,-0.6448157,0.54245555,2.7690277,-1.3158051,-10.735443,0.030562041,-2.4528897,13.51342,1.4994467,1.8756737,2.4918754,-4.6815357,3.26194,-0.12875105,0.98641974,7.019691,0.059520576,13.45154
-0.5277947,0.43160635,-0.47977298,-0.017532164,-0.7357561,-8.846658,-4.606312,-0.4744794,-5.29648,-0.46248072,0.45248464,-0.9696515,-2.6082637,21.838356,0.9759218,-0.72616017,1.8736234,-0.047883,0.17248261,0.5783396,19.310162,-0.19354537,-2.7803001,19.046515,-1.5835487,0.13121982,0.08404129,-0.122034624,-0.67928207,-1.1046228,0.17942065,-0.96307874,-0.16137753,-5.4293537,1.7094191,-0.5566362,13.865142,2.871032,0.094756186,2.329389,-1.919261,3.8979578,0.35213873,1.820831,9.124586,0.3112994,12.391781
2.6233108,-0.35055873,-0.69450635,1.4606737,-0.034151044,-10.007872,-1.1894025,-0.046151616,-5.51251,-2.271063,0.7791485,-0.76736766,-1.6422913,22.005907,0.05184284,-0.7273793,-0.08123041,-0.096633606,0.5693909,-0.24559146,18.781824,-0.56163293,-4.531042,24.363659,-1.710474,0.2862709,0.18768963,-0.16964558,-0.7217174,-0.44246632,0.26781765,-2.2192087,-1.0730554,-4.9116664,1.9050369,-3.2830954,17.010553,-0.45202965,2.6263263,4.076517,-2.2352245,1.6293998,0.34673664,1.2805115,9.15576,0.30842254,11.627032
1.1874049,-0.09717235,-2.1933293,0.4514525,-1.8069115,4.2502427,-0.18757297,-8.16963,-7.677912,0.5859004,-0.19407228,0.45263723,1.144583,-15.509246,-1.8293257,0.8770441,0.37182552,0.6628485,0.020079633,2.0146084,-4.3571005,-1.0150564,-1.7205404,-15.309347,-0.94475317,0.26994228,-0.40175077,-0.017153816,-0.13684013,-0.6022473,-0.014853287,-1.4434563,-1.070634,-5.2176595,-0.22916915,-0.24271193,-3.3096735,-0.079175666,-0.8042699,-3.881767,-0.034511834,-0.94760084,0.004301348,-1.9429617,-5.3352065,-0.6710516,-15.788187
-1.0084773,-0.20116733,-2.762986,-0.22316651,-1.0583434,3.4472077,-2.6552706,-8.145628,-5.9187865,0.03514021,-0.17711724,0.132334,0.7103349,-14.590982,-1.7156589,1.2807019,0.52190393,0.8789669,-0.29142413,1.7433984,0.76057905,0.24003845,-1.4544489,-13.24552,-1.9155422,0.54918444,-0.25862637,0.07689,-0.2593775,-0.40414605,-0.008424408,-1.1912979,-1.9576786,-6.4966164,-0.23295368,-0.74394596,-2.8691561,-1.0431956,-0.5813835,-3.4189322,-0.5786472,-1.0112642,-0.7165876,-2.3840554,-4.36211,-0.85964376,-13.280671
-1.7011732,-0.13066195,-3.9367394,0.23878086,-1.7643327,3.6342216,-0.8059384,-7.1129026,-6.2853127,0.3742233,-0.6589486,0.13971388,3.7046936,-14.649946,-1.6235962,0.95347303,0.4453654,0.5922356,-0.09505112,-0.06801605,-3.0266895,0.26748186,-2.2019875,-15.262248,-1.0569026,-0.00067312043,-0.2582289,-0.026152348,-0.1278796,-0.5198786,-0.049158566,-0.6092149,-0.6084253,-6.2096405,-0.5326964,-0.5019812,-4.710927,-0.9562254,-0.9468856,-2.4963682,0.028278401,-2.5886867,-0.72115827,-2.1855192,-5.1481624,-1.6782231,-9.99526
-0.9844929,-0.18835284,-3.9956446,0.21383102,-1.3080909,2.7415607,-0.31154236,-7.1348343,-7.7220297,0.6389418,-0.35897133,0.37436986,3.122722,-15.88978,-1.6055831,1.1629682,0.5043547,0.15167774,-0.068137825,0.43338594,0.1045674,-0.40986338,-1.4881049,-16.083582,-0.6285556,0.18142082,-0.4452521,-0.026758235,-0.06030561,-0.57110393,-0.09009493,-1.3048412,-1.530567,-6.070187,-0.18862064,-0.19923918,-3.9146044,-0.74842995,-1.2191039,-2.826573,0.60042095,-1.0519799,-0.6960331,-2.343688,-5.174352,-1.7667937,-12.697347
0.004281224,-0.26989156,-3.2974155,-0.22654818,-0.59213746,1.9810663,-4.2874713,-7.9879317,-5.539795,0.52830917,0.013394735,0.64246863,1.7208469,-13.986302,-2.0598333,-0.058849644,0.2358584,0.66195977,-0.1487407,-0.32139403,-0.36736664,0.09278121,-1.9064198,-15.711852,-2.7129312,-0.21616104,-0.13178694,-0.111481525,-0.14077467,-0.4049998,0.42835954,-1.3279257,-2.034337,-5.672055,-0.46498224,-1.4268559,-2.140807,-1.14584,-1.137333,-1.8834,-0.6398824,-1.143965,-0.005772432,-1.5284069,-2.3880172,-1.1404701,-12.57086
0.52079505,-0.27956107,-1.9016764,0.3529495,-0.82164395,3.944294,-2.1881502,-7.643773,-5.2475047,0.5431869,0.12864377,0.34994587,3.2992706,-15.461157,-1.8833666,0.925053,0.5016325,0.7177414,-0.30695343,0.39317238,-2.6701999,-0.7886637,-1.7466638,-17.72298,-1.5292732,-0.070065334,-0.45280662,0.031271704,0.14714909,-0.48554593,-0.06147437,-1.5114967,-1.5304891,-5.1232347,0.01654232,-0.8343402,-4.607491,-0.36375046,-1.2367642,-2.7852647,-0.08689659,-1.0236253,-0.100446045,-1.9472457,-4.2325735,-0.62181085,-15.720288
-2.4618382,-0.114074014,-2.2782707,-0.41366637,-0.8650035,-0.44667104,-7.1083264,-9.200749,-6.6075497,-0.7443354,0.3597406,-1.475675,-1.7001667,-10.400098,-4.1966248,-0.03768406,0.22366638,0.07020277,-1.165277,-0.25720724,-1.7649322,-0.1920441,-2.9091864,-16.551409,-3.288202,-0.77830416,0.064532295,-0.35152248,-0.5718121,-0.4391357,-0.16318095,1.2607211,-1.9012903,-8.527619,2.1097443,-1.9151449,11.042456,-1.9374465,-0.13031512,6.030491,-0.87656486,-1.2151424,0.19139586,-3.632425,-3.8291314,-3.764943,-8.035259
-1.5180954,-0.2669769,-1.8656977,-0.11775269,-1.3249114,13.611958,-1.4629261,-7.405545,-2.3990834,-0.9587885,0.52075744,-1.5708264,4.1751723,-14.838266,-2.5317,0.11468825,0.25107893,0.40063155,0.22121005,0.25937504,-1.3650148,-0.82318646,-1.3417964,-12.189766,-1.3248669,-0.7007275,0.01694941,-0.0894733,-0.24132141,-0.83247536,0.12451145,-1.0714785,-2.1141455,-8.3669815,1.5501138,-2.0136435,10.9258795,-0.74140006,-0.56723326,6.789248,-1.029193,-1.1718645,-0.52772087,-6.0374527,-3.6076164,-5.4235783,-0.39024696
1.1565784,-0.41090116,-1.4253402,0.6425643,-0.9592762,3.6703458,-3.1075425,-8.9448595,-9.773632,-0.73052114,-0.41095483,-1.3387644,0.658367,-14.260523,-1.2846813,0.6334516,0.2649281,0.54205793,-0.1687622,0.41618896,-4.9137826,-0.8710088,-0.7738866,-18.415266,-1.8402023,-0.17705733,-0.45808616,-0.0074522174,0.37891564,-1.2669864,-0.54210764,-1.209059,-1.9512185,-7.3185554,0.12750888,-1.4839163,10.4259205,-0.9395831,-0.85268545,6.1633563,-1.6554322,-0.88833207,-0.26460746,-4.6509504,-5.0042505,-2.875009,-14.592933
1.3671291,-0.74185395,-3.68014,0.6418193,-0.18625546,2.2491326,-1.9328765,-9.025325,-4.9570537,-3.371411,-0.8845589,0.10612461,0.19263725,2.9748168,-1.7402277,-0.107104346,0.29684788,0.54536265,0.016465684,-0.11835021,-2.7156277,0.21895221,-2.9945185,-17.577202,-1.8639424,0.2375178,-0.4790561,-0.045008603,0.07114634,-0.468454,0.40085894,-1.0439101,-0.72653717,-5.3600917,0.8690615,-0.43450755,11.854418,-0.31317404,-0.98998225,-1.7244406,-0.8766192,-0.9901566,-0.5396474,-5.7294,-4.956255,-4.355262,-13.038864
2.0289927,-0.050884295,0.28913492,2.0798557,-1.1894457,5.633829,3.40263,-6.8632207,-10.691604,-0.21578108,-1.9984937,0.10673813,3.4182322,-17.068134,-1.3228558,1.0787857,0.051282685,0.58276683,-0.071372226,0.9369601,-4.9687333,-0.013489603,-1.0718529,-19.572857,5.334229,0.20576806,0.44300535,-0.08469018,0.13506564,-1.0253716,-0.16879539,-0.37595686,1.6105461,4.942467,-0.40917543,0.27540034,-8.720172,-0.38580486,-1.081618,-7.1630235,-0.14785592,-0.650363,-0.41725215,-3.891429,-9.289184,-1.1638312,-16.241488
2.0972347,-0.2794971,0.27536505,0.668671,-1.1244538,4.742919,1.1778626,-6.8826957,-9.434514,-0.9109216,-0.71795464,0.008987202,3.7301645,-16.777044,-1.4488835,1.1602273,0.034613635,0.52460283,-0.12739895,0.037965328,-3.657492,0.40466303,-1.3947855,-19.423359,5.5840673,0.20705937,-0.16300015,-0.064908884,0.04768724,-0.6571486,-0.076914206,-0.27566808,1.9198258,1.6251771,-0.36897638,0.007824498,-7.315717,-0.34557074,-0.74206007,-4.0618644,-0.18200785,-0.65377885,-0.3581336,-3.1901865,-9.270394,-1.1385059,-17.356888
1.994899,-0.22567526,0.26660964,0.67236954,-1.1233245,4.8829527,1.1928548,-6.8872156,-9.697483,-1.023041,-0.7186269,0.008856708,3.689281,-16.793407,-1.4413712,1.1598961,0.050880224,0.5541988,-0.12900993,0.05169828,-3.7104108,0.42181936,-1.4238089,-19.353445,5.7315726,0.19181463,-0.15324831,-0.056373652,-0.073528245,-0.6827194,-0.07487121,-0.3015353,1.9069712,1.6260778,-0.32246116,0.0067326305,-7.2028627,-0.34450454,-0.7091735,-4.0562444,-0.1785349,-0.5187038,-0.36086395,-3.1862342,-9.794571,-1.1392848,-16.78638
2.969654,-0.3897342,-1.666244,-1.7110945,-0.11105892,12.543296,17.267464,3.0535283,-5.8469143,-3.277652,1.0054475,-0.0030911623,0.76340973,35.514145,5.6354814,-0.19655104,-0.6079088,-0.3490282,0.15981226,4.58095,2.7221577,0.86526406,-2.3262143,31.759604,-2.754892,-0.3834513,-0.0124000795,-0.15116404,1.1724948,-1.3606905,-0.44355845,-1.6180471,-0.6683757,2.6015866,1.0664896,4.4529967,14.847241,-1.7446513,-0.7025041,5.71017,0.18696877,-1.1554483,0.4768451,3.6895652,9.758803,0.24467608,28.151686
4.145575,-0.34988555,-0.8129389,-1.5607625,-0.064053856,12.260182,11.518972,5.7204,-3.9481182,-0.8840742,0.4721978,-0.18577611,-1.499694,25.521463,4.526408,-0.29628795,-0.61403626,-0.19459395,-0.6264033,4.544026,0.047480132,-0.015107895,-1.8439668,32.466473,-2.6580977,-0.38194385,0.31565338,-0.081827074,1.6009933,-1.4353924,-0.15303901,-1.6850994,-2.2536798,9.02439,1.4514529,4.4304147,17.786028,-2.0259745,1.8458788,5.8719163,0.15223122,-1.2162747,0.7267412,4.5296845,12.748759,0.2214716,26.561726
4.076588,-0.36409813,-0.7763467,-1.9437212,0.44579998,7.412355,11.004618,6.6277437,-3.452718,-0.9838101,0.48969647,0.23529573,-0.92394584,23.4173,3.9950519,-0.21275647,-0.27723992,-0.15866727,-0.0062795645,4.605144,0.3204889,-0.29909238,-2.035551,35.379986,-2.5695574,-0.36524007,0.35137215,-0.039210282,1.6198556,-1.1175086,-0.09452041,-1.6156677,-1.2433751,10.550456,1.6445693,4.4296694,17.717205,-1.3814741,2.5908253,6.26348,0.15932928,-2.2356977,0.4376367,3.4929209,12.895014,0.005928485,25.220314
5.1271005,0.02031299,-0.93329877,-0.6769006,0.40672034,14.165366,15.784175,3.0654361,-4.2253714,-0.3628884,-0.23949118,0.19704285,-2.2690177,21.539467,5.474918,-0.2284471,-0.3025144,0.028383965,-0.09036665,7.60544,0.23226513,0.23118673,-1.308697,30.274084,-1.5359697,-0.33695403,0.15449634,-0.19354752,1.681988,-1.1045395,-0.30395713,-1.9498645,-0.4066255,10.945751,2.365102,4.5072136,16.852774,-1.872871,-2.093744,9.045493,0.4861266,-2.9184995,0.4309379,4.643538,8.626735,-0.24017476,24.091
4.8630676,0.17765723,-1.6010511,-2.9861875,0.36103532,5.203511,11.714368,6.4664674,-2.7082388,-0.6594236,0.5232592,-0.6826542,-2.6128685,20.073977,3.8310258,0.77679336,-0.778143,-0.5685627,-0.16203187,-0.12090259,20.612764,0.7338147,0.7912324,35.98806,-3.7141566,-0.9180902,0.23462577,-0.027827187,0.51266235,-0.21423578,0.070224114,4.8784337,-0.7180745,7.5072374,0.21501644,-1.7496494,16.558287,-0.6502902,4.4430404,4.2363224,-1.35738,2.4584868,0.4764471,1.8605494,10.827585,0.06320837,19.309258
-2.2982304,-0.38021663,-3.3988702,-0.9366757,0.61010265,-3.8829565,-4.3066387,34.15547,37.863266,-0.6254577,0.76473516,-1.1679261,0.2794987,38.042717,13.791571,1.1024599,1.7797267,-0.8550695,-0.873281,0.21217303,18.350378,-0.36083427,5.92709,53.28089,-6.54888,-0.5451862,0.16687478,-1.3823425,-0.98708946,3.5983565,-0.5237139,1.5402559,-2.3587513,0.9189921,0.43559253,-2.1834986,21.881582,0.88878757,13.676586,23.38483,-0.025709685,4.486972,0.019257184,-1.3578883,6.557783,0.18181603,21.608896
-1.0414783,-0.21716411,-0.9546238,0.30771688,0.55185723,-10.810914,7.026373,19.15886,7.4837675,-0.0588109,1.0786546,-0.6647255,1.6689422,29.32226,11.702416,3.1872263,4.471847,-0.14686929,0.31732166,0.61375654,22.734777,-0.09850776,16.552488,36.28751,2.418359,-0.26778787,0.7094246,0.9563022,2.918061,7.038497,-0.086694114,0.24036679,-0.057935774,0.89939183,3.31044,4.319609,21.651066,2.6879828,20.136723,12.638607,0.9337396,3.7833903,2.0404985,2.06997,12.227589,0.77154344,20.183725
-4.555997,-0.52077836,-0.91453433,3.6984298,0.78088766,8.735353,0.80385584,10.416564,11.178062,-1.0512778,0.6784915,-0.7305272,-1.0364647,21.760735,4.730635,1.5547792,2.2265058,-0.43506706,0.15269329,-2.3424275,17.688656,-0.6335506,-5.0119057,36.847168,16.52327,-0.2303567,0.327382,-0.09152509,0.4612826,7.2567205,0.060973752,4.0781236,0.021818051,0.44881928,3.22987,-1.7099056,18.390257,2.2797728,6.443549,2.4901137,-0.069764175,-4.139994,2.5014076,2.4365983,12.787875,0.7821032,19.119736
2.524031,-0.7005079,-0.7384387,3.9020364,1.3722304,11.153273,8.204556,17.827932,13.283629,2.553658,1.2104768,-0.09034928,1.5129415,29.480726,4.2205033,1.3950769,1.1286585,-0.6493339,0.18311699,-0.73499554,22.801617,-0.6295541,-4.203033,34.67994,15.360873,-0.1285657,0.3375745,0.07946932,0.7333585,7.1526937,0.13044375,-3.005048,-0.66559035,1.0336968,4.528818,8.064075,20.239296,1.9284376,10.864395,9.920297,-0.13271245,1.7647535,2.1405637,3.0077326,11.944099,1.9173806,23.271076
0.4902707,-0.7776643,-1.0615306,1.0380328,0.5502766,1.4506869,-1.1269199,22.67538,38.17205,2.9701877,1.2424203,-1.2228367,0.24838094,34.17299,9.15565,0.2835137,0.84870744,-0.27988416,0.07703193,-0.52361095,20.257738,-0.26889735,-2.2993557,43.00238,4.3627357,-0.3175286,-0.02584955,0.21898337,0.11196491,5.1810565,-0.27917245,-0.55322266,-0.5220081,0.836874,4.0442634,7.6611905,19.547672,2.6558974,14.607199,11.662074,0.69955647,-0.23158036,1.2396505,1.2733756,8.001505,-0.014550976,21.068756
2.3479464,-0.63955814,-0.997085,3.2652624,1.208805,8.586966,7.5021396,16.72475,14.722722,3.018322,0.86797225,-1.0125788,0.820347,28.844328,5.599909,1.057842,0.875406,-0.5056489,0.42783976,-1.6679984,22.94292,-1.0116742,-3.2100656,32.13864,17.470953,-0.27307665,0.4254711,0.15089647,-1.0145253,5.746206,-0.0039713266,-2.107143,-2.19553,12.905918,2.09061,8.404508,19.94338,3.381653,9.907333,11.738879,0.63263786,-2.888224,3.6673138,2.6107051,11.640066,1.6319462,24.602821
-3.9184642,-0.23782438,-0.5294865,1.195254,-0.03846653,-7.258307,-2.3496244,23.867401,48.634914,0.60312504,0.89555246,-1.406517,-0.45763695,34.286263,10.586044,2.3659744,4.3089714,-0.25599304,0.1353726,1.0315557,23.399736,2.26168,0.019923538,41.7541,0.86824906,-0.41289327,0.16998538,0.11097601,0.9418959,3.7481306,-0.003188687,2.251083,-0.11330194,1.2345564,2.3009045,0.30541453,16.505798,3.2143762,19.337635,11.967538,-1.1321765,1.5920062,-0.2509836,1.0777531,7.3808384,-0.3334702,20.591553
0.17963734,-0.48028558,-3.1146023,2.5834672,0.9274179,1.4418229,-3.429553,42.01393,34.55465,-0.27087045,0.35432187,-0.8268809,-0.40374613,38.88837,9.609967,1.1313045,1.8599503,-0.4047455,-0.29058015,1.6708456,19.212044,-2.0481958,9.550646,46.267887,5.243246,-0.51651126,0.71844137,0.8041341,-0.45471588,2.7686508,-0.3834308,3.0451546,-0.8796339,1.3117895,1.3817685,-2.1599083,24.292683,1.117026,9.8170395,17.198986,0.5425353,1.0413333,-1.2723135,-1.8021896,7.910557,-0.48488343,23.355438
-2.0758612,-1.1160327,-2.3259265,0.026752075,-0.47185048,-3.2245507,-8.038548,33.186417,37.434708,1.2331415,0.5473593,-0.79056346,-1.3936806,37.54649,11.738693,2.2041686,1.614562,-0.54842585,-0.3927514,0.8417618,20.150179,2.9335985,6.7157354,55.712612,3.7491562,-0.4038962,0.47075048,-1.4236475,-0.1638789,3.3556232,-0.2613376,2.314407,4.4989586,-5.0642734,-3.2837138,-1.0624573,18.713886,1.5990255,15.170882,7.9705434,-0.11077018,4.622907,1.1505349,-0.22362359,7.0064235,-0.14700064,20.357252
2.3297262,-0.6165704,-1.1728044,-2.035796,-1.3171436,6.824809,-1.5551339,43.457214,36.161613,-0.8262595,0.6088354,-1.5616347,0.9846482,30.432268,6.2516007,0.97538686,1.3000585,-0.6358541,-0.47004882,-0.76686734,20.093464,-0.14437333,-1.7438451,37.25207,9.172003,-0.5001916,0.64153415,0.1829284,-2.63648,-0.050553158,-0.09145182,-0.97064906,-0.8932512,2.3572114,1.3263531,-0.89871436,19.06492,2.9484122,1.4486834,10.897264,0.71692973,4.7248197,-0.4037931,2.1469176,7.8933196,-0.12717906,22.36213
1.3386538,-0.35151353,-3.5337539,-0.089430384,-0.8842619,-1.0280695,-6.306077,-7.863584,-9.0608835,-0.44083205,-0.5785555,-0.7275736,0.47318226,-15.855988,-1.5503685,1.1171081,-2.6868482,0.7489021,-0.31405026,0.9817414,-0.16536029,-1.3126098,-1.6572807,-18.056583,1.9605322,-0.108379066,-0.8840044,-0.04939904,0.09026351,-0.9647338,-0.2440402,-1.3192036,-1.1315137,-1.4334394,-0.40432182,-0.5869375,-6.6552467,-1.0944744,-2.2144754,-3.2459064,-0.9464305,-1.035999,-0.08836025,-1.0204958,-6.1077833,-0.9296331,-11.133991
1.7283487,-0.20632236,-1.4094448,0.7171597,-0.30919296,1.1815592,-6.1206636,-7.673594,-8.110746,-0.21813148,-0.87225384,-0.50189245,1.2374144,-17.237646,-1.9427469,0.8724039,-2.3435616,0.60946584,-0.18163511,0.46256378,-2.51759,0.14945611,-2.0141954,-17.952549,-0.09532201,-0.1293903,-0.7850617,-0.21178307,0.37828332,-0.9662733,-0.24029176,-1.1045569,-1.0149332,-4.9368324,-1.3230443,-0.069215626,-7.369771,-0.65565544,-1.3769686,-3.5398428,-0.9183277,-1.0180576,-0.18063204,-1.2257766,-3.748592,-0.5995287,-13.552602
1.1908045,-0.23316278,-3.728934,-0.04097835,-0.7063388,0.12664895,-5.153708,-8.026419,-8.945009,0.2502302,-0.9258628,-0.6970612,0.6206498,-16.029312,-1.4141436,1.1459143,-3.1311514,0.7523465,-0.19309056,0.47493425,-0.13841479,-1.2577411,-1.9309468,-17.8124,4.0073514,0.1818219,-0.79273427,-0.08351529,0.056702904,-0.9851783,-0.29219437,-1.3352568,-1.1008976,-3.4895232,-0.7492391,-0.23912759,-7.391715,-0.59508055,-1.9239762,-3.7971618,-0.48538825,-1.1267678,-0.07775709,-1.1320486,-6.2982993,-0.5832906,-13.322948
1.2583896,-0.20763126,0.42033842,-0.16417871,-0.7354602,-0.115330145,-5.137721,-8.20053,-9.46078,0.06945649,-0.8625069,-0.7828756,-0.14388956,-16.4794,-1.4716991,0.91967416,-3.0720901,0.74691874,-0.17570463,0.49362144,-0.007148293,-1.339169,-0.96214,-17.765636,3.5289588,0.096762516,-0.7621784,-0.84662974,0.305902,-0.9765677,-0.2318339,-1.2528466,-1.1326115,-3.8539786,-2.6782064,-0.32566565,-7.2856603,-0.5360225,-1.778333,-3.9459367,-1.161767,-1.1885731,-0.036462184,-1.138242,-5.829774,-0.6388674,-12.483541
4.304469,0.23915802,0.745688,1.0521712,0.24714385,3.5888722,-4.4030995,-5.224962,1.4315354,0.06815341,1.4804764,1.3957212,1.1148409,-8.916083,-0.98436004,0.24267143,0.28384054,0.21508497,0.67543674,0.10609147,4.1747,0.9461186,1.0022689,-10.512576,0.82575715,-0.16775392,0.8219036,0.15486443,0.013332128,0.10972582,0.06889485,-0.13769563,0.6083201,-6.7829413,1.8676186,0.77316886,-4.1082406,10.733986,-0.6842415,11.457532,0.38046315,1.5915027,0.60527277,5.4990983,2.4162915,0.030455958,21.07443
2.2729242,0.49524024,-0.5427164,0.76666284,-0.582507,-1.6237127,-5.021423,-3.0291595,4.3022413,-0.34001344,1.1585411,0.75124913,0.89711076,-8.616163,-1.2792803,0.8746482,-0.020956865,0.1274453,1.683686,-0.30289882,3.57513,0.92000496,-0.35075134,-10.312616,0.9428048,-0.30480522,0.2559747,-0.1340676,0.82742584,-0.6872461,-0.20291115,2.631305,2.584795,-6.2877765,1.8226101,-0.2104249,-3.8864558,7.6037617,3.9120677,9.486136,-1.2360513,0.7299006,0.35331252,5.588234,10.266141,0.26441056,20.43199
2.2935576,-0.06339324,0.4009371,1.1860423,-0.07984456,1.2277015,-4.479588,-4.3486476,3.8216383,-0.7712562,1.2493914,1.4234804,1.0782803,-10.477336,-1.1439953,0.1544056,-0.004143431,0.20215587,0.79105157,0.13628669,4.158663,0.75771093,0.57831824,-10.1392,1.6812137,-0.30779126,0.6959993,-0.10366296,-0.095445104,-0.6634702,0.5432963,-1.0471512,-0.8174684,-6.98389,2.0078797,-0.20904686,-2.3433223,11.532727,-1.0937313,10.784557,-0.10337086,1.1879191,0.45099318,6.407049,11.10123,0.17613825,19.753357
5.040137,-0.30033237,0.069111064,0.5016975,-0.27043763,1.0337584,-4.733502,-4.971614,1.2367209,-0.21586111,0.66908157,0.6993696,1.3358003,-8.624151,-4.6530046,0.89916945,0.03727423,0.22528629,-0.77899194,1.5554489,4.745805,1.3257729,0.18689895,-11.947673,-2.5782945,-0.21280052,0.2712683,-0.031011982,1.6891925,-0.69283736,0.48505834,3.2706323,8.985479,-3.0021377,2.0329826,0.03334982,-8.8165045,1.7213637,-1.2634187,11.440762,-0.24682418,1.782156,0.5562257,9.899406,9.78741,0.25107825,22.054441
0.9017013,-0.554857,-1.473361,0.47465673,0.15488279,-6.9379478,-10.729267,-5.153336,1.5419629,-2.9916906,0.34892312,0.5440776,-0.9665855,-4.310523,-7.1722884,-0.20748396,-0.13035606,-0.15944761,0.6295447,0.90057,1.5968244,0.8192702,-0.85405,-8.984692,-3.9889033,-0.9135007,-0.33153775,-0.0036092387,-0.93130094,0.59390914,0.019647477,0.017249055,-3.5349646,-6.503152,2.0674899,-1.728551,-4.9927278,5.108719,-0.762721,6.5008016,-0.723249,-1.0338306,0.08332698,4.356016,11.760525,0.07489953,15.399373
2.6128726,0.32372454,-1.4662174,1.0902009,-0.57248515,0.4664168,-5.5534635,-4.5375795,2.5177593,-0.47371522,1.4076566,2.4184594,1.7371674,-8.378503,-2.2688227,0.19604279,0.2013228,0.24981558,1.3498138,1.0581923,3.6454365,0.85460514,-0.1793283,-10.280857,-1.3279877,-0.30125755,0.47835025,-0.15421249,-0.13919649,-0.14840119,0.5584839,-0.7279681,-0.8709263,-5.5284457,2.0522738,-0.36900216,-0.54927474,12.662362,-1.0334392,10.304633,-0.03274684,-0.56883967,0.5346238,6.8568816,12.641412,0.22670737,18.9825
1.3782135,-0.17989059,-0.6293283,0.20369516,-1.2925837,3.203885,0.18693209,-7.695204,-3.5705764,-0.6069974,-0.55907506,-0.0075786463,2.370207,-14.5492,-1.7448246,0.477034,0.19457209,0.3882555,-0.06837942,0.12920125,-4.2611995,0.118329905,-1.5740186,-19.502348,-1.5048355,-0.09468949,-0.65730494,-0.06171443,-0.52461433,-0.4456203,0.24709609,-1.475989,-1.5196621,-1.9531207,-1.4132172,-0.59135354,-6.198668,-0.38878083,-0.7557513,-4.049105,-0.45307654,-1.2651503,-0.46755037,-2.2987955,-5.640373,-1.5896657,-14.172941
1.3889036,-0.17167419,-0.5253997,0.4671219,-1.2607459,3.1782742,0.24707212,-7.4999924,-3.7655141,-0.5156655,-0.57622576,-0.0098964535,2.325676,-14.554642,-1.7815019,0.44938496,0.19414838,0.41387013,-0.21553352,0.14696305,-4.1840005,-0.023615014,-1.6674889,-19.448349,-1.4932363,-0.033952784,-0.70404303,-0.054991335,-0.20717767,-0.5453165,-0.00870273,-1.5809606,-0.94710016,-2.875496,-1.6634672,-0.584158,-6.87795,-0.91777027,-0.6691537,-4.299126,-0.4691927,-1.1427833,-0.38255924,-2.2234397,-5.344757,-1.6175199,-15.103921
-1.8991247,-0.3310075,-3.5046723,-0.69416964,-0.36728543,-4.5738053,-6.1156387,-8.57797,-2.0223534,-0.751731,1.7457825,0.023296235,-1.1986488,-10.739038,-3.7733805,-0.53562194,0.36082238,-0.1479892,0.062302098,-0.3793239,3.0638351,0.44225582,0.58542603,-14.508303,-2.556713,-0.90991044,-0.099847615,0.17571492,-0.2625291,-0.14664958,-0.05777618,3.9196637,-2.573525,-3.9288836,0.85908633,-0.57321185,-1.9689579,0.26245627,-0.13209228,-2.3073602,-1.2947737,-4.593142,0.25996712,-1.1556553,-2.3666658,-0.2182757,-3.26583
-1.4039993,-0.24256389,-2.8717074,-0.4957619,-0.57239294,-3.7051415,-5.3526278,-8.423595,-4.9014864,-0.4371171,1.078775,0.91128606,1.180636,-12.052118,-3.295197,0.12579061,0.36528686,0.11418864,-0.05284952,-0.3029569,2.9931688,0.6278185,1.6153305,-14.684459,-2.4158077,-0.2780113,0.08664646,-0.045559287,-0.06584764,-0.48410037,0.39374405,1.0919037,-0.49966106,-2.6064436,0.87715995,-0.17079161,-2.689132,0.16169184,-0.5584069,-2.3911893,-0.5710481,-2.415495,0.17317063,-1.3907329,-2.4179697,-0.18299586,-2.1294253
1.6580155,-0.09198008,-2.2999485,-0.110369496,-0.7549586,-0.22963376,-3.1630468,-7.3404016,-7.2602377,0.13973372,1.0942085,0.8189417,1.5583361,-13.901057,-1.9786067,0.015421687,0.57984483,0.46674785,-0.07715186,0.13639413,1.5367315,0.81855685,2.5739055,-17.11208,-0.9941715,-0.12179199,-1.0949883,-0.09183866,0.037042517,-0.49968597,-0.025170092,-1.1027066,0.089033134,-1.5128942,0.7654183,1.0229248,-2.895811,-0.052388877,-0.7001281,-1.6597927,-0.16986185,-0.83484036,-0.12630507,-0.94132155,-2.2316108,-0.46382368,-12.444859
0.71320343,-0.14462006,-4.715177,-0.13669479,-0.65586966,0.22463168,-4.015668,-9.6431465,-4.8072433,0.68453646,1.1498142,0.7109005,0.9662842,-12.18317,-3.3216567,0.06508523,0.43044174,0.1166738,-0.05638017,-0.34193173,2.7734559,0.650892,1.3771698,-17.205395,-2.6211262,-0.2529367,-0.102211826,-0.053340323,-0.22914918,-0.49160948,0.342879,0.29244503,-1.2397362,-0.67385256,-0.118302085,0.9693573,-2.6921794,-0.33380833,-0.54319185,-2.83672,-0.5384151,-2.5563383,-0.016772792,-0.1941665,-1.4200888,-0.624414,-0.9017379
1.3623605,-0.14119233,-0.71813804,-0.02533703,-1.407184,-1.4326946,0.2672061,-7.629966,-6.0702024,0.28819928,1.1224154,0.76583904,2.409915,-14.809101,-1.9165684,-0.0442043,0.4926859,0.44880396,-0.032811202,0.14006056,0.90068877,1.252955,1.7697512,-16.784538,-0.9929789,-0.056865647,-0.94023645,-0.16088484,0.047119968,-0.47746074,-0.06941871,-1.1209594,0.11333068,-0.43900868,-0.17787808,0.38662592,-5.7457285,-0.11823807,-0.54248923,-2.0767937,-0.11027061,-0.9478573,-0.114502534,-1.062132,-3.5785987,-0.39085934,-11.41083
-10.869041,0.080423474,0.2720848,-1.6195731,-0.4742682,-19.947039,-18.503065,5.9261413,-1.5585809,-0.54582465,0.53681344,-1.6040182,-2.395285,13.571946,5.0701447,0.029087842,1.8893678,-0.48637247,-0.8280093,-2.202452,19.095373,-0.629341,2.23306,18.753283,-1.9761733,-1.8735101,-0.109972626,1.2037103,-2.2092533,3.420792,-0.83749825,3.541443,-2.2994623,-11.059428,-1.3124275,-3.3078585,11.863209,-0.5117818,-1.0935876,1.9678409,-1.6788809,5.878368,-3.2044098,1.0322134,6.599482,-0.1696941,11.307317
0.2414225,-0.09940531,-1.1063118,0.84238696,-0.25309032,-5.057496,-11.974074,3.466702,-0.9577199,-1.6074963,1.3376142,-0.9466842,-1.393988,-0.7776152,-1.1520921,-0.22637044,-1.0976822,0.11546687,-0.49429396,1.1483719,29.197584,0.20609176,-0.9076483,-6.7661757,-0.7390939,-0.57093585,-0.03788485,0.5445525,-0.4874859,-0.2642281,0.401836,-0.77445376,-1.203756,-4.1929665,1.687164,0.21945523,-4.229354,6.5763397,0.12691543,8.944476,0.24557532,-1.3101645,0.3984065,3.8880012,7.1751084,-0.06466896,2.7028885
-4.234782,-0.31942338,0.4691738,2.396412,0.07014378,-6.6625843,5.353869,4.791668,-0.04186316,-2.342939,0.29808992,-0.36560056,-1.0960742,26.35176,5.801974,-0.98258525,0.43358505,-0.08203969,-0.9950733,-0.77750343,18.683548,0.18364112,-5.0843506,28.507837,-5.6050553,-0.74803007,1.7185174,-0.17580856,-0.8670219,2.6672394,-1.4365367,-0.5497835,-1.133325,6.2073298,-1.6962504,-3.8399425,14.298866,0.01624958,3.5226755,5.480367,-1.2573287,-0.59024566,0.34414595,1.6836694,9.1124735,0.5398302,21.689003
-3.1953704,-0.34909382,0.3034586,0.19898821,-2.1203165,3.3979335,7.6919107,5.040208,-4.025424,-1.8161339,-1.8726311,-0.7495171,0.6610035,24.308899,1.6581354,-1.0397211,-1.4730588,-0.2996552,-4.5284004,-1.2505852,19.228123,-0.48502806,-5.6111155,25.60713,-4.3338523,-0.8611192,0.6754487,-0.11719882,-5.538155,-0.63499904,-1.0008546,-2.029293,-2.7043474,7.0318913,-4.3235974,1.4891334,15.174626,-0.5533438,3.2000942,4.4076905,-3.133438,-5.3902493,0.26956087,2.0576563,8.348397,0.42991632,17.962765
-3.4293256,-1.7532433,3.7947483,-1.5841773,-1.8045646,1.9498434,8.439005,4.7321234,-7.5929546,-2.0959764,0.49237508,0.27394864,1.3863599,28.503681,-4.247685,-0.11947627,-1.4242144,0.6491405,-3.7653258,-0.59575987,20.661633,0.73212767,-4.93335,31.80348,-4.4950237,-0.14255188,0.7054692,-0.27962065,-0.5870923,0.38597837,-0.76177776,-0.9773002,-2.2754395,8.848987,-2.0088003,-2.4774776,17.148914,-0.95649034,6.4372816,4.2996945,-2.1752825,-8.664615,-0.03183162,2.1487498,7.6952963,0.7560077,17.970385
-3.152124,-1.3914983,-1.9532311,-1.6597565,-0.66870505,2.9970312,12.181941,5.667451,-8.922403,-3.3710797,1.1171248,0.36348796,1.910749,22.925194,-6.9574394,-0.84533817,-1.3232459,-0.22519279,-3.284878,0.14841807,19.714075,0.7602332,-4.6781573,29.82803,-4.7500935,-0.56724447,0.36197913,-0.26015627,-0.8630554,-0.18704909,-0.13774781,-1.3755579,-2.0729144,8.338499,-3.332238,-2.2969306,15.372668,-0.7957923,7.1874294,4.4760036,-2.704042,-9.737716,-0.04707739,2.7462718,4.5220213,0.26913574,16.23307
2.054078,-0.00019427002,0.23077236,2.4680343,-0.4569919,7.1324596,3.3040435,-6.54852,-12.088805,-0.051440455,-2.1413038,0.07971187,3.345697,-18.212303,-1.1716521,0.47289336,0.07668726,0.44304663,0.028465461,1.4604872,-5.7759795,-0.1574539,-0.7920706,-19.72808,5.2642403,0.20347147,0.63241756,0.013532468,0.18041869,-1.0237868,-0.028279677,-0.053862035,1.5558041,6.08315,-0.30444315,0.14017612,-8.590782,-0.20849733,-1.0990283,-7.0692177,0.6077317,0.041159417,-1.2424725,-3.9220257,-9.370266,-1.1839597,-18.761257
2.0457273,0.06719109,0.38622054,2.6976116,-0.24488263,7.0386324,2.6909382,-5.5611906,-12.475907,-0.09964086,-2.149225,0.04983521,3.336809,-18.312487,-1.2813342,0.5525102,-1.452473,0.1455164,0.15669902,1.5093946,-5.8722377,-0.97007537,-0.68202853,-19.472569,5.1132936,0.17757225,1.0232998,-0.12685469,0.2298349,-1.0188466,-0.0356531,-0.05850795,1.4992386,6.498217,1.1754142,0.14477398,-8.326093,-0.49465027,-1.5320787,-7.219048,2.007272,-0.020910732,-1.2516726,-4.707532,-9.442353,-1.1330264,-18.81463
2.7519476,0.07291626,-0.035790615,6.1555476,0.5781326,20.290968,58.638584,-1.3968045,-6.3470607,1.3330411,0.7210891,0.39862943,6.5241055,-11.899352,-3.9967532,2.867323,-0.2330214,0.09061092,0.37564424,1.2245289,3.4643648,0.78060526,-2.858881,34.930832,0.41457674,-0.195056,-0.42739323,-1.7131301,0.42199677,-0.5160709,0.7153423,-2.5035193,6.5796375,-0.5840833,1.9321948,-4.610066,-9.243862,-2.0777373,6.6200414,8.514167,-1.2687967,7.020056,0.3040788,4.1743803,-1.0873654,0.024359066,9.893
8.113066,-0.28434736,-0.022049088,4.482571,1.2361225,22.577429,80.61499,-3.7217247,-1.4286183,0.31133127,0.8638701,-0.5915531,7.785619,-8.11067,-1.7435783,1.7779219,0.018286893,0.4436005,0.22287971,2.5773754,4.303488,-0.10649992,-0.40967166,30.720818,6.6110897,0.31194898,0.27874586,1.2179296,-0.07719171,-1.1473145,1.5893259,-0.0040935,6.8137636,20.100594,-1.3531219,2.281677,-5.3289704,0.14099541,2.8282514,24.459723,-0.75786453,6.8869166,-1.6335484,6.6934686,-1.4499689,-0.8930261,5.7454705
-1.3661033,-0.6658194,3.1530786,-0.8939352,1.6310718,-4.9601398,-7.412895,33.7909,29.224018,-0.7341595,1.0499837,-0.8126255,8.039844,41.16452,18.776464,-4.617684,0.9150611,-0.72580117,-0.010696887,-9.195273,18.251005,-2.328522,-0.1926071,50.576054,-4.957617,-0.022774557,1.6257766,-2.585444,-0.69083816,7.3500323,-0.14716673,2.4973814,-2.8218381,1.802243,-0.51043934,0.43352294,18.735348,0.7886117,15.445178,18.447296,-0.40930498,3.648586,-0.074537635,0.16986276,8.42208,0.10183277,20.860197
-0.26014295,-3.9882956,-1.4475864,-0.75820357,1.0596191,-3.2721343,-10.1339655,22.170837,34.12863,0.47843072,1.0623341,-0.8755127,4.0704637,37.888138,12.979078,2.298799,2.9709651,-0.37151393,-0.5684783,2.611232,18.861658,6.0637507,9.8505745,49.229183,3.4764054,-0.54270685,0.111286215,0.14749736,-0.70887506,2.6234443,-0.42491198,5.352241,-1.1154145,1.0458455,4.2371774,-1.5170228,20.495552,1.925298,14.018668,1.1957772,-0.03546569,-5.189264,1.0603236,0.91584784,7.1343656,-0.4578911,22.904848
-3.4221056,-1.0366266,1.128483,-0.11961819,-0.3468233,-6.0037894,-14.704816,1.1872336,-2.69709,-0.9063313,0.89750105,-1.4620907,1.9397095,31.239384,5.574193,0.80539113,1.1399533,-0.581234,-0.58424145,-1.1394123,14.199622,-3.5044286,-2.9975123,34.281055,-1.357772,-0.36131603,0.23936093,0.21733233,-0.7533475,-0.6244991,0.30637226,-0.74207354,-1.5910351,-7.4126673,1.333462,0.69060373,15.35132,1.5708218,8.397305,2.3362336,-3.6129143,0.7558995,-0.21769468,1.3662633,7.4369454,0.16371413,15.207611
-2.2821443,-0.15492204,0.5913336,-0.36680526,-0.14239544,-8.167975,-15.00351,2.5180514,-0.013093633,-0.8157372,0.5933973,-0.8002621,2.0918586,33.18423,6.5755997,2.4851916,1.4808587,-0.74344635,-0.42130035,0.21059778,20.314707,-2.755994,-2.3929427,36.68375,-1.2025113,-0.35072178,0.2300456,-0.34035352,-0.4544959,-0.23499276,0.26956972,-0.6105405,-1.331711,-7.8016267,-0.072177604,-1.3186197,16.912714,1.5743161,17.351902,1.8233092,-0.07443133,5.334483,-1.6250696,1.1220322,6.797282,0.30532372,15.881267
-5.6226687,-0.8241511,1.7181973,-0.6308923,-0.20233008,-12.989901,-14.086101,9.112441,1.077566,-0.4707635,0.63005286,-1.3523949,0.17711876,33.70652,11.24878,0.27528486,2.9132466,-0.96517503,-0.58285236,-0.89659816,18.517445,-3.6107483,-1.5424715,34.243786,-0.97899,-0.8461405,-0.25037533,-0.108107865,-1.2347181,0.7209132,-0.89316195,-0.038451694,-1.817905,-14.796323,-0.9366016,-0.6710743,9.916396,1.4896008,6.325005,5.868505,-5.0395145,3.4822996,-0.9056225,0.68000793,8.180669,-0.2510746,12.77241
-3.745239,-0.23709582,0.40147027,-0.08726928,-0.76089966,-13.75027,-15.036014,4.7205176,0.8536238,-0.63162315,0.8092814,-1.3463539,-2.0968628,30.673035,5.3173256,-0.3959913,1.185537,-0.71103144,-0.5706326,-0.008754003,20.137823,-0.7677608,-2.9296143,32.186672,-0.41186592,-0.5043135,0.11558774,-0.051206596,-0.11343066,-0.5115634,0.19953275,-0.818847,-1.1726521,-6.397225,0.47524977,-3.9319422,13.043183,1.4256407,-0.23881395,8.541352,-1.4886227,2.7646801,-1.5599309,1.3884598,6.1425614,0.114173174,15.769298
2.528374,-0.22056796,-0.33931664,1.1787947,-0.23230319,-6.0100746,-13.470174,0.10688547,-3.7106955,-1.3751605,0.5533233,-1.1504511,-1.8225453,27.3024,6.270536,2.8391635,1.2920268,-0.7937294,-0.6710425,0.75552905,20.946695,-0.47997263,-3.1050236,33.602547,1.5742742,-0.34454313,0.13421153,-0.114086494,-0.2371958,-1.6538607,0.24856998,-1.6420991,-1.4239559,-7.227388,1.5633218,-0.69059956,16.53166,0.79450786,1.110117,7.563731,-1.5362757,-0.5056685,-0.93765795,1.3189222,8.615184,0.2821358,17.03338
-3.0584545,0.38578126,0.74369854,1.6313833,-0.11066939,-9.625312,-17.746582,4.0923586,-2.8831658,-0.8589919,0.7036926,-0.59171283,-1.304927,27.70326,4.614104,0.84166056,0.44774374,-0.3003817,0.15790689,-0.1715717,1.4114534,-0.16095947,-3.0143878,32.982212,4.7406077,-0.28619477,0.14013988,-0.11241971,-0.9089493,-1.1490443,-0.48981744,-1.1057876,-0.97049886,-4.256136,2.0415866,-1.6454916,16.671984,0.8485037,1.4220049,3.3473098,-1.6205263,0.032129783,-1.8275082,2.356913,11.455225,0.22152832,25.476477
-6.197729,0.29805398,0.52445877,-0.7705186,0.6813226,-11.866609,-12.991818,3.4743433,0.19802745,-0.71476007,0.21933289,-1.415847,-1.8183185,31.727379,7.6216555,1.3218392,1.4119097,-0.5651528,-0.5621691,0.23824558,19.244081,-0.7658358,-3.5514262,30.69484,-2.3290768,-0.39619446,-0.5342323,-1.3146574,-1.4043396,-1.1435003,-0.47585702,-0.7413418,-1.1810193,-8.296897,-0.18261938,-4.823469,14.865194,1.6455368,0.3073309,15.486913,-2.4007921,4.186242,-1.2375197,-0.19773506,10.097773,-0.044214863,14.103651
2.7148268,-1.1072277,0.9293689,-0.069080144,-0.6499247,-10.8265915,-12.542388,2.3636127,0.82856697,-1.1878381,0.8247552,-1.8075223,-1.8221594,30.949453,3.8648636,-6.0091524,1.1506867,-0.8890413,-0.4921296,0.98595506,16.456848,-0.3762034,-3.8882837,35.478794,-5.089422,-0.62783504,0.021162799,-1.6517305,-0.9093445,-2.9330053,0.24816258,-1.3604237,-1.0732267,-4.451243,0.015981723,-2.2325733,15.055423,1.904376,0.7397592,9.945077,-2.3422778,5.1628075,0.48827282,0.9630562,6.791706,0.02249177,14.199176
2.099704,-0.21624805,0.24145442,0.6681752,-1.1282094,4.9605813,1.2087883,-6.900907,-9.693961,-0.9643751,-0.7173199,0.01163004,3.6849084,-16.790972,-1.4420241,1.1639469,0.041332424,0.5546376,-0.13455725,0.047863822,-3.6531973,0.42258906,-1.4150906,-19.352905,5.865346,0.20156293,-0.14140707,-0.035915077,0.042808,-0.677056,-0.074824885,-0.28118777,1.9113743,1.6226571,-0.27745476,0.014116599,-7.205173,-0.3454963,-0.7066063,-4.0437226,-0.18168572,-0.6576388,-0.36027205,-3.1842752,-9.795058,-1.1391395,-17.315342
1.0516005,-0.25597426,-0.31309623,0.25436452,-1.0069457,3.530799,-0.747685,-7.297714,-6.343823,-0.86316323,-0.30076668,-0.07870743,2.1892972,-12.928666,-2.003476,0.02567097,0.20342,0.33239135,0.017189687,-0.3860251,-0.263786,0.88058573,-1.7418689,-19.312063,2.0875163,0.08226142,-0.5574592,-0.062007215,-0.007965702,-0.30050912,0.21477711,-0.7762664,2.3786128,-1.2925608,-0.68929154,0.026920278,-7.225371,-0.17183185,-1.0267255,-3.9067307,-0.46545509,-0.95591784,-0.49012318,-2.0701997,-7.7870326,-1.397133,-14.145001
1.8603657,-0.2813367,0.61961365,0.6734283,-0.57445556,3.785863,-1.6605178,-3.9356565,-6.8932524,0.82726127,-0.42331076,0.18331859,2.726989,-11.395391,-1.7446841,3.271201,0.19881248,0.9327551,0.20880257,0.5360316,2.0348196,-0.38804415,0.7358466,-14.221401,1.268781,0.368513,0.13648172,0.042746775,-0.09391287,-0.41240242,-0.16876793,-1.1922133,-0.9601502,-1.1049011,-0.7956391,-0.2260151,-0.7542018,-0.042290874,-0.530939,-1.684004,1.6529375,-1.1533183,-0.21434525,-2.710195,-3.846556,-0.84461606,-11.788984
1.7677654,-0.2930394,0.43483925,0.52173877,-0.5566495,4.2069693,-2.0406473,-3.0262845,-7.109918,1.022871,-0.53456414,0.24676889,1.464485,-11.453441,-1.9889847,2.8862438,0.21035811,0.88088024,-0.3696171,0.67334795,0.20124544,-0.54017085,0.86061215,-16.596819,3.2036645,0.4541728,1.48378,0.06911145,-0.06477718,-0.3422122,-0.09191706,-1.605457,-0.83959824,-1.8396828,-1.360718,-0.022221375,-1.7099371,0.05617708,-0.6578752,-2.7714386,1.450963,-1.1474038,-0.23154597,-2.4937742,-2.1775386,-0.77275896,-13.100703
1.6599352,-0.36913335,1.0260104,0.02898731,-0.74750817,3.2493823,-1.6183003,-6.148949,-7.1027355,0.98281485,-1.3185389,0.62441224,4.913482,-8.647152,-1.9101593,1.6462253,-0.11734067,0.9947061,-0.37080455,-0.045058914,2.3405147,-0.4809704,0.7825704,-14.154441,0.9410524,0.2893225,0.72429615,-0.08690904,0.22229749,-0.82370394,-0.36245742,-1.6736807,-1.2621479,-0.44876817,-1.0137559,-0.46984583,-2.2174187,0.035201468,-0.8190062,-2.7975435,6.2882333,-1.3191516,-0.37285385,-2.286439,-2.5190349,-1.0695865,-11.031362
1.8531857,-0.2535947,0.9664519,0.46556392,-0.80165267,4.1308794,-1.332248,-2.6011977,-6.991352,1.4323696,-0.1738186,0.043835048,1.7374288,-11.964631,-1.7515047,3.4723167,0.10549582,1.3171232,-0.00033462074,1.4175386,-2.4039633,-0.1925992,1.0010779,-15.933516,1.3427198,0.46997416,1.2724881,0.1364218,0.43585202,-0.53828406,-0.14455388,-0.9616363,-1.277373,-0.24230419,-0.17920974,-0.3391687,-0.48094684,-0.12506306,-0.8919104,-2.5681007,1.6321049,-1.3961185,-0.10949077,-1.9208761,-2.2837386,-0.83384395,-11.675035
1.7359538,-0.3218544,1.9826425,0.4743073,-0.80981874,4.15681,-2.1248128,-4.4160056,-7.2387085,0.78381735,-0.25312832,0.14912605,3.766348,-11.808852,-1.7943046,2.9868019,0.31776017,0.7029493,0.13186021,1.3459221,1.8347074,-0.6127279,0.18761796,-15.826718,-0.037297554,0.35407135,1.6794707,0.012782643,0.07583732,-0.45682403,-0.12361548,-1.5893254,-1.1704407,-1.0907733,-0.86674625,-0.04302687,-0.32555097,0.040323317,-0.71226126,-2.1551983,-0.54807585,-1.2262087,-0.15187338,-2.0971556,-2.791099,-0.83265245,-12.108483
1.9156451,-0.2729514,0.3955716,0.1222644,-0.54770464,3.8597233,-1.3989568,-4.516291,-6.969791,0.62981766,-0.47721905,0.6089145,1.8779467,-11.82588,-1.6797203,2.2036743,0.076949894,1.2149346,0.4804811,0.21705379,-2.449626,-0.5676449,0.69500405,-15.169924,-0.5021127,0.3478682,2.2369094,0.058250636,0.42803952,-0.40847343,-0.5580871,-1.3703018,-1.411422,-1.4901104,-0.61622614,-0.27592218,-2.2748637,0.081229106,-0.67083526,-1.6128346,7.3188334,-1.3808148,-0.081812024,-1.8515236,-1.9986522,-0.8240762,-11.6062765
1.7540394,-0.25878355,1.0538441,0.05138514,-0.8540953,3.9176977,-0.033158917,-3.7502978,-6.9427805,-0.025319641,-0.714622,0.41860923,3.3044546,-13.497484,-1.7651312,1.1550437,0.07444425,1.3738687,0.46366498,1.3826367,-3.6752183,-0.22053564,-0.35762116,-17.982204,0.35748878,0.59816873,2.7606926,0.12447339,0.6708339,-0.58056253,-0.06646117,-1.2692606,-0.37812662,-1.2379966,-0.52013737,-0.2090971,-1.1205093,-0.38213488,-0.76276416,-2.9579709,5.7513146,-1.303786,-0.061072294,-1.4228914,-3.133333,-1.3141243,-12.665311
1.793781,-0.24268189,1.1205518,0.100659676,-0.8366827,4.6618834,-1.7028146,-5.8136883,-9.57045,0.658035,-0.64190024,0.42174304,1.3471997,-11.325806,-1.5898277,1.5449417,0.045867898,1.0557873,-0.34971032,0.13659038,-2.8111901,-0.62070084,-1.8959908,-16.874512,-0.18762721,0.23928218,1.952509,-0.029329725,0.10434719,-0.3957683,-0.2468955,-1.4558555,-0.7758113,-1.4959137,-0.120561145,-0.5867191,8.63571,0.10219703,-1.2334973,-2.4430666,2.120098,-1.2662537,-0.38767564,-4.7973833,-2.687306,-2.1182294,-11.097284
1.8768514,-0.042880945,0.4372571,0.14820513,-0.6081846,-0.88695997,-6.8517985,-8.8408165,-9.727506,-1.1031628,-0.43008816,0.18994083,0.41495788,-11.991335,-1.3936759,0.763662,0.13091746,0.21001801,-0.39261466,0.07177108,-0.60710067,-0.54259163,-2.2707126,-18.250929,-1.2405001,-0.06622446,2.327245,0.028175617,-0.72558975,-0.4568289,0.49431863,-1.1708385,-1.5521623,-4.0411077,-1.1373048,0.38900042,11.261383,-0.40500644,-0.35866565,-1.6825594,-1.0226154,-1.0578465,-0.12722592,2.811577,-0.77092904,-3.3189929,-10.684121
1.9752122,1.2142221,2.068679,0.24328157,-1.2218279,4.448633,-0.39126503,-6.656236,-6.048323,-0.30460778,-0.16221875,0.8100944,3.472851,-13.16876,-1.5404745,1.3595421,0.18069972,1.4831723,0.23847646,0.67490345,1.7890536,-0.250196,-1.9149907,-18.160976,-0.8895069,1.762905,2.8635275,-0.0031569304,0.4167359,-0.16710463,0.16478124,-1.845557,-0.68798643,-2.136521,-0.16866232,-0.18512428,0.80197114,0.095757514,-0.17057501,-0.99210066,2.5496473,-1.052063,0.10836467,-1.9223592,-1.5459069,-0.023535699,-14.548096
0.88655764,-0.2186643,-0.05392975,0.12754408,-1.0404433,3.4744794,-0.6202666,-7.436735,-6.3085866,-0.8004233,-0.4412522,-0.12934679,2.8956528,-12.821591,-1.8287183,0.07672,0.18192914,0.2730559,0.058028627,-0.5572019,-1.9136096,0.8546444,-1.7186363,-18.987293,3.6846783,0.21918395,-0.5418071,-0.047012467,-0.049826674,-0.4501751,0.24278836,-0.81186366,2.1866193,-1.5275877,-0.6227128,-0.10642874,-7.090488,-0.15112415,-1.0815146,-3.825965,-0.40872076,-1.2901803,-0.5337085,-2.400747,-7.512045,-1.1117897,-15.044237
1.0287546,-0.228066,-0.3129972,0.08181874,-0.99543875,3.5225315,-0.82313573,-7.271868,-6.3544683,-0.8195243,-0.4690065,-0.102222905,2.305618,-12.685195,-1.9948316,0.045720655,0.17941068,0.33165443,0.040064394,-0.4093127,-0.2892191,0.8650642,-1.7347461,-18.898525,1.9530377,0.02766228,-0.5269057,-0.0590856,-0.063155785,-0.2587433,0.20567389,-0.8355287,2.1370506,-1.3371401,-0.5911607,-0.281976,-7.267405,-0.21001966,-1.1144084,-3.9058185,-0.3824326,-1.365267,-0.56711215,-2.0654604,-7.4856343,-1.1816227,-13.458245
1.9921622,-0.22540966,0.26573095,0.67190945,-1.1234108,4.882797,1.1652374,-6.8879123,-9.675102,-1.0216557,-0.7177105,0.008264899,3.688144,-16.795807,-1.4459752,1.1611402,0.052017078,0.5547589,-0.1290102,0.05489108,-3.6917763,0.4212739,-1.421687,-19.365564,5.7131763,0.18886277,-0.15311903,-0.05637814,-0.073262855,-0.68197864,-0.07479867,-0.26894298,1.9100478,1.6199168,-0.35019928,0.010939923,-7.1985674,-0.34465057,-0.71085197,-4.0572248,-0.17936765,-0.5076102,-0.36558324,-3.1857822,-9.790987,-1.1392162,-16.75073
0.8055048,-0.14920942,0.3434862,0.66868085,-1.243876,4.6509953,1.176904,-6.9753885,-10.415756,-0.9608697,-0.9373862,0.07863026,3.7273338,-16.744768,-1.6623063,1.1428931,0.042199787,0.5918617,-0.14043702,0.03055708,-3.789803,0.4842962,-1.3261483,-19.25925,4.9946413,0.2235313,-0.15998036,-0.045483794,0.3638023,-0.918505,-0.16998641,0.21870443,2.004663,1.7436144,-0.36819535,0.025582792,-7.1025877,-0.38837323,-0.75311863,-3.9119945,-0.1250442,-0.14134948,-0.36928678,-3.536565,-8.250628,-1.1423452,-16.329933
2.028615,-0.23093973,0.26750356,0.6715645,-1.070147,4.8961606,1.178036,-7.0587683,-10.322004,-0.98111886,-0.71499157,0.008391714,3.732079,-16.788382,-1.4357691,1.1574541,0.050936494,0.6076372,-0.13373457,0.050340373,-3.7132475,0.50859934,-1.3085066,-19.298689,5.440073,0.1971137,-0.14445874,-0.05782772,0.48185545,-0.79071283,-0.0740037,-0.34594008,1.88729,1.6739973,-0.3566334,-0.006459509,-7.1577682,-0.33323887,-0.6898636,-4.0491886,-0.50649786,-0.24535488,-0.35579234,-3.2270877,-9.784795,-1.140668,-16.70348
1.1759509,-0.30709872,0.2571651,0.5001836,-1.0549511,4.471297,0.08590049,-7.3019876,-7.728909,-0.67036164,-0.69137084,-0.019372944,2.8326359,-11.951893,-1.643793,0.076177396,0.011338243,0.63271505,0.059752636,-0.22168009,-3.482286,0.48575187,-1.3241961,-18.486973,4.796621,0.29202288,-0.36847833,-0.004903497,0.29575434,-1.5028967,-0.2323819,-0.78808045,2.1262546,-0.5496927,-0.42339194,-0.18490875,-7.328196,-0.331103,-1.1759634,-4.2167687,-0.18732314,-0.62294716,-0.23477246,-2.9186423,-7.9428444,-1.0458084,-16.875658
1.953723,-0.283532,0.12860923,0.5523682,-1.0836655,4.4504757,0.49387002,-6.7400217,-8.64852,-0.841618,-0.64112407,0.035450183,4.007936,-14.810416,-1.4503098,0.3867345,0.044685837,0.5879097,0.16174816,-0.13567913,-3.1979113,0.48557937,-1.338104,-19.041765,5.3728867,0.22720282,-0.3204891,0.014297598,0.23223749,-1.484603,-0.15024877,-0.14410566,2.122559,0.8005635,-0.4607066,-0.10449053,-7.608504,-0.27674899,-0.95231366,-4.4944525,-0.22756699,-1.2537695,-0.42000908,-3.0311258,-9.063916,-1.4942492,-16.846783
2.0998611,-0.15899226,0.41997468,1.3001543,-1.0589008,4.7530665,2.879951,-6.7623334,-9.442783,-0.9690937,-0.7951161,0.01814193,3.7172024,-15.976291,-1.4883106,1.1986178,0.10953322,0.57906157,-0.1331834,0.12471501,-4.6074424,0.49288207,-1.2888173,-19.341736,5.6755447,0.18393523,-0.10640429,-0.11289697,0.025989838,-1.4190013,0.061650723,-0.32366917,1.9292256,1.6648164,-0.3271162,0.07073559,-8.881543,-0.37786862,-0.86697304,-4.6329026,-0.09532894,-0.64429426,-0.4191301,-3.1378155,-9.708904,-1.1270908,-17.394426
1.1623336,-0.23345701,0.3807608,1.5234587,-1.2023922,5.0377502,1.7832593,-6.8860736,-9.318921,-0.75812185,-0.91070306,0.026503194,3.8170035,-16.39553,-1.8572711,0.40871596,0.039235897,0.56048477,0.0034440074,0.07140312,-4.6585436,0.5557034,-1.2589505,-19.163012,4.8750677,0.22264111,-0.33042467,0.019925782,0.32967168,-0.9277863,-0.102893114,0.15723482,2.4808764,0.82208073,-0.3719477,-0.21532872,-7.4806905,-0.39139926,-0.9132234,-3.9938657,-0.3204909,-0.6664091,-0.37237105,-4.0405226,-7.288496,-1.0349802,-17.179317
2.12951,-0.18747294,0.26578456,0.6632376,-1.0926914,4.8544383,0.9320542,-6.9812584,-9.453434,-0.93483126,-0.9058638,0.00725232,3.9820073,-15.175866,-1.4041607,1.1740357,0.044099715,0.5966234,-0.13631997,0.031901028,-3.6040797,0.5207896,-1.3912195,-19.270666,5.644687,0.16937567,-0.1624029,-0.20686352,0.42047974,-1.438092,0.052084155,0.13789865,1.9129109,5.773405,-0.3740747,0.050143763,-7.20979,-0.3420195,-0.7449252,-8.726181,-0.47312889,-0.6185218,-0.4461901,-3.8014088,-9.959032,-1.1385938,-17.258741
2.289397,0.06254049,-1.1342729,0.41572288,-0.52381563,2.588129,-3.355718,-7.737179,-7.3208175,-0.55920994,-0.50958216,0.30684543,0.75941527,-12.889053,-1.5215018,-0.0159318,0.27731556,0.5882161,0.09709466,-0.3798025,-0.63090587,0.8867023,-2.0237439,-17.192415,5.512494,0.20991483,-0.32523015,-0.10067204,-0.31040168,-0.33086854,0.52279866,0.651611,2.8261251,-2.1889582,-0.621402,-0.12624234,-7.374017,-0.29490703,-0.97140515,-4.3714423,-0.5005173,-1.0173941,-0.32913417,-2.499479,-9.53313,-0.8024848,-14.590338
-5.0072722,-0.19790885,-1.8428149,-2.7430277,-0.8206517,-13.019262,-21.149149,3.4316776,-4.7186556,-1.6200168,0.2997262,-2.611703,-4.459871,15.889813,-1.006837,-0.26581794,-2.3653357,-1.0706642,-0.20630234,-0.57214075,23.252949,-0.92057836,-0.3785986,-9.167453,-2.3093667,-1.1640912,-0.16684331,-0.3315902,-0.24549729,-1.5844219,-0.5925887,-0.13987814,-1.430744,8.172667,1.3122826,-2.5903285,-3.1737604,-0.09022016,-2.2333395,3.3150215,-2.350615,-0.510423,-1.0102106,2.9162126,5.646061,0.08421799,8.012714
-7.0057654,-0.4519294,-1.3637455,-2.883899,-1.194795,-9.073838,-20.768784,4.17611,-2.4621656,-1.4384218,0.22932889,-5.1011095,-4.2100286,18.947775,1.2335378,-1.8008888,-4.0480027,-0.88059074,-1.3235698,-1.1461927,22.159184,-0.64195544,-1.2978278,-10.826049,-2.8384764,-1.1632775,-0.50522196,-0.4366449,-0.4738734,-1.5255554,0.3199804,0.25293005,-1.9288028,-2.3862727,0.4901546,-2.083664,10.956551,-0.36900076,-3.6632168,0.26862887,-2.194978,0.7391987,-0.7303404,-0.25367212,5.743597,-0.12032417,10.802393
-6.1359,0.07421726,0.68877554,-1.5588614,-1.4542168,-11.882963,-22.144829,37.98077,2.9696352,-1.9625571,0.49554196,-1.3362454,0.5313457,31.397041,5.18433,-1.4144071,3.7248204,-0.67749625,-0.45282054,-2.374221,20.147663,-1.9243132,0.9238065,39.11064,-5.4524145,-0.9873306,0.020157892,-0.5166613,-0.35164106,-10.634616,-0.5424807,-0.22971088,-1.9532878,-1.3001344,-0.036862373,-2.4723291,10.721079,-1.9506,0.09709106,0.47422856,-1.9325323,2.1589222,0.5403876,-0.45982933,4.899687,-0.11842936,15.20497
-1.486643,-0.59987855,-2.3397799,-1.698669,-1.4130253,-11.214674,-22.757257,38.212517,0.27015796,-2.1242502,0.46344566,-1.6134843,0.4561651,32.571125,3.3138158,-2.2920005,2.6132092,-1.2045262,-0.6043413,-1.837422,19.876804,-1.1056077,0.45591852,39.18651,-7.5125537,-0.964741,-0.12733199,-0.845941,-0.48163575,-3.769007,-0.37985274,-0.37785542,-1.5854539,-3.1126757,-0.13853016,-2.0998237,12.561234,-2.1665404,0.085604794,1.6731608,-2.155042,-1.0054147,0.27067915,-2.5898523,6.6005383,-0.07497583,17.109106
1.9062134,-0.3570445,-4.0313234,-0.15972587,-0.122047044,10.403598,1.2514408,7.1919746,-3.438783,-2.2891598,0.95822835,-1.46288,-1.4869882,26.86075,1.9588155,-0.0861545,-1.129415,-0.16637813,0.30863795,-1.9866819,-0.10168803,-1.240861,-5.4009213,24.071983,-2.3269024,-1.0904258,0.14396743,-0.14358826,-0.5564014,-0.5152783,0.1406265,-4.3477516,-2.4932957,3.564781,2.0000973,-2.4762063,18.271498,-0.43128198,0.28804684,2.271997,-2.6782005,-2.716419,0.34927326,2.9692168,10.46785,0.17802924,22.710121
-7.0469456,0.39683256,1.4537926,-1.8237932,-1.3148791,-16.64088,-16.27984,14.123941,2.2388067,-0.7266849,0.6844411,-1.3131545,0.44299182,33.91322,4.644557,-0.9945064,2.9126577,-0.67500985,-0.59971285,-0.7941536,20.219007,1.7111468,1.3428181,32.069828,-4.5705733,-1.1125274,-0.0014623114,-0.29969156,-0.31715503,-0.32157385,0.10651722,1.6782522,-1.0008407,-5.919626,-0.09694723,-3.59527,14.719342,-0.035742644,-0.41159853,7.6211634,-1.5432489,2.7969527,-1.4525807,0.91748697,4.8510227,-0.17253065,13.999253
2.0824163,0.0105635505,-2.0582182,2.8961256,0.86420983,7.3274994,-1.5741354,8.587021,-4.982288,-2.5335524,0.9283916,-0.9319401,-1.2128239,27.25113,1.8131934,0.5356437,-1.039314,-0.12977043,0.3784176,-1.8061655,1.3531797,-1.0225475,-5.581221,29.678768,-2.3825078,-0.92690015,0.16628145,-0.016167441,-0.35574824,0.25754136,-0.18960543,-3.777819,-2.267814,3.9078085,2.421101,-0.9829432,18.90048,-0.28424945,-3.0553606,2.4116611,-2.3480074,-2.8204272,-0.5145002,2.485972,10.48406,0.13679919,21.388557
2.115846,-0.25767297,0.15837826,0.47781134,-1.0997165,4.689419,0.98235995,-7.005678,-9.152302,-0.76050866,-0.9022438,0.005633068,3.7107348,-15.782741,-1.4419564,0.5517151,0.0026400131,0.5775329,-0.14260039,0.024567429,-3.310803,0.46813017,-1.2124426,-18.97475,5.4483743,0.23593277,-0.3230165,0.046183053,0.2229899,-0.80493104,-0.18172531,0.15554345,2.1849132,0.87576115,-0.5601335,-0.30439958,-7.227038,-0.32408488,-1.1414807,-3.9549315,-0.20502855,-0.762099,-0.39190617,-3.4581165,-9.354748,-1.0689923,-17.269312
1.113983,-0.36358824,0.2947276,0.5049697,-1.0565584,4.470859,0.14417593,-7.292986,-7.305191,-0.74231905,-0.7126201,0.09254769,2.8237588,-12.868836,-1.6227722,0.112942934,0.017869327,0.63310564,0.04789367,-0.2422157,-3.3176634,0.48161045,-1.2558545,-18.533827,4.188256,0.24895214,-0.38797185,-0.0078053167,0.32678038,-0.82447493,0.22115327,-0.5961861,2.217261,-0.54050165,-0.39226383,-0.19802994,-7.113829,-0.35279483,-1.1811537,-4.060514,-0.23439711,-1.4608017,-0.36994967,-2.9930353,-7.8419685,-1.0806873,-16.679035
1.9947841,-0.2257838,0.267356,0.67517245,-1.1233245,4.8829527,1.1925979,-6.8886642,-9.694209,-1.0226791,-0.7186269,0.008035662,3.6864586,-16.793335,-1.4413712,1.1598961,0.050889425,0.5541988,-0.12952965,0.05144133,-3.7104108,0.41645557,-1.4313619,-19.353445,5.7315726,0.19183522,-0.15316886,-0.058221076,-0.073528245,-0.6827194,-0.074778825,-0.3015353,1.9063404,1.6293501,-0.31320494,0.0062644435,-7.2055793,-0.34432882,-0.7091383,-4.0562615,-0.1785349,-0.51826704,-0.36086395,-3.1862342,-9.794571,-1.1392848,-16.78635
-1.3234133,-0.81521446,-2.2605274,-3.398176,-0.15663217,5.017717,-3.1903987,3.0453732,-4.6782193,-0.701576,0.87621033,-1.3147947,-1.5279442,15.50328,2.1988833,0.7485939,1.9525229,-0.22318079,0.3830046,-1.5407698,19.33591,-1.896416,-4.470856,29.35619,-2.7688966,-0.58142465,-0.049178608,-0.20161435,-1.3274583,-0.16039437,-0.518579,-1.397131,-0.8154291,9.20509,1.0046653,2.3459866,16.56964,-0.9069336,-1.5014884,5.592399,-4.210134,-3.2380087,0.86203724,2.8662114,6.5791855,-0.13018309,15.7390995
-1.3701775,-0.6837181,-2.3949726,-2.8527207,0.09386691,5.129588,-3.9653642,2.1917415,-4.9928694,-1.0997167,0.75440365,-1.3716617,-1.7371998,13.0632,5.128724,0.25812358,2.0217028,-0.07381489,0.25552204,-1.6414496,18.23209,-1.6101404,-4.4350233,28.661476,-2.7213447,-0.85630375,-0.11077133,-0.2234978,-1.0975558,-0.04470381,-0.38773024,-0.40136543,-0.8484473,8.926652,1.08645,-0.44206935,16.728119,-1.1396134,1.9258934,6.574121,-4.329321,-3.2650998,0.9693374,2.4861395,8.559043,-0.20764709,15.238522
3.987438,-0.66160715,-3.2897797,1.2324241,-0.33859938,13.812094,3.7721152,5.46871,-5.0750623,-2.6716378,0.3334162,-1.689331,0.30527076,16.983963,-5.0053816,1.4429145,-2.0323985,0.12229187,0.54995805,-1.9670645,0.91139156,-1.5293245,-5.3932133,25.92019,-1.860298,-0.84413564,0.18157434,-0.10445452,-1.5229589,-0.6672166,-0.692162,-4.2338614,-2.220457,10.126442,2.4531493,4.5399995,17.387953,-1.7558161,-0.98132396,5.4046516,-3.4814584,-2.8261201,0.30967012,3.364711,7.617013,0.07683863,18.6655
-1.3618097,-0.89369166,-2.7189717,0.3600791,0.104216345,6.3387985,-1.6576183,6.305636,-6.3080673,-0.89907116,0.92944616,-1.5947752,-1.7164621,21.588852,2.029429,0.555057,-1.238213,-0.14047547,0.2798235,-2.4039705,-0.7973163,-1.7026404,-5.435871,31.570967,-2.4447463,-0.7427164,0.38590795,-0.063697025,-1.1443634,-0.3791821,-0.63826644,-1.5881284,-3.4170184,9.080027,1.7624532,2.287999,16.680742,-1.1543369,-0.3693053,4.916614,-4.828503,-3.0897934,0.5603331,3.6913805,9.148364,0.11458767,23.89974
1.7032595,-0.18430683,-1.9481182,-0.31646138,-0.07134398,8.196807,-2.1174877,7.16747,-6.704271,-1.6730938,0.8371542,-0.9404565,-1.6769532,22.02314,1.0939579,0.50317204,-1.6219906,0.18929514,0.37633663,-1.0405881,-7.567528,-0.6057144,-4.6150537,27.402264,-2.2282808,-0.9494066,0.054132808,-0.14972919,-1.0438844,0.23449828,0.33869725,-2.346771,-3.4104269,9.201117,2.667272,-0.31080976,17.082531,-0.19618624,-1.0797771,7.4836397,-4.469856,-2.486728,0.659483,4.564005,10.072208,0.04284708,21.456087
3.3075645,-0.38512495,-2.2499955,-0.49721375,-0.50800955,12.711431,1.9380953,0.4464138,-7.410369,-2.2774954,0.92626876,-1.4368496,-0.40645373,19.13315,-1.5953369,-6.936463,-1.3388388,0.12455539,-0.098537944,-1.2404797,-6.9082975,-0.26227486,-5.1744447,27.780622,-1.1110247,-0.8488906,0.22616199,-0.046991404,0.40463576,0.979302,0.30547667,-3.6322474,-3.4323494,10.691591,2.043714,1.2787031,17.065552,-0.54395694,0.637904,7.076672,-0.3665002,-2.3067725,0.43237236,4.2907033,9.419155,0.300239,16.07424
1.2413964,-0.27235013,-1.6446909,0.9725312,-1.1704606,15.506046,8.308904,-0.07030368,-4.510717,0.15750742,0.63354564,-0.11193867,-0.0043444503,-2.4641256,-2.9635642,-7.915207,-0.084138475,0.5041738,1.2596103,-2.5335345,-0.6325663,0.2824962,-6.5364366,-9.358455,13.659298,-0.63114375,0.3790134,-0.14095154,0.042693563,-0.30517977,0.051826205,-2.9412296,-1.230701,16.272137,0.6861732,0.08909247,17.321718,-0.4692358,-2.0071778,16.76176,1.1638026,-2.8334465,-0.5260375,6.3826413,11.698233,0.22738653,31.324057
2.4227362,-0.5676827,-2.956447,-1.1756364,0.0026569928,6.293516,-12.367311,0.5356542,-7.018457,-0.20944086,0.6441899,-0.9265223,-1.4359187,14.552097,-6.9455113,2.2055354,-1.4864899,-0.30387777,-1.1533754,-1.6023695,-7.1159096,-1.451249,-3.1655614,32.882668,-2.0824938,-0.7064469,-0.4270942,-0.17688413,-0.4682457,0.27586973,-0.08862817,-3.344625,-3.4688287,13.340162,3.4486125,2.7007034,15.55919,-1.8445951,-2.3909645,6.0546923,-3.9757764,-2.6910388,0.53695226,3.325808,6.950779,0.42766127,17.065226
3.3726237,-0.101029016,-1.5426786,-0.15116192,-0.51325786,-8.8859005,-17.839382,3.1561506,-5.049542,-1.7692852,0.779896,-1.2335466,-2.3819466,6.0543036,5.0850797,-0.17031538,0.06973591,0.075726315,0.6691125,-1.8853122,0.4792059,-1.5929356,-1.1520512,27.310392,-2.3423429,-1.1002641,-0.11473235,-0.29698247,-0.97357816,1.1744211,-1.1003258,-2.916538,-1.1705769,12.490273,1.8462279,0.13653325,16.908089,-0.106342286,-0.022089245,7.476236,-0.31833494,-1.5443908,0.69725114,2.912254,9.0020275,0.030048335,19.954327
-3.9679906,-2.3911412,0.542884,1.0241803,-0.20099087,20.07657,-4.074497,-6.9414964,0.64098775,-0.45734677,0.5235115,0.09049038,3.1637707,-12.908759,-3.4883373,-2.334466,-0.80538154,0.39041921,-2.8885815,1.9165174,-0.81965005,0.0906808,-2.0137768,-8.071869,23.22868,-0.11554551,0.321998,-0.08641015,1.8540336,-1.494899,-0.40224737,-3.27211,-2.9114852,17.149118,-1.169162,0.8617045,14.324894,-0.6722945,4.242517,18.093973,-2.5647364,-2.5829148,-0.81341577,8.64297,12.49735,0.23852023,31.273634
1.190756,-0.235806,0.02276364,0.5258467,-0.96123254,4.415001,1.4820868,-8.637189,-8.246542,-0.7646863,-0.39323574,0.03566305,3.4362686,-17.108181,-2.0619752,1.0208845,-0.0015388285,0.606504,-0.19658463,0.31747156,-3.5692585,0.34956723,-1.2655692,-18.945496,4.9946427,0.25406444,-0.22408505,0.0003716676,-0.8115935,-0.2170984,0.1790201,-0.5128548,2.082559,0.87001085,-0.57618517,0.1533432,-7.006171,-0.44129872,-0.8724406,-4.197399,2.3769913,-1.2322195,-0.3747278,-3.3902671,-7.7586684,-1.1343186,-17.352129
0.8779086,-0.1840274,-0.16030973,0.35531104,-1.1504155,3.5332599,0.3012862,-7.343709,-6.7395663,-0.73527724,-0.334676,0.1907352,2.9089267,-14.27456,-1.6174085,0.080116116,0.05694833,0.56383437,-0.40753677,-0.4436603,-2.7669115,0.47438833,-1.5277731,-18.916153,4.350026,0.1879744,-0.31354356,-0.13702172,-0.651075,0.017760416,-0.034241743,-0.79613787,1.7654551,-0.5963287,-0.5619701,-0.27440673,-6.1193967,-0.28681043,-1.0638317,-3.563416,-0.40756267,-1.0138195,-0.39868686,-2.2300875,-7.529832,-1.050246,-15.845807
1.1204768,-0.2486392,-0.005115563,0.5332627,-1.0852072,4.1811504,0.73575455,-7.3996515,-7.755393,-0.953069,-0.5136679,0.2418708,2.9676962,-14.658591,-1.6146357,0.35355845,0.053843565,0.5974093,0.17238887,0.36127827,-3.1512337,0.9501645,-1.6748075,-19.102646,5.3877234,-0.20786746,-0.33628398,-0.23345497,-0.60666186,0.042035434,-0.005048199,-0.8377433,1.9246949,-0.5167904,-0.42689547,-0.11011196,-6.676884,-0.3421674,-0.9257536,-3.8364594,-0.26873723,-1.2923795,-0.35043633,-2.3043134,-8.165162,-1.0566506,-16.986393
1.1968683,-0.17411599,0.18038365,0.54944384,-1.0239365,3.7081225,0.47798288,-7.3623147,-6.627097,-0.7720385,-0.41866985,0.2902908,2.8556361,-14.146602,-1.9092025,0.18745497,-0.052427668,0.05299583,0.008003277,-0.6372867,-3.3184466,0.9085947,-1.7260699,-18.923008,5.0749717,0.33565578,-0.5895245,-0.31422696,-0.6071148,0.048343807,-0.061979115,-1.6938915,1.9265634,-0.6358664,-0.75852084,-0.44861296,-6.5284185,-0.23348297,-1.1337484,-3.8988223,-0.25000468,-1.1313505,-0.36901864,-1.8806753,-7.767805,-1.0916348,-15.3645735
1.0486894,-0.23463626,0.040396824,0.5845702,-0.75176615,3.8954403,-0.3461254,-7.3742485,-7.564105,-0.60731125,-0.21278216,0.16086859,3.0840101,-13.341985,-1.6945295,0.21824206,0.008769099,0.5364466,0.108051084,0.065149784,-3.0214589,0.4140007,-1.5695187,-19.194086,5.0974474,0.31632718,-0.3482187,-0.06022753,-0.36519307,-0.25359485,0.16169164,-0.96263623,2.1769788,-0.4780728,-0.5094873,0.102298945,-7.3511705,-0.39545923,-0.6341382,-3.9185262,-0.28473267,-1.4145291,-0.5267476,-2.2291884,-7.87386,-1.1416814,-17.627188
1.0264158,-0.05583716,-0.18028295,0.10857927,-0.7606631,3.1318986,-3.1299267,-7.4964166,-6.7618437,-1.0439887,-0.5900425,0.04650779,2.741926,-13.104824,-1.850858,-0.028418304,0.21654841,0.19055416,-0.21915478,-0.5281883,-2.2629747,0.77009565,-1.7617956,-18.700527,3.8144393,0.14722574,-0.54544604,-0.30145413,-0.18321252,-0.1870543,0.053550143,-0.49214643,1.8691418,-1.6514478,-0.805026,-0.5608071,-6.3055177,-0.19211899,-1.0684054,-2.7429142,-0.49644893,-0.968942,-0.42492127,-0.3495472,-6.064545,-0.8805725,-15.482508
1.9686245,-0.27709258,0.30307892,3.3754063,-0.48218566,7.412412,4.166348,-7.052202,-9.510259,-0.7921604,-1.0287606,0.09086154,3.7766528,-18.274574,-1.4152079,1.1531779,0.06309575,0.66782516,-0.21124434,0.2967269,-5.641785,0.24265479,-1.2674699,-18.439262,5.5314484,0.31710893,-0.37798184,-0.023222286,-0.23064238,-0.252336,-0.09876382,-0.4412953,1.9298296,1.3549507,0.0818914,-0.2933254,-9.239509,-0.335299,-0.975543,-5.3793144,-0.08871569,-0.39689803,-0.3100365,-1.2805932,-9.021131,-1.1823298,-17.994656
0.8690694,-0.17135671,0.47227013,0.4800808,-1.0294935,4.6385,-0.0112823155,-7.285377,-7.441194,-1.0397619,-0.52677953,0.3555054,4.04583,-16.28847,-1.7143769,0.14128579,0.07097556,0.51546985,-0.2112669,-0.649705,-3.3803847,0.66153973,-1.5400279,-18.932417,4.723212,0.56153715,-0.61489815,-0.017253485,-0.11854781,-0.4513721,0.2209748,-0.3104687,2.5415409,1.4685954,-0.687637,-0.05626662,-7.4235687,-0.36673158,-1.0369321,-4.5084624,-0.30568025,-0.4653516,-0.5181308,-2.3519673,-8.51681,-1.0457712,-16.675781
0.58941805,-0.45375726,-0.8743457,3.752822,-1.2990881,6.3457804,-0.75665057,-7.240859,-9.585321,-1.3733534,-0.3801201,-0.047338042,3.552886,-14.3781,-1.9019147,-0.118264206,-0.05715739,0.3506685,0.115044296,-0.6810605,-0.8951846,0.13448733,-1.9425496,-19.19233,4.1570153,0.049019627,-0.41583836,-0.16044147,-0.06542299,-1.0158832,-0.53205216,-0.538714,1.6471934,-1.0638763,-0.96757,0.0335625,-7.7213445,-0.3440797,-1.3689065,1.3106395,-0.4949709,-0.6924322,-0.57943475,-5.1229362,-7.6490216,-1.2698809,-14.829334
-7.8780236,-0.2567537,-0.53997207,-0.24886416,-0.37956253,-0.02137071,-2.5049155,-10.629136,-4.8781676,-0.46740347,-0.7495174,0.25990957,0.5753968,-11.660069,-3.3746133,-0.22422025,-1.8375332,0.14158201,-0.59859043,-0.72818696,1.5143607,-0.14508842,-3.5573957,19.548805,-0.9963767,-0.22163647,0.013312648,-0.9497418,-10.215288,-0.18693516,-0.044278227,-2.006941,1.6272795,-1.6961896,-2.1641896,-1.7810581,-7.524076,-0.57075906,1.5156845,-5.109499,-2.0533268,-4.3090024,-6.609423,-3.3421829,-4.9711237,-0.26076773,-3.5049295
2.042755,0.06717879,0.38597214,2.6874578,-0.24574046,7.0431943,2.7377553,-5.561012,-12.530847,-0.10080616,-2.145974,0.049102012,3.3375382,-18.32311,-1.2813342,0.57157004,-1.4373897,0.13511863,0.15522851,1.5063313,-5.872105,-0.9862526,-0.68202853,-19.47386,5.1132936,0.17475481,1.0232998,-0.12697235,0.21622734,-1.0178885,-0.038058378,-0.05850795,1.5021954,6.495449,1.2255365,0.14194657,-8.326421,-0.4948795,-1.5324073,-7.2188396,2.0045056,-0.02405361,-1.293901,-4.700247,-9.442529,-1.1325402,-18.81463
2.023489,-0.07592614,0.26497808,1.7450998,-1.1735947,5.6381884,2.7364872,-6.6294694,-10.086884,-0.37323838,-1.7564156,0.085375935,3.3182292,-16.87909,-1.3075378,1.0910506,0.056282416,0.49300215,-0.08053898,0.69217056,-5.0115685,-0.14408576,-1.2231935,-19.576399,5.3130274,0.22204754,0.50971884,-0.06233398,-0.3071325,-0.7547965,-0.12787601,-0.39438817,1.6754677,5.1568274,-0.37092313,0.18448381,-8.316645,-0.392233,-0.90499955,-7.0890183,-0.1398464,-0.8524476,-0.46357596,-3.8659694,-9.269726,-1.166193,-16.442808
-2.2312763,-0.23906575,-1.2175695,-0.5779142,-0.5920496,-4.3359,-3.0291436,-6.8436856,-0.6684668,-0.9293682,0.71426755,1.302932,2.080146,-11.288949,-0.69137114,0.618249,0.5255688,0.14901356,1.104137,-0.51151806,2.3728063,0.7777994,1.5671121,-14.483238,-0.7685227,0.13089629,0.24091828,-0.21087499,-0.57576066,1.2582989,0.6495253,4.3996134,-1.2430364,-8.961198,1.087658,1.274802,-5.0673594,-0.8754078,-0.28278124,8.936392,-0.5619644,-2.317462,0.2038884,-1.2130489,-2.3798687,0.08512159,-2.2691605
-2.5425475,-0.7163395,-1.6335335,-0.47118455,0.17326698,-4.5409727,-3.4138515,-6.6085668,1.5517867,-0.9882967,0.636173,0.6525534,1.7315617,-10.998245,-1.0982871,1.2656641,0.20784384,0.14636004,1.0320282,-0.18664458,2.926367,0.55843514,1.2495565,-14.870996,-1.1607783,0.13438065,0.13612391,-0.18822311,-0.6233812,0.5979926,-0.13694344,2.3257363,-1.1239952,-4.1537,1.5887972,1.4632496,-5.3060675,-0.698634,-1.1435342,9.475389,-0.61173993,-1.2455279,0.016495505,-0.65993476,-0.8139113,0.07659725,-2.0188355
-2.2723942,-0.34743395,-1.4584852,-0.38619953,-0.65158135,-1.3475938,-3.2785792,-7.8972783,-0.31031013,-1.0646284,0.9861319,1.0515084,1.5322932,-10.566152,-1.0379361,0.5189213,0.18433754,0.15607917,0.83396417,-0.47584754,2.745931,0.5948875,0.78986573,-18.136723,-0.6375178,-0.024498202,-0.10053434,-0.25106418,-0.5581098,0.4679345,-0.028227253,2.3650532,-0.6809373,-4.3218503,0.8211483,1.8050395,-4.5632734,-0.5722437,-0.26457053,9.048562,-0.6155746,-1.3439087,0.10519734,0.20976403,-2.1026425,0.13197191,-1.4689517
-2.2947345,-0.10796899,-1.4049639,-0.2398612,-0.694555,-1.3443261,-3.5524528,-6.243608,1.5036428,-1.0729109,0.65422255,0.98301274,0.6743724,-13.469435,-0.9481539,1.1515672,0.15605459,0.9654613,0.3994303,-0.30843264,2.378991,0.30042666,0.97237366,-17.786861,-0.5398737,-0.18192208,0.016236622,-0.3430375,-0.4923069,0.37004668,0.12385874,2.0784168,-0.6826274,-4.0531597,0.5730315,1.5402664,-4.495429,-0.6845243,-0.110199936,8.679044,-0.58733565,-1.3447411,0.2391578,-1.0639582,-0.6488717,-0.10932832,-1.9438797
-1.9879572,-0.41154307,-1.3664789,-0.60921526,-0.6479435,-1.5658648,-3.1286495,-7.523586,0.91676545,-0.9044017,1.0315964,0.5671681,0.48915398,-14.250677,-0.38737205,1.1203842,0.054477368,0.9394306,0.5183012,-0.06828692,2.4430914,0.19626744,1.1593264,-17.039827,0.87618864,-0.0138175255,-1.2460747,-0.0715097,-0.4351445,0.18708351,-0.09718719,1.6829484,-0.9493983,-4.1956515,0.60637003,1.4386314,-4.553315,-0.10256667,-0.059594095,8.723575,-0.573149,-1.0915078,0.22218256,-0.9741213,-0.24996011,-0.11285022,-2.8533657
-1.9307307,-0.48441404,-1.3653045,0.1562552,-0.53280985,-3.924501,-4.422494,-4.359752,1.1377963,-1.1011916,0.8844775,0.18684739,0.5626755,-13.675121,-1.2942165,1.2099975,-0.033714853,0.8184952,-0.008445766,0.28507057,1.3808037,-0.08081727,1.5074528,-14.409606,0.28350392,-0.08085791,0.01918409,-0.278126,-0.4557497,0.18259762,0.019370412,4.4102936,-1.1093829,-4.41142,1.4412731,1.3082718,-1.7419376,-0.56873906,-0.52031887,9.797947,-0.19184981,-1.8575583,0.13279733,0.3160033,-0.9690302,-0.15154105,-10.262152
-0.9472792,-0.43222547,-1.1987212,-0.5455025,-0.6882833,-1.2405704,-8.477603,-9.735335,0.005378293,-0.9162095,0.9248666,0.8002536,-1.7223755,-11.475138,-0.98665756,1.4675294,0.14597128,0.38632637,0.53059405,0.4155459,-0.31535074,-0.097436145,0.17200667,-18.563913,3.2783775,-0.12448053,0.021155482,-0.070491396,-0.27216688,0.5801735,0.3276357,4.5696845,-1.3928398,-3.5323255,1.4924207,1.6960477,7.3052783,-0.57705885,-0.4804358,11.3398075,-0.34917837,-1.543598,0.12032779,-1.2593642,-2.5372865,-0.096788526,-10.309095
-1.0772053,-0.05515025,-1.3371102,0.3346315,-0.5891715,-1.7784187,-8.8073845,-7.793917,-2.1555603,-0.43251753,-0.7619616,0.30529174,1.9481128,-14.119098,-0.11871505,0.2386368,0.46281767,-0.19919552,-0.74767905,1.658372,0.037289493,0.20609428,-2.9739387,-18.439276,2.73278,-0.24023502,-0.12947074,-0.13965021,-0.1890606,0.79871356,0.2571737,1.8096133,-1.3188679,-4.4049644,1.5322887,2.1666875,7.20726,-0.843791,-0.37014952,10.217978,-0.4032963,-1.0169562,0.25691038,-0.8443175,-4.9324374,-3.078623,-10.371176
-0.5762967,-0.17781171,-1.2299466,-0.32589808,-0.6829282,-4.584732,-9.543993,-5.601904,-5.03974,-0.47178635,-1.0186433,0.751711,3.3695548,-15.341547,-0.5188308,0.41877806,0.42486963,1.0051123,-0.54447085,1.5881562,-1.9226131,-0.885234,1.6158504,-13.63303,5.3600097,1.1921319,-0.07031035,0.46671486,-0.51677334,0.04809062,0.38162595,1.0812179,-0.88216084,-4.662465,1.6651878,2.1360204,11.067291,-0.42566267,-0.0077227727,8.973103,-0.28524363,-1.0100406,0.7696814,1.5878966,-3.283216,-3.1221461,-11.8741
1.119951,-0.046626106,-0.93956685,0.42107445,-1.2749792,3.9684923,0.52869606,-7.004257,-7.4183555,0.6937079,-0.41175228,0.37176934,2.7337947,-15.830279,-1.6637473,0.9589984,0.40425727,0.6359016,0.39907584,0.24087293,-2.4589574,-0.8525033,-1.6305555,-18.96185,-1.344727,0.034936264,-0.48421845,-0.022272527,-0.09988717,-0.5103865,-0.18846782,-1.9005058,-1.4758476,-4.0193596,-0.59546316,-0.2286947,-3.8120463,-0.77208644,-1.1162095,-3.287784,-0.34677118,-0.9922426,-0.08817425,-2.1322262,-6.250652,-1.1027133,-15.05104
1.0640984,-0.018920656,-0.7030799,0.1623905,-1.2810421,4.102208,0.4821981,-7.038176,-7.3800373,0.633593,-0.5896726,0.39727393,2.8591523,-15.6038885,-1.6499232,0.9573301,0.37978962,0.61552244,0.10341372,0.24204676,-2.8140018,-0.8035485,-1.6111201,-18.910421,-1.4569904,0.07189378,-0.43329746,-0.02777999,-0.027208824,-0.40126827,-0.18697405,-1.8055462,-1.1962327,-4.1020646,-0.019498821,-0.23650865,-3.6758423,-0.6444112,-1.0654715,-1.8124735,-0.34224257,-0.7978389,-0.102994926,-2.588354,-6.190829,-0.98230803,-16.374123
0.48524833,-0.15063338,-4.0190153,-0.11204743,-0.8508363,2.9369855,-2.3677511,-7.7762837,-4.8957224,0.23361675,-0.20542316,0.55625546,1.3016202,-13.937881,-1.9193976,0.2358959,0.46740022,0.6276926,-0.011405318,-0.22990243,0.2545797,0.07411635,-1.6449771,-17.560884,-1.7444974,-0.18472172,-1.3951815,-0.07854153,-0.194216,-0.5240618,0.35251296,-1.3660942,-1.2816999,-5.5000553,-0.65165776,-0.5571498,-2.7162504,-0.7236119,-0.93390656,-3.4596138,-0.35229424,-0.8936549,-0.16470352,-2.4258802,-3.7423105,-1.2780347,-12.736103
-1.0911409,-0.29495096,-1.0104661,0.014506766,-1.3072314,1.1992788,0.54599243,-7.5707636,-7.344426,0.8290322,-0.5819719,0.36293045,1.8331897,-15.94426,-1.7002796,0.9249672,0.28107947,0.5998617,0.09525477,0.2790085,-2.9606373,-0.8222854,-1.7698934,-14.912373,-1.4086335,0.0977144,-1.4468113,0.0077021057,-0.13625592,-0.43171284,0.23799023,-1.5741408,-1.6559522,-4.250324,-0.53586704,-0.1066151,-3.3052812,-0.80932057,-1.054618,-1.7588387,-0.3545074,-1.0090913,-0.6140942,-1.4170591,-5.4943523,-0.84542966,-12.694379
1.0650651,0.00515351,-0.760115,0.16010211,-1.2836858,3.113096,0.30642113,-6.838136,-7.6431212,0.7439672,-0.59276956,0.43599933,2.8263628,-15.823258,-1.5781729,0.9443426,0.34012416,0.6314196,0.0045534633,0.23923227,-3.1400595,-0.81059504,-1.4718786,-18.971268,-1.6085836,0.057315525,-0.4172027,-0.07729102,-0.06758356,-0.53656346,0.22795464,-1.621788,-0.88245714,-4.1302004,-0.63701946,-0.2300138,-3.7427828,-0.6341124,-1.145409,-0.2395911,-0.3609813,-1.0677406,-0.103683375,-2.6072161,-6.204068,-1.1548586,-15.006981
1.1481818,-0.13009432,0.014111412,0.2050197,-1.2012343,3.870177,0.089766845,-7.4000278,-7.359324,-0.647672,-0.9420668,0.04616941,2.7971828,-13.920547,-1.6569105,-0.050380018,0.052357864,0.6417837,0.02454276,-0.3197998,-2.8629444,0.7509944,-1.4885451,-18.60418,4.279267,0.22714628,-0.34528545,-0.032527443,0.24948227,-0.9116177,-0.12994646,0.32450128,2.40151,-0.5932814,-0.48120728,-0.20541538,-6.9170527,-0.29051158,-1.1083982,-3.9991815,-0.3685733,-1.3083158,-0.42205557,-2.804596,-7.885069,-1.0683887,-15.811045
0.8318277,-0.18503389,-0.3287306,0.17270593,-1.1019089,3.0713012,-0.20573485,-7.656479,-6.529795,-0.7385037,-0.45290855,0.017986048,2.831808,-12.747701,-1.7991462,0.07308772,0.08981424,0.63474715,0.08236782,-0.6157925,-2.6630375,0.90179104,-1.6169204,-18.7782,3.5103173,0.2575824,-0.2755855,-0.07260679,0.32368734,-0.5213951,0.01128573,-0.83575773,2.0973175,-1.5682669,-0.5133897,0.108523324,-7.1935477,-0.34742904,-1.216553,-4.040814,-0.4144635,-1.368534,-0.6139612,-2.451497,-7.7454495,-1.0330418,-13.930365
2.1048992,-0.1936998,0.283276,1.2643985,-1.0683998,5.123489,3.1839972,-6.7299323,-10.850421,-0.2485057,-1.5277058,0.06575293,3.4382281,-17.925344,-1.4317442,1.3122053,0.12050512,0.6218105,0.1333771,0.35609144,-4.9900975,0.5284262,-1.2501804,-18.968601,5.182912,0.23180586,0.6216266,0.009063004,0.19471513,-0.88303554,-0.18255687,0.021372017,2.040873,2.016196,-0.20378451,0.05687445,-8.375162,-0.38129574,-0.8731887,-4.159335,-0.33269188,-0.4210989,-0.37966833,-3.5783432,-10.325469,-1.0732926,-16.631565
1.0298237,-0.3123021,0.29634622,0.45443293,-1.0649682,5.051617,1.7821269,-6.9311604,-9.462061,-0.7683301,-0.8578306,0.015448593,2.681103,-13.209641,-1.6580944,0.3833962,0.07659151,0.62363756,-0.025474807,0.1763502,-4.4634395,0.4686616,-1.2898804,-18.692139,4.6880136,0.23516232,-0.3168307,0.03717686,0.30008274,-0.9286106,-0.12847827,0.103337534,2.356915,-0.5745865,-0.5419855,-0.34847215,-7.1817136,-0.2963951,-0.93083155,-4.144535,-0.5637541,-0.6720894,-0.37138698,-3.3856792,-7.3652453,-1.0578455,-17.269354
2.0218627,-0.17100589,0.49381202,1.3896353,-1.206309,4.752216,0.3869445,-6.797656,-10.208372,-1.0428866,-0.7178163,-0.00033175256,3.7226524,-15.26053,-1.441768,1.1342874,0.047019072,0.5811096,-0.12073524,0.026175618,-3.815242,0.6505023,-1.3754436,-19.158283,5.5477996,0.1960666,-0.2177411,-0.16334845,0.29915276,-1.4624043,-0.1060202,-0.33620745,1.972226,0.90365934,-0.2216645,0.33510956,-7.7009764,-0.37036964,-1.2094384,-3.9412503,-0.19462599,-0.12174659,-0.43817687,-3.1193676,-9.95646,-1.1195205,-16.89007
0.78522736,-0.21340913,0.54005235,1.2141461,-1.1078209,4.0726123,0.11690597,-7.1806054,-7.327678,-0.7689897,-0.8863804,0.035079584,2.8187413,-14.455408,-1.7987295,0.052225217,-0.03482105,0.55289626,-0.014255032,-0.5308268,-3.2576108,0.92900956,-1.5996194,-18.865606,4.616658,0.23694007,-0.28118446,-0.00065895723,-0.15006305,-0.7499153,-0.15910923,0.3515644,2.2882226,-0.5036513,-0.4937438,-0.038053744,-7.354846,-0.30595976,-0.86113167,-3.9519708,-0.37030035,-1.3684564,-0.44374242,-2.7475593,-8.002255,-1.0943042,-15.467151
1.2113485,-0.3567221,-0.4156656,0.8083851,-1.1666965,4.4317155,4.9036217,-8.724983,-6.9279304,-1.209472,-0.41551995,-0.1576495,2.7796006,-14.3815,-1.8386322,0.01382547,0.6745183,0.28565374,-0.045269214,-0.61416537,0.47290993,0.7870163,-1.5454197,-18.976309,3.0485275,-0.13958599,-0.6026266,-0.18301925,0.00982792,-0.9284455,-0.5042212,-1.0287791,1.8886386,-2.303945,-0.78856915,-0.1331845,-8.10051,-0.18867047,-0.9450971,-4.7834406,-0.4922699,-1.421638,-0.48216343,-3.0237505,-5.5262294,-1.5437983,-14.601265
2.099704,-0.21603484,0.24145442,0.6681752,-1.1299309,4.9605813,1.2087883,-6.9001546,-9.693961,-0.96445185,-0.7173332,0.00998597,3.6848173,-16.790972,-1.4422697,1.1639469,0.041332424,0.5549669,-0.13455725,0.047342848,-3.653035,0.42258906,-1.4151555,-19.353636,5.865346,0.20156293,-0.14132841,-0.035915077,0.038881794,-0.677056,-0.07432914,-0.28118777,1.9109919,1.6201212,-0.32050234,0.014006056,-7.205173,-0.34787852,-0.70662385,-4.04374,-0.18168572,-0.65936863,-0.36027205,-3.184326,-9.794571,-1.1390367,-17.315702
1.7948475,-0.31908664,-0.17896909,0.72347575,-1.6613008,4.1087685,2.6892972,-6.4990306,-7.571772,-1.3394709,-1.279904,0.12915136,2.4861665,-3.3869681,-1.8601747,-0.21027032,-0.3089555,0.6982516,0.055693354,-0.5267818,-4.9795566,0.465444,-1.8754147,-18.378517,-0.5091184,0.19757594,-0.47601578,-0.048771154,-0.035289668,-4.342834,-0.25395623,-0.8333231,1.6674446,-1.1924323,-0.8941498,0.3375259,-9.417753,-0.19765452,-0.8399769,-4.717953,-0.12641463,-0.25582933,-0.5831576,-3.2142603,-5.0411854,-1.097679,-14.80941
2.1419396,-0.17786439,0.21988308,0.29794505,-1.2314595,5.19744,3.426123,-8.142411,-10.482146,-0.91214293,-1.4925711,0.067247726,3.453585,-17.406387,-1.4289783,1.1033311,0.0802172,0.6143643,-0.07667914,1.4364202,-4.1456757,0.07128304,-0.6725583,-19.401213,5.507395,0.06332521,-0.30815193,-0.037642334,0.21235159,-0.83922285,-0.09555893,-0.14391637,1.8151239,1.8454021,-0.19459276,-0.03791851,-7.841288,-0.31861424,-1.0311807,-4.5160384,0.12519838,-0.42099157,-0.5372225,-3.3393369,-8.751635,-1.3145647,-16.603838
1.2234137,-0.26017767,0.22257389,0.3477283,-0.9593286,4.939917,2.9129703,-6.702669,-9.250745,-1.0127478,-1.5710841,0.09751232,3.1982882,-17.386963,-1.6408749,0.77858824,-0.059041653,0.63059485,-0.45212555,0.52088165,-4.53811,0.34236,-0.92858493,-18.790602,4.33447,0.23943499,0.50048625,0.050055716,0.2401128,-0.51625043,-0.014035684,-0.051056705,1.971624,1.8786824,-0.22239122,-0.5403395,-7.9942284,-0.3192789,-0.9459342,-4.18117,-0.21496841,-0.44419956,-0.52116317,-3.0692368,-7.818518,-1.0232414,-17.252182
1.0648013,-0.29542473,0.19034395,0.35764652,-1.2095852,4.7544427,1.94351,-6.8675222,-8.658554,-0.86558336,-1.448016,0.17849739,3.6117196,-16.816582,-1.5826951,0.0030527373,0.1167579,0.5693027,0.09920775,-0.25735897,-4.966783,0.44104764,-1.3997784,-18.880785,4.0079107,0.2665738,0.16003679,-0.04789831,0.19843969,-0.7089762,-0.05064866,0.0044210544,1.8423651,1.7423364,-0.3025448,-0.045018915,-7.0580816,-0.37314665,-1.058162,-3.4872985,-0.27995887,-0.532685,-0.40360704,-2.99843,-7.6819887,-1.1346022,-16.150919
1.31445,-0.29174474,0.3143573,0.48524967,-0.880693,4.233727,0.37649673,-6.609736,-7.506374,-0.82030237,-0.8576045,0.13971598,1.6731796,-13.481827,-1.9321127,0.29928908,0.043599553,0.64684236,-0.28464094,-0.22703719,-3.2875361,0.34984863,-1.6304494,-18.429781,1.9225639,-0.007266359,-0.27550188,-0.08446703,0.10379042,-0.7807044,-0.054264497,0.35703543,2.0964713,-0.44634363,-0.34910375,-0.091538355,-6.952369,-0.3937853,-0.9733429,-3.2979305,-0.25909278,-1.3156251,-0.3491147,-3.3243604,-7.459308,-1.058877,-14.803229
2.0006292,-0.22262591,0.28176457,0.55362916,-1.242975,4.348082,1.0515754,-8.7995825,-7.132534,-0.8957998,-0.67171437,0.04996481,3.8794434,-15.63761,-1.6467181,-0.24114995,0.03474875,0.3417125,0.005305878,-0.4123416,-3.3313172,0.82036155,-1.6020871,-18.699284,4.406344,0.12462525,-0.28708544,-0.017343132,0.041396685,-0.4073842,-0.21546088,-0.0052896077,2.0232959,0.7683586,-0.51229584,-0.10480272,-7.093729,-0.32369298,-0.7516224,-3.9105394,-0.27812815,-0.48509488,-0.4179304,-2.9369457,-9.27529,-1.0809726,-15.931674
2.2984574,-0.31343365,0.20886466,0.49262977,-1.1197579,4.0713634,1.0624765,-8.677516,-7.9806194,0.8534218,-0.8599132,0.1931629,2.623084,-14.606453,-1.7695206,0.022172824,-0.06619813,0.7283297,-0.13258946,1.2557148,-3.7313898,0.42386726,-2.3658848,-18.370626,3.9290318,0.05959186,-0.5715568,-0.020642625,0.18562128,-0.93123585,0.1546917,-0.6544607,1.9006523,-0.6652943,-0.5355903,0.24712355,-6.771022,-0.35031223,-0.92719436,-4.1432805,2.3169384,-0.85861915,-0.47081125,-3.003312,-9.213284,-1.0997756,-16.139982
2.0039642,-0.31187302,0.35087067,0.43257788,-0.97072065,4.703469,1.0011718,-7.073049,-9.075895,-0.8907765,-0.846384,0.021504354,3.9866426,-16.444674,-1.4535812,0.053101614,0.008209645,0.61759067,-0.02908726,-0.60800856,-3.416827,0.40442762,-1.2747412,-19.581297,5.3176265,-0.073760524,-0.3020172,-0.023182666,0.44987312,-0.77394253,-0.22116776,-0.40754935,2.0754545,1.8002342,-0.3587917,-0.07790941,-7.4231853,-0.3277747,-1.0573485,-3.917228,-0.27993265,-0.15074869,-0.23270597,-3.2343254,-9.26695,-1.0551057,-16.238491
2.064167,-0.1136581,-0.23484337,1.179844,-1.0938721,5.5759964,0.104128614,-7.8197947,-16.065224,-0.088679485,-2.7778733,-0.41487825,2.6498723,-17.193224,-0.86442167,1.1286256,-0.0440618,0.5469396,0.14804758,1.4813982,-4.0885086,0.14412929,-1.3026215,-19.349894,6.80732,-0.44179344,0.37739342,0.0016797263,0.15843254,-1.0736947,-0.18030502,-0.30601376,1.976905,0.30749977,-0.45884496,0.23329349,-6.849253,-0.48140228,-0.87919015,8.715632,-0.37786695,-0.31652257,-0.5225196,-4.984649,-10.043108,-1.2415009,-17.663357
2.2817974,-0.2686681,0.5328559,1.7613324,-0.21170406,3.5222123,-4.1353197,-6.9528875,-8.333347,-0.691609,-1.5120034,0.3109241,0.15664558,-16.571898,-1.2058542,0.5787531,0.0015218209,0.4344682,0.01907787,-0.66709816,-3.1274738,0.8902384,-1.746865,-19.605026,5.6143975,0.06271084,-0.35846853,-0.13882679,0.04611077,-1.2225049,0.2823487,-0.16828041,2.083489,6.5197005,-0.32624435,0.29158503,-7.769346,-0.43306133,-0.7167161,-4.8446817,-0.8543165,-1.2735362,-0.7985698,-3.797882,-8.402561,-1.0833681,-15.163896
1.5738924,-0.16890557,-0.6363584,0.47181118,-1.2959903,3.276315,0.4780408,-7.511548,-3.6475806,-1.0162133,-0.5123605,-0.030465182,1.0020831,-14.195262,-1.7146436,0.38077915,0.15694341,0.39414966,-0.071185894,0.19597624,-4.0791183,0.28160578,-1.6554549,-18.11457,-1.5363884,-0.16539237,-0.458056,-0.052952006,-0.5444034,-0.4435537,0.23579395,-1.457951,-1.4598373,-2.7042327,-1.2345756,-0.5032506,-6.1985607,-0.1746368,-0.58818704,-4.33767,-0.42483458,-1.3109212,-0.44267708,-2.3927915,-5.860348,-1.3081312,-14.971395
1.4515994,-0.18485628,-0.18136556,0.50288403,-1.3055701,4.468694,2.7705781,-8.692982,-4.538144,-0.5941879,-0.5735113,0.20416237,2.5859787,-15.026818,-1.8131498,1.1359955,0.1692774,0.61595285,-0.21305622,0.4345964,-4.6992693,-0.09420384,-1.3751496,-19.5297,-1.7621601,-0.44822258,-0.40442097,-0.7246602,-0.27382797,-0.48900467,-0.1535234,-1.077445,-0.43419144,-2.3010414,-1.1855828,-0.36075053,-6.989654,-0.36004034,-0.847799,-4.8438096,-0.5154351,-1.375472,-0.41088453,-3.70919,-5.492138,-1.0926915,-15.0044365
1.7606555,-0.26019427,-0.20684107,0.646694,-1.4714252,4.4289613,0.99361634,-9.271903,-7.1238127,-0.5890478,-0.64865327,0.14463578,2.2865539,-14.7554655,-1.4835181,1.2011566,0.07436041,0.58700675,0.061393056,0.41959974,-4.176328,-0.05373233,-1.5370957,-19.544687,-1.1425532,-0.481684,-0.43373498,-0.059143186,-0.079515845,-0.5846262,0.024636675,-1.1791314,-0.72249633,-1.8900336,-0.61999863,0.20160711,-7.3245616,-0.36907476,-0.619673,-4.0375133,-0.4685224,-1.3521069,-0.4641358,-2.659421,-4.319668,-1.0197458,-15.197115
0.5673302,-0.13694605,-1.8057959,0.34325683,-1.5717531,2.8956635,0.7915698,-6.603923,-5.3522673,-1.2197715,-0.35565698,-0.33106798,-0.44344556,-12.876665,-2.3040211,0.047851533,0.24368481,0.15749198,-0.039114498,-0.4723448,-2.3919008,0.3487238,-1.990931,-16.988052,-2.2938197,-0.009278882,-0.43893033,-0.063667506,-0.32620776,-0.49579293,0.30719623,-0.63877773,-1.350079,-3.7118006,-0.8564645,-0.7101644,-5.3502264,-0.39123908,-0.3482829,-3.5185091,-0.75626373,-1.3124084,-0.23994492,-2.4918883,-5.468804,-1.1079601,-12.76704
-0.050663196,-0.27120325,-2.561665,-0.8698945,-2.0322368,9.993185,-0.83848923,-7.300436,-1.9350508,-1.6696151,-1.995984,-1.6485808,-1.5923885,-11.692936,-3.689802,-0.2143801,0.30836803,-0.2693706,-0.28095445,-0.88103426,-0.08808936,0.3803144,-1.5107533,-13.616495,-3.9286897,-1.105484,-0.998469,-0.46975443,-0.591915,-0.88835895,0.0454833,-1.461251,-2.4400954,-8.600682,-2.5214436,-3.0594249,-5.8597307,-1.2190647,-1.1988039,-2.556407,-1.9003662,-1.8377167,-0.70128566,-3.5455797,-4.7966094,-1.7934146,1.4316268
1.6430615,-0.25701997,0.46996182,0.27309123,-1.3999633,5.263911,4.6668787,-8.66304,-8.645754,-0.3799001,-1.1807095,0.16482185,2.3187783,-14.359083,-2.1851327,1.2606759,-1.6853412,0.63908094,0.15836158,1.4945824,-4.2666364,-1.0658275,-1.0149273,-20.10348,-0.635357,0.22705512,0.42520228,-0.03807267,-0.4579648,-1.008325,-0.2205432,-1.2040999,1.2275968,-2.2557847,-0.42642143,-0.038816348,-8.383423,-0.49022597,-1.0977721,-5.9562826,-0.25520155,-0.8177328,-0.4183786,-3.9449599,-4.7768292,-1.2310874,-16.325191
1.2781397,-0.22546588,-0.66638154,0.29187512,-1.1622218,2.821913,0.7466236,-7.710026,-4.777338,-0.63371515,-0.49975073,0.16926487,3.0452151,-15.139764,-1.4771152,1.0989913,0.45321172,0.31362185,0.2498886,1.6429893,-3.6164083,-0.053225677,-1.1871657,-19.589382,-1.3972622,-0.19686335,-0.48270258,-0.06984588,-0.36468974,-0.5294088,-0.045356773,-1.1607867,-0.9195829,-4.166953,-1.7545031,-0.45858777,-6.7512364,-0.39873546,-0.5848544,-3.6774797,-1.9514357,-1.52704,-0.5043323,-2.20202,-6.727007,-1.1194601,-14.571598
1.1534632,-0.23374763,0.061644007,0.19042948,-1.0100135,3.7788887,-0.069005,-7.8461943,-7.111411,-0.7748342,-0.7273168,0.01967419,2.8619235,-13.868556,-1.850497,0.024919434,0.07519145,0.60898054,-0.009651904,-0.5838697,-3.0625951,0.950876,-1.4938391,-18.569647,4.3250904,0.24066061,-0.33603334,-0.03077076,0.18327987,-0.52903336,0.2259961,-0.68086493,2.2503104,-0.70036024,-0.58272195,-0.22049165,-6.928893,-0.27090135,-1.2418464,-4.1132865,-0.35125676,-1.3506801,-0.3641457,-2.3880844,-7.7519116,-1.0717884,-14.927812
1.121779,-0.12372856,-1.0853823,0.30731323,-0.725915,3.5947797,-1.1196654,-7.357676,-6.317063,-0.8660248,-0.34993646,-0.008297037,2.6837344,-13.108081,-2.0269911,0.095605105,0.25551763,0.3060306,0.036025427,-0.24444664,-0.5190722,0.9289209,-1.7106774,-19.335222,2.1100073,0.07939982,-0.55617654,-0.055435993,-0.17424619,-0.23552369,0.26685286,-0.8208022,2.3062875,-1.6545935,-0.7556883,0.048921928,-7.246906,-0.21377546,-1.1772524,-3.8235114,-0.46656004,-0.96826845,-0.5017171,-2.0351822,-7.645486,-1.412346,-13.902261
1.1803416,-0.2928236,0.20940529,0.4972144,-1.0706431,6.929816,1.9230762,-8.28448,-8.030735,-0.62362903,-0.69999903,0.0770081,2.9663181,-14.311747,-1.672135,0.0791315,0.0840606,0.64778197,0.04476415,-0.30394143,-4.404445,0.43870696,-1.1770383,-18.694435,3.929692,0.21137449,-0.3641825,0.031195985,0.2512225,-1.0030782,-0.117366806,-0.69356245,2.3569586,-0.5481408,-0.227447,0.20356788,-7.2139964,-0.3058125,-0.85892683,-4.094661,-0.6007477,-1.0882982,-0.3725393,-2.8915362,-7.385274,-0.93213093,-17.993837
1.0437869,-0.2036474,0.04357609,0.20061053,-1.0504576,3.950915,0.11605551,-7.699329,-7.1547494,-0.8380438,-0.47640526,0.056187864,2.8798125,-13.926714,-1.7509559,0.060570516,0.058724813,0.54343945,0.023648268,-0.3652995,-3.2747016,0.519718,-1.4764323,-18.632505,4.1807637,0.24822862,-0.34681323,-0.0222338,-0.26385173,-0.37676623,0.2371455,-0.87324667,2.1827314,-0.6984095,-0.776398,-0.18417828,-6.901465,-0.29825464,-0.8700691,-4.4496055,-0.37407446,-0.2706277,-0.37239447,-2.415709,-7.726972,-1.089074,-15.194268
1.0978627,-0.16826692,-1.0723839,0.30617014,-0.73962134,3.5726612,-0.9402502,-7.5121474,-6.3643727,-0.82146925,-0.34352866,-0.0012384063,2.6398418,-13.061579,-1.9574838,0.06552982,0.2843976,0.30702126,0.048360992,-0.3813113,-0.41235784,0.91245425,-1.6043937,-19.236094,1.9064705,0.105901726,-0.5647954,-0.03193327,0.22348723,-0.26326865,0.27128947,-0.8338949,2.1625798,-1.6988373,-0.63306224,0.05086345,-7.339906,-0.222989,-1.1722533,-3.8785686,-0.46548665,-0.86054665,-0.45634955,-2.0488362,-7.642866,-1.4125844,-13.990167
1.0426633,-0.26776847,-0.08717683,0.21241428,-1.1749417,3.6086035,0.03107491,-7.340907,-6.5441775,-0.77330935,-0.65323615,0.05602787,2.8132315,-12.729299,-1.8092027,0.041716266,0.053865444,0.51994455,0.052650016,-0.61302745,-2.5220582,0.93161666,-1.5227174,-18.691233,3.2610292,0.16745232,-0.2884482,-0.074904054,0.18770307,-1.4552926,-0.11737237,0.27790692,2.480322,-0.82134175,-0.4736473,-0.23135464,-7.2626133,-0.18759538,-1.2251996,-3.8616407,-0.39517274,-1.0663686,-0.45408803,-2.5659661,-7.9899974,-1.071783,-15.549543
-1.7825083,-0.09453699,-1.5808089,-0.5652002,-0.6802362,-4.767466,-5.2932434,-6.557311,1.2186859,-0.8241532,1.3960644,0.36121714,1.7660496,-11.682899,-0.8651273,0.33944085,0.14489023,0.10936754,0.50480366,-0.5860893,2.8455267,0.26808706,1.5409327,-13.563952,-0.84747267,-0.16233684,0.12559971,-0.07971087,-0.5039198,-0.02382761,0.2116235,-0.47365364,-0.8905486,-3.1495636,1.6663251,-0.2909906,-6.8962183,-1.123234,-0.3000954,9.152036,-0.9075766,-0.68528223,0.007893196,0.21593994,0.31626347,0.007466596,-1.2312225
-1.6130353,-0.10020854,-1.5072865,-0.35905108,-0.45954236,-2.225323,-4.613977,-7.278605,1.1246299,-0.83497316,1.5117483,0.61423945,1.498216,-11.125928,-0.60274774,0.28146413,0.10437761,0.098636165,0.4379121,-0.62129796,2.4378126,0.31282607,0.88514155,-15.317832,-1.4155955,-0.06609496,-0.0022218293,-0.0074703153,-0.4906655,-0.3048269,0.23890343,-0.13617383,-1.242296,-3.707732,1.6720785,-0.2569133,-4.827091,-1.1987386,-1.0790224,8.652418,-0.47377297,-1.811697,0.069979265,-0.20336938,0.41684434,-0.03641857,-1.2517928
-1.5573041,-0.39398313,-1.4871646,-0.06639502,-0.542199,-2.0039947,-5.0952544,-7.3664412,1.0738407,-0.88453436,1.4949609,0.6327588,1.6432116,-11.268933,-0.8945457,0.3343705,0.10700772,0.0904864,0.43332866,-0.5054882,2.6154366,0.34661734,0.9662033,-15.326172,-1.4836075,-0.091222614,0.034295432,-0.055974286,-0.44398263,-0.32872653,0.20578077,-0.029723216,-1.3039961,-3.0073678,0.64499855,-0.16942985,-4.9321866,-1.2535268,0.058730796,8.112046,-0.6166193,-1.1642245,0.097726755,-0.11126715,0.3107956,-0.052175265,-1.0667229
-3.8137534,-0.25320426,-1.5323398,-0.88642085,0.17017275,-3.2970505,-6.917665,-9.361788,-0.16827941,-1.2863469,1.2743937,0.7339508,-1.3790869,-8.021531,-6.787712,0.3586634,-0.20376588,0.0031759534,0.6056243,-0.1722069,4.044667,0.41473913,0.2139888,-12.379199,-3.7103956,0.03549455,-0.44448784,0.052581247,-0.5597042,0.28246522,0.10216927,-0.76110405,-1.2305658,-5.3550262,1.3583694,-0.6425713,-4.9008327,-3.8416874,-2.3331516,4.8722343,-0.033652987,-1.2527994,0.22578698,4.7367578,8.037559,0.103992045,9.379338
-1.9161931,-0.37616202,-1.5145664,-0.47143295,-0.45859623,-3.893624,-3.6121435,-6.885224,1.2325275,-0.7155772,1.1280704,0.627624,1.0750774,-11.870048,-3.962135,0.21519706,0.14879459,0.10385344,0.4622454,-0.5846512,2.615761,0.13324769,1.0706636,-12.62672,-2.5712426,-0.1470329,0.07966426,-0.041950025,-0.44930217,-0.4097605,0.2224982,-0.07118539,-1.4344211,-3.9144254,1.469051,-0.38077533,-4.7874756,-2.0646446,-0.38720095,7.142095,-0.48465133,-1.2533381,-0.17715585,-0.30283114,5.8619175,0.023020608,-0.95939696
2.080178,-0.20709296,0.33908343,1.2789391,-1.1276854,5.10887,2.0661407,-6.7822266,-9.903167,-1.034616,-0.90298545,0.070418715,3.5546293,-17.421825,-1.4074129,1.2674518,0.08715998,0.6007727,-0.14851356,0.04343943,-4.7637024,0.47069877,-1.4394375,-19.324314,5.892211,0.24914163,-0.198161,0.009152946,-0.012333393,-0.751978,-0.07867245,-0.28627604,2.0635664,1.7944582,-0.15073803,0.04243001,-7.7963285,-0.33431682,-0.7286167,-3.8524632,-0.23370565,-0.4052912,-0.363321,-3.1853647,-9.8952265,-1.1342732,-17.270092
1.105282,-0.31656906,0.20581484,0.4881361,-1.1069124,4.254014,0.25627047,-7.7502475,-7.050598,-0.7129409,-0.5013375,0.09378994,2.5665636,-12.87033,-1.6566049,0.026412122,0.013677896,0.579392,0.06803793,-0.30455798,-3.47485,0.48603356,-1.4530861,-18.585794,4.385997,0.25115684,-0.38160607,-0.032892324,0.004419344,-0.5033653,0.20282024,-0.7771192,2.255446,-0.5910539,-0.69817066,-0.19493012,-7.0909443,-0.29899484,-1.1207321,-4.0854197,-0.24120522,-0.84566754,-0.36826226,-2.9768243,-7.8613877,-1.0547212,-16.389072
-3.2191205,-0.8120138,-2.098962,-1.2650479,-1.5141435,-3.778161,-7.071934,0.7130357,-2.518515,-1.5771401,0.5663273,-0.25754738,-0.65581924,-4.6051974,-6.1278253,-0.06316035,-3.7279215,-0.1788586,-1.3613294,-0.91495824,0.19892947,0.64201546,-3.5773935,19.042011,-6.998636,-0.74100673,-0.9425056,-0.42512998,-0.19526182,-0.8616314,0.13059147,-2.324224,-1.568082,-9.691956,-1.0540719,-4.250571,-4.5122657,-2.4233892,-1.8939931,3.7521403,-0.74523383,-3.7489061,-6.91341,-3.0175016,-5.0134225,-0.072778165,4.995791
1.314599,-0.08325942,-1.3781674,0.2132413,-1.1269479,2.6846795,-1.7614434,-9.611076,-2.4889596,-1.0152702,-0.3632963,0.09689229,0.73501706,-13.29145,-2.2249293,-0.08719707,0.19769795,0.15317594,-0.10471206,-0.47128528,-3.662738,0.450774,-1.7003523,-17.649588,-2.1703365,-0.01636376,-0.32064572,-0.09762883,0.23254976,-0.8559925,-0.21553187,-1.6151893,-2.12686,-1.5355711,-1.4360942,1.3643056,-5.863535,-0.073681,-0.9099243,-4.7317705,-0.4692176,-1.255134,-0.3799003,-1.8740546,-4.484699,-1.495011,-13.511354
1.4702706,-0.20089662,-0.54826826,0.19872463,-1.2353034,3.2532592,0.09161335,-8.332718,-3.3104043,-0.5834353,-0.56211793,-0.0038287241,2.336597,-14.586622,-1.7544807,0.47967872,0.17320994,0.3932165,-0.15000263,0.12986922,-4.220162,0.18273792,-1.3259373,-19.437847,-1.8370111,-0.06022552,-0.46596697,-0.04470692,0.49001196,-0.59535706,-0.15068103,-1.4422839,-1.0200305,-1.8680274,-1.2596781,-0.7440353,-6.8922367,-0.42056525,-0.6356684,-4.518221,-0.3650559,-1.3320614,-0.25764406,-2.362478,-5.844955,-1.6080407,-14.430051
-8.02968,-0.6867233,-2.662846,-2.4761136,-1.7255744,-7.8800235,-7.2397785,-1.0114527,-2.8515294,-1.6855363,0.5693786,-0.72986734,-1.0526638,-6.054126,-4.6917195,0.012551536,-3.867677,-0.23603752,-1.5734268,-0.8339072,0.614174,-0.20552845,-4.091541,18.051271,-8.192425,-0.9152174,-1.2953451,-0.124908365,-1.691891,0.06233197,-0.49291435,-2.2916446,-0.7944424,-10.70925,-1.4673649,-4.75552,-5.8779225,-2.6503782,-2.2477381,3.4465017,-1.1825788,-1.8673486,-6.8093367,-3.157839,-3.6274767,-0.057215706,2.122204
1.4844677,-0.14552282,-0.6048114,-0.14325127,-1.5056459,4.7909765,0.8264062,-10.445452,-2.5656462,-1.0106021,-0.62766695,0.12783712,-0.60125184,-13.020167,-1.9541011,0.021293791,0.11578796,0.38300538,0.19924676,-0.14849591,-4.745624,0.37605613,-1.1480699,-18.203867,-2.494953,-0.4507743,-0.31810388,-1.1248772,0.62551934,-1.2053618,-0.28887782,-1.5766236,-1.417104,-0.7829587,-1.2047267,1.2628558,-5.8296385,-0.5616944,-0.9260369,-2.7539902,-0.72792983,-1.4199597,-0.29344136,-2.6849008,-5.2545547,-1.6000965,-14.987723
1.1746116,-0.22398482,0.24756,0.6306831,-1.1276124,4.992291,1.2246878,-6.8831425,-9.728901,-0.94385624,-0.7197334,0.025279872,2.503886,-13.2592125,-1.6353364,1.1627364,0.05520214,0.55413896,-0.13297652,0.049601704,-3.6326063,0.4232733,-1.4276953,-19.323164,5.245692,0.20245217,-0.19568315,-0.04100104,0.0579267,-0.6823531,-0.07400822,-0.28161767,1.9258093,-0.64191943,-0.21628565,-0.00046727236,-7.1997705,-0.33970276,-0.70617247,-4.163056,-0.17835066,-0.72938484,-0.37558812,-3.1882176,-8.018774,-1.1411942,-17.377151
2.8823583,0.27736223,-2.892826,0.33769065,-2.377158,11.653142,3.2252302,6.608465,-3.8328881,-1.682213,1.3065912,-0.99804837,0.44517422,-7.696088,-0.30036065,-0.6118709,-1.3883736,0.01128398,-0.62161934,-0.80386055,1.9523087,-1.2312183,-4.6175747,27.527288,0.62365144,-0.78360736,-0.34004703,0.27056098,0.9756283,-0.870765,0.3953498,-2.3540814,10.302932,-0.11148531,2.3051343,1.9015679,17.331781,-1.210964,1.8563288,9.208054,-3.0685265,-3.146674,0.2461865,3.7149343,9.456746,0.34770668,19.774733
-1.4955972,-1.055698,-1.8244197,-1.2670969,-0.57106835,6.6889067,-5.130628,5.9765377,-4.770666,-1.8693616,0.74156755,-0.6646362,-0.369728,27.675228,5.8477387,0.6209695,3.0552056,-0.170444,0.53993416,-1.0228766,1.0727209,-0.9873903,-2.6255991,29.41797,-2.1647537,-0.5619389,-0.0902351,0.21093276,-0.06657894,-0.202165,0.2775105,-2.1035094,-0.98542476,0.6902556,1.5282986,-0.0074465238,17.812119,-0.97737145,0.26238504,2.4639869,0.045886848,-2.569138,0.80038,2.4837108,11.290127,-0.06027042,22.743916
-0.9124978,-0.16416037,-1.7467542,1.2210642,-0.9382699,16.33447,4.641267,2.207037,-5.4472995,-2.0585487,0.7085775,-0.094329976,-3.0462685,21.754866,-5.975443,-0.5860884,-1.5047574,0.09225226,0.73281676,-1.844372,-1.554951,-1.6691417,-5.7671633,24.204477,1.5417955,-0.6384483,0.018886229,0.11360605,-0.08054445,-1.3133622,0.52376336,-2.3178518,-0.6757816,-0.3470946,2.6320622,3.8766882,18.387438,-1.6928393,-2.0732985,3.310641,0.06926835,-1.9725764,0.34289256,2.9047391,7.933662,0.3713532,23.980299
1.554989,-0.45631808,-1.5664253,1.3184173,-2.415514,16.422201,12.588046,-8.27405,-4.158551,-1.0019506,-0.376629,-0.38660917,-2.709554,-2.8249552,-3.719796,1.217453,-0.17445445,0.76674134,0.19873402,2.3735712,-2.5071452,0.25158164,-3.1049056,22.18776,12.354984,-0.71808505,-0.6470186,-0.13859963,1.634718,-2.5753338,-0.1966343,-4.329519,-2.4862432,-0.67899704,0.3654104,2.833599,14.020348,-1.651107,-2.672259,7.4945145,1.2494403,-3.3441613,-0.14492118,3.8124995,18.942236,0.23356138,25.61459
7.3216324,0.31654677,-1.6641109,6.560821,-0.42889985,23.408064,11.676637,-6.3515987,-1.5291312,-7.168927,0.15294892,-0.2200391,5.1379657,-16.372952,-0.8341464,0.85446596,0.41005862,0.7114582,0.5386992,2.6981585,3.4295204,0.6042871,-0.39880708,-3.8376508,19.24206,0.1730014,-0.80894583,-0.27378878,2.3077838,-1.0956523,-0.063384056,1.098281,4.293192,12.087293,0.6134325,1.0403799,-8.341274,-0.095471635,-0.8426849,8.098321,-1.101622,9.914926,1.4116446,1.585429,-1.4128853,-1.2005194,33.524075
3.2632422,-0.11713725,-1.1055282,1.207098,-1.2536192,17.789244,14.304075,-3.9861689,2.8479643,0.75249237,1.4977715,0.48954475,2.8627675,-9.58423,-2.3703682,1.9914231,0.06970326,0.3639179,-0.47596857,8.661887,-5.191872,0.5483321,-1.2622173,-1.3752879,16.868418,0.36173037,3.9761415,0.3149002,0.50594795,-0.8458885,0.390097,-1.8090687,12.1636095,-0.4888416,0.6907609,1.3145881,4.101811,-0.4455929,-1.4534767,14.280526,-0.26609308,0.44879422,-0.16250293,7.80408,5.8863416,-0.36723265,39.384914
-0.35673544,-0.29334354,-0.2984848,0.7051198,-2.0465736,19.967274,9.906572,-7.524235,1.3709211,-1.5066428,0.73725617,-1.8071437,5.695545,-9.834404,-4.452453,1.184565,0.06610358,0.32967526,-0.5219284,3.7085824,-4.563522,0.5878694,-1.5831916,-14.378746,21.284916,-2.3093433,0.26245052,0.013171726,-2.6488264,-1.6851828,-0.21616375,-2.6656623,4.6678815,14.301538,-2.710399,1.9969543,0.054674458,-1.4739362,-1.9713132,19.54762,-0.33820713,-1.6469944,-0.06872533,6.5252995,17.327534,-0.43482235,30.929928
1.4124222,-0.28217664,-0.40451375,3.0337722,-1.2138165,15.70863,0.9112027,-0.4959826,1.7333302,-0.29305103,1.5846826,-1.2348607,3.001414,-1.6386241,-3.9909556,-0.027941057,-0.2007475,0.2680653,-2.2804506,6.0822253,-2.2415967,0.12575758,-5.607085,-6.8112783,21.413742,-2.459428,4.29737,0.8855353,0.42465466,-1.5647737,0.44904214,-1.9219979,11.535056,2.92938,-2.162757,-5.598309,-0.2748253,-1.4600198,-2.356435,15.646827,0.6057106,-2.5682445,0.33020097,6.387552,6.2183003,-0.38917345,35.946674
2.0400681,-0.022728505,-0.8269674,0.09093604,-0.6940466,2.78927,-14.439302,0.49832678,-4.534624,-0.6799526,0.24255739,1.759432,0.7926862,-6.365054,-4.283326,-0.38368642,-0.05327578,0.2852236,-1.4773995,2.7468398,1.2161597,-0.20073906,-1.3381584,31.478626,9.586442,-0.4688693,4.822699,0.16890465,0.94569224,-0.61186934,0.19197945,2.2989702,16.557026,0.6020524,-0.030217871,1.8217051,0.59633577,-0.88879144,12.225909,16.25728,-0.10668428,0.384752,0.38470927,7.446492,5.0132437,0.15402018,17.492785
-8.325729,-0.4052169,-1.3645202,-1.5737578,-0.48125216,-13.863575,-14.027947,-1.4991342,-20.163424,-2.4161055,0.7019398,-2.6485915,-3.8464506,8.293149,-7.1995215,-1.3081219,-0.87225217,-0.29435247,0.06210598,0.20540184,18.061415,-0.5498816,-1.9466331,15.168943,-3.7869773,-0.91045856,-0.851522,-0.4076735,-0.65672183,-1.1932392,-0.15938948,-1.0435808,-1.1905226,-10.726004,0.3322927,-2.4577246,10.846623,0.66360855,-3.9911656,3.1444182,-0.25237504,-0.765693,0.25558156,1.2806399,5.50582,0.13458578,-0.18893704
-6.9320526,-1.2112333,-0.99907315,-1.5430247,-0.43900487,-9.781804,-11.512735,1.0307516,-16.001762,-1.369468,0.89810544,-0.6119939,-3.9478188,13.160885,-5.7807207,-1.3085808,-0.9144244,-0.022649212,0.9919854,0.29255614,21.96547,0.22116755,-1.6960304,-8.564724,-5.5153894,-0.8067656,-0.4477102,-0.0108032655,-0.81127036,-0.8822044,0.3382863,-0.5825048,-1.3639051,-9.909611,0.19921724,-3.4655395,11.249518,-1.7196842,-3.263649,3.6633008,-1.9806057,-1.0113122,0.4380951,1.9329274,3.9635286,0.257776,-3.229273
-9.52419,-0.04651571,-0.13359164,-3.0272427,-1.5132052,-17.6023,-14.941013,-1.3629447,-14.350717,-0.6531493,0.8213941,-3.9106052,0.95673585,25.522898,2.2236447,-1.3851591,1.2225213,-0.47137338,-0.3109774,-0.9384829,19.721224,-1.5522962,0.6053524,16.319511,-2.5836904,-1.8334696,-0.34642947,-0.2682287,-0.63389456,-0.4236815,0.1236601,-0.41052714,-0.7780644,-6.1200104,0.14549997,-2.4918716,13.88646,2.0097373,-0.49999598,2.9124868,-1.185427,3.0041277,-0.9850883,1.1279106,6.8160887,-0.23736434,10.39227
-11.39618,-0.12029033,-0.4876725,-3.003633,-2.0218644,-21.837946,-15.507243,-3.9158618,-13.578472,-1.5914532,0.5750681,-2.4136877,-5.338496,20.717695,1.4753236,-1.3552358,-0.049638584,-0.6831396,-0.61670214,-11.385988,17.946524,-5.842511,0.13613266,16.74018,-4.0895443,-2.7382329,-0.4186467,-0.27025405,-0.9895289,-0.7886336,-0.96845794,-0.50604576,-2.8572776,-10.889501,-0.25194573,-3.1939662,9.244761,-1.1048284,-0.47916815,5.8491755,-6.6685596,5.3165956,-1.9320393,0.6697926,7.2195616,-0.104148366,6.885321
-6.835932,-1.1867112,0.2304791,-1.7449527,-0.63665664,-12.725622,-16.137829,1.7631631,-12.8325405,-2.691637,1.028038,-3.2880664,-4.179867,11.881589,-1.9731625,-0.6504679,-1.3781105,-0.16865319,0.13705166,-0.8679819,21.473152,-0.7446109,-0.295393,-10.321156,-3.340081,-1.3255516,-0.8273526,-0.3941894,-0.77778184,-1.3596559,0.12648632,-0.7588321,-1.5845089,-9.64799,-0.30825967,-3.6492805,13.705168,-0.08027812,-4.714428,3.801122,-2.527822,2.684594,-0.7356554,1.701059,5.6019354,0.0049012494,-0.2337047
-1.8054488,-0.7419336,-2.1929872,-1.8903939,-0.1101204,-7.629897,-12.907124,4.572404,-9.800893,-2.4653244,0.71042794,-0.9048217,-0.3427527,-6.752233,-4.9723845,-0.6078822,0.012402228,0.07824017,0.7054063,0.38088757,26.979221,-0.069514304,-1.2791628,-12.173007,-1.6434246,-1.1443758,-0.18210867,-0.41529334,-0.5873071,-1.2731227,0.32257777,-1.2662758,-1.4975826,-0.6987788,1.4054775,-1.8368605,10.316202,-0.8629017,-3.276544,7.311731,0.0760143,-0.5283377,0.15035595,-1.7766552,5.3472114,0.11913287,-1.7638974
-4.6896195,-0.41030827,-1.2134104,-0.31388137,-0.5390985,-12.73008,-16.613146,1.3169374,-20.472366,-1.9064374,0.8684143,-1.9173579,-3.3588657,6.3695893,6.837468,-0.6341443,-2.7613006,-0.020723412,0.8667175,-3.3158534,20.863783,-0.75843567,-2.631017,16.687988,-2.4559305,-0.63917315,-0.60353506,-0.31228766,-0.9556005,-0.61431265,0.22984906,-1.2717582,-0.6644105,-1.9488391,0.056439403,-3.9056506,11.040822,3.0891385,-0.3670448,3.6535861,-2.1961546,-1.1072057,-0.74868894,1.7325975,6.876911,0.09105681,2.387812
-7.0987415,-0.8734068,-1.6208296,0.5002501,-0.98029965,-14.794455,-15.389495,0.14039476,-22.838387,-1.0097427,0.16074379,-5.167539,-3.3769927,8.088284,-5.304569,-1.0746306,0.5094673,-0.07946873,-0.04708432,-2.7366085,18.777943,-0.16904697,-2.4452114,15.630766,-3.5731766,-0.50508404,-1.0919152,-0.39249453,-0.6869401,-1.8830863,0.10638873,-1.6366519,-1.7854141,-3.6161885,0.40637645,-1.2509465,8.7054405,0.805562,-0.7416554,1.851184,-2.6512966,-1.3315674,0.15325615,0.99629194,4.2037177,0.3172667,-1.6698884
-6.2902904,0.20531783,1.2810305,-1.4842424,-1.8235464,-23.9945,-16.888214,3.3532927,-7.991946,-1.0714341,-0.022523623,-5.148196,-1.0357945,10.8976345,-7.379551,-1.1708544,1.3618997,-0.27385968,-0.37490568,-3.1932895,17.714033,-1.763857,1.0416106,13.501172,-3.6026945,-2.5770597,-1.1380743,-0.3004603,-0.85521007,-0.7812385,-4.532674,-1.5942297,-1.415606,-9.735901,-0.1094575,-4.277497,8.135423,0.66677815,-4.0711465,3.850268,-2.7567098,1.2433162,-1.8449228,1.364157,4.8734484,-0.21398684,3.728148
1.3779464,-0.09198313,-2.2236066,-0.10546903,-0.53461516,-0.8053445,-6.4053454,-7.573032,-6.3820324,0.29625657,1.0147153,0.8862755,1.6505464,-13.48347,-2.2642367,0.006250705,0.5382015,0.42988363,-0.06663973,0.1023495,1.5975956,0.84191144,2.1937804,-16.913328,-0.8805344,-0.13187507,0.2188765,-0.024719251,0.07512167,-0.508638,-0.10649138,-1.0648791,0.12230395,-0.34963888,0.55937976,0.9112913,-2.830918,-0.5056931,-0.49069703,-1.6623652,-0.19675909,-0.8992973,-0.026926937,-0.9980058,-1.4564303,-0.72227526,-11.193011
1.3024896,-0.04801086,-2.3148952,-0.024092834,-0.5708266,-1.3331863,-4.474153,-7.2913895,-6.863641,0.18940641,1.0711005,0.74715847,1.6699334,-13.878376,-2.066151,-0.0045795464,0.5294391,0.43589947,-0.0651217,0.17250107,1.7240256,0.7744299,2.130304,-17.140318,-1.0115677,-0.08352999,0.12151721,-0.050931156,0.052752543,-0.43278,-0.039613187,-1.2660141,0.10312771,-0.40310714,0.8222321,0.93141234,-3.10798,-0.03764936,-0.48922023,-1.892279,-0.1081276,-0.7313861,-0.071931414,-1.0037477,-2.486256,-0.7308203,-10.389786
1.3277705,0.052810293,-2.370058,-0.04550164,-0.53636545,-1.488521,-4.5276847,-7.603323,-5.983906,0.25944498,1.0779287,0.7839026,1.70049,-13.881828,-2.0307927,-0.039485842,0.5038806,0.4082092,-0.14576074,0.2162099,1.7158431,0.9876757,2.2173133,-16.46289,-1.029916,-0.07004731,0.26303825,-0.06290181,0.012164101,-0.47492576,-0.0925462,-1.1240146,0.08273065,-0.62421644,0.8145168,0.35347676,-3.1412249,-0.05843767,-0.49837878,-1.9071596,-0.10492622,-0.7677224,-0.123587556,-1.0745909,-3.340304,-0.7321339,-10.395396
1.1429954,-0.25243074,-3.206713,-0.38182527,-0.37984663,-4.0893245,-5.828435,-8.6328335,-3.7172413,-0.5226931,1.0875784,0.76299596,0.9971227,-12.128676,-3.2801378,0.08495971,0.32258642,0.14070576,0.2212018,-0.34822646,2.9799795,0.67650515,1.6159878,-17.728691,-2.4831967,-0.6277619,0.013336059,-0.016638668,-0.36055636,-0.14134632,0.12088838,3.3441606,-2.1329236,0.20514584,0.57859087,0.09985503,-3.3675857,-0.28457093,-0.3652553,-2.1094432,-0.5561095,-3.5885243,0.18651836,-0.5343159,-1.7914416,-0.16841258,-3.7372398
1.8135332,-0.11298578,-2.4622972,-0.099838965,-0.5857192,-1.4217396,-3.2382302,-7.648243,-6.302769,0.226944,1.1187003,0.76501995,2.568145,-16.632513,-2.0332885,-0.04153056,0.48244897,0.41784,-0.14923435,0.1342405,1.6348127,1.0155066,1.9401307,-16.469358,-1.0577897,-0.07854144,-1.026615,-0.03320984,0.036949206,-0.48599896,-0.08355609,-1.10528,0.06051635,1.0527122,0.64330125,0.4171358,-3.2181883,-0.059401575,-0.45117316,-1.6198537,-0.116852835,-1.0198216,-0.15201512,-1.0465153,-2.5493658,-0.46141174,-10.848246
1.636833,-0.1575015,-1.3326224,0.19140612,-1.7887516,3.2024472,0.15842897,-8.201859,-4.29468,-0.71352273,-0.56836283,0.08816348,2.5576215,-13.357666,-1.8797002,0.041117936,0.24025133,0.11103692,-0.3199681,-0.51774484,-3.4504035,0.56092554,-1.378441,-18.699759,-1.6912664,-0.09864082,-0.30763376,-0.03481173,0.15814929,-0.66028064,-0.22095123,-1.2941276,-0.287611,-3.115961,-1.3370013,-0.5390821,-6.430537,-1.4096171,-0.6307014,-3.907,-0.2334617,-1.4108862,-0.18851887,-2.8136978,-5.4164586,-1.2313299,-13.952784
1.1686146,-0.15827605,-1.7966695,-0.2550608,-1.8632462,2.36506,-0.22509135,-7.5701103,-1.461058,-0.932012,-0.34069642,0.14842474,2.948113,-15.059699,-1.7972282,0.07366377,0.47853535,0.2999686,-0.34907523,-0.18574238,0.6800233,0.39598066,-1.7513055,-19.149899,-1.7450701,-0.18544039,-0.31488696,-0.07174029,0.04447227,-0.58573765,-0.24630825,-2.0539603,-0.9929033,-4.8457794,-1.6322992,-0.89292353,-7.267063,-1.3522542,-1.1017312,-4.411367,-0.3024309,-0.7949559,-0.3191986,-2.08164,-5.3382983,-0.59709096,-13.319669
1.3728985,-0.16912547,-1.317044,0.11559367,-1.6219572,2.9204674,0.3678605,-8.4440155,-4.1840677,-0.8392363,-0.68616045,-0.03146416,2.1382585,-14.684535,-1.7012233,0.3670881,0.10778219,0.9756251,-0.4763243,0.72813106,-3.5480354,-0.62615395,-1.4962686,-19.385752,-1.5278467,0.018140266,-0.45743057,-0.05079151,-0.12688549,-0.7700405,-0.177635,-1.046897,-0.33635738,-2.9696026,-1.3025823,-0.45224074,-6.7018523,-1.2137554,-0.8526558,-4.585489,0.26080504,-1.368432,-0.37466455,-2.05201,-5.7950687,-1.5722095,-15.303979
1.1090217,-0.043755848,-1.6814063,-0.47717962,-1.3893411,1.8719035,-0.15662502,-7.5310955,-2.5761518,-0.95078135,-0.31799892,-0.016953561,2.9856505,-14.551277,-2.3667912,-0.40209392,0.36565018,0.29198673,-0.025512151,-0.27558175,-1.6074654,0.5137876,-1.6936797,-18.680756,-1.4015619,-0.19494832,0.1789569,-0.07553193,0.11899154,-0.5810697,-0.28214648,-1.3740671,-0.96446794,-4.764116,-1.154068,-0.66565996,-7.6075263,-1.020423,-0.832982,-3.6606197,-0.19638087,-1.002439,-0.20778757,-2.0576532,-5.5116982,-0.54007876,-13.161435
1.1190506,-0.099127546,-1.0311012,-0.6974538,-1.3588417,2.178245,0.63070655,-8.145814,-2.3743792,-1.067783,-0.5289605,0.18444192,3.0011072,-15.728086,-1.8912776,0.059727564,0.4308261,0.57975596,-0.18426886,-0.044206895,-3.183113,-0.59991807,-1.0280378,-18.811014,-1.8267763,0.026260577,-0.20350964,-0.045820598,0.3649055,-0.7166927,-0.18342365,-1.295933,-0.87165594,-4.40375,-1.7664695,-0.64919585,-7.7213655,-0.753222,-0.6030231,-1.8276365,-0.008514713,-1.0501215,-0.24659218,-2.0134237,-5.419425,-0.5460416,-14.750685
1.8578097,-0.13158542,-0.6732012,0.37912142,-1.3670297,3.4468198,0.882176,-7.5440235,-3.516991,-0.8976326,-0.42331022,0.10366933,2.6752002,-15.061328,-1.8415204,0.6079648,0.17839341,1.2219278,-0.11686478,-0.25612816,-5.193678,0.117068574,-1.9155917,-19.134846,-1.5368441,0.017981526,-0.5678019,-0.020478506,-0.30707914,-0.83969414,-0.1699116,-0.91514623,0.5799303,-3.0368197,-2.167903,-0.32951158,-7.7342396,-1.2972538,-0.78321815,-4.0184007,2.961618,-1.3701546,-0.21599528,-2.5483656,-5.9872165,-1.5495212,-16.520842
1.3593255,-0.15926197,-0.7203922,-0.28046232,-0.69558245,1.9225816,-1.7952428,-8.091128,-3.0268316,-1.3516595,-0.5308005,0.05730086,1.4911048,-13.832087,-2.2834136,-1.3003024,0.2864252,1.091022,-0.13862576,-0.289755,-4.5580564,0.08717146,-3.758484,-17.779316,-1.7209876,-0.2397608,-1.4715934,-0.12972507,0.09558582,-0.6558995,-0.35283163,-0.8118605,3.2493658,-3.8400996,-1.7344029,-0.8415078,-7.857011,-1.241468,-1.0763971,-3.8640919,3.1482356,-1.1074743,-0.13127527,-2.0283408,-3.17992,-1.48104,-13.042351
1.6468459,-0.17197442,-0.2351281,0.41989377,-1.4553517,2.2658134,-0.31572455,-11.213843,-4.7174425,-1.2641292,-0.30584413,0.13386711,1.2042803,-15.145992,-1.8536102,-0.24066189,0.10101733,0.977156,-0.4656851,1.198676,-5.802626,0.20280804,-0.6811778,-17.572855,-1.4312,-0.12658869,-0.71518636,-0.0038701042,-0.101697646,-0.96574694,-0.62144697,-0.7213252,1.7846824,-1.970262,-2.4289558,0.39971486,-7.2362537,-0.9227125,-1.0229533,-5.114317,3.96324,-1.5489194,-0.22086617,-2.801582,-4.157228,-1.2188737,-14.423389
1.5198319,-0.33947167,0.00926041,0.16511601,-1.5326803,3.3416781,0.03728929,-7.797762,-5.198432,-1.0902222,-0.61768234,-0.08497278,2.4228067,-13.927956,-2.5183353,-0.33649716,0.0066357744,0.06805032,-0.38402033,1.5934054,-5.679638,-1.2673306,-0.41263962,-19.25564,-1.7608286,0.14024082,1.331872,-0.081649326,-0.10281778,-1.0567142,-0.41895717,-0.6030246,2.5840034,-2.5316384,-2.1901774,0.7135959,-7.79789,-0.8690154,-1.0572551,-7.049064,2.7054174,-1.5121616,-0.8225085,-2.7206106,-3.3350542,-1.4941778,-15.4705515
1.4525237,-0.15403493,-0.33076033,0.3546752,-1.5626775,2.6497188,0.37224865,-9.913254,-2.8611162,-1.0382823,-0.7613179,0.081544966,0.8620592,-15.293525,-1.6977167,1.1087142,0.06428725,0.6479269,0.17585821,0.66200405,-5.9168057,0.47818637,-1.1726512,-15.234711,-1.7313558,-0.1779629,-0.58297074,-0.16320996,0.2919961,-0.7025259,-0.28508407,-1.4646688,0.39223653,-1.8153815,-1.9255273,0.88891095,-2.4405599,-0.5293518,-0.86229116,-5.1338053,-0.6852509,-0.81221384,-0.19928052,-2.2661102,-5.5663958,-0.34602115,-15.559922
1.2210141,-0.036095537,-15.127696,2.7182922,-5.6275525,2.3254335,20.011269,-22.243738,-14.065552,-0.24145813,-1.796352,-0.3419511,-3.6761062,-14.442408,-1.9081241,1.4873784,-0.837075,0.12432308,0.13497508,6.106071,-10.207231,-0.4644508,-0.3829436,-15.649083,7.5312696,0.047515474,-3.8527148,0.94451225,0.12117656,-1.4923378,0.59576803,0.15972038,1.0798463,5.768479,-0.40674356,0.37352732,-4.8712535,-0.17648368,-1.3793193,-7.657979,2.1515055,29.188564,-0.9809268,-3.8283184,-7.8735056,-1.2047141,-13.359987
1.7812233,-0.14100137,-1.1250217,2.6721778,-0.29712754,7.215252,2.9986374,-6.24236,-13.912501,-0.28307733,-2.017718,0.073868126,3.2086442,-17.30678,-1.7007849,1.189832,-1.4916915,0.0003114962,0.3723092,1.6663251,-4.4764647,-0.7599459,-0.5028394,-19.531727,3.059503,0.09212312,1.0615027,-0.40100026,0.03388045,-1.4800041,0.31664866,0.061986938,1.6292903,6.5742173,-0.24207202,0.2987218,-8.888435,-0.2661978,-1.7491728,-9.266217,2.1192532,5.885445,-1.3522018,-4.7214155,-9.412193,-1.1415148,-17.741404
-2.8357024,0.08798443,-1.5912057,-2.5780044,0.83675206,11.104238,14.30344,7.5822296,-2.7743146,-3.6641204,0.17445882,0.5032657,-1.1641526,23.598932,4.314054,-0.3822489,-0.13572752,-0.3266527,-0.9432193,4.2759304,0.31587976,-0.39647165,-2.2446363,30.391134,-3.2177765,-0.5617899,0.20505035,0.41426915,-0.38501617,2.5460627,-0.9125127,6.5659804,-0.48679733,7.4372463,0.9195421,4.8310113,19.579063,-0.526011,0.075111926,5.5274186,-0.7248378,-0.77031267,0.84945893,3.6469452,10.315243,-0.08540512,29.673616
4.094479,-0.08204128,-1.0391648,-2.6896813,0.14462547,12.472361,16.82403,5.812826,-5.0818005,0.12281534,-0.93105453,0.48578513,-4.013564,13.528291,4.325212,-0.67459,-0.6253357,-0.022893546,-0.33341414,7.0722585,0.33038348,0.06007724,-0.97859055,32.53468,-4.580942,-0.4597539,0.6827509,-0.24365336,-0.5184817,1.1247362,-0.41748118,7.8889623,-1.9134308,7.459838,1.6323254,3.884475,20.946842,-0.2504657,-1.3337467,7.81533,0.33968842,-1.5712703,0.15817212,4.5615354,9.350536,0.016807083,27.560379
5.1139364,-0.5138608,-0.7785837,-1.9052851,0.02084844,15.0244875,21.586098,4.47939,-6.1826987,0.40614042,-0.9102862,0.38909388,-4.01394,16.459013,0.19984138,0.01298091,-1.2928807,0.06618409,0.09584428,6.4710703,0.62537366,-0.063058764,-1.9680316,33.52559,-2.3594856,-0.4016698,0.06329238,-0.23755811,-0.66363984,0.42039174,-0.08456975,8.742624,-0.842509,10.710273,2.1951249,4.0317607,21.383505,-0.7098946,-3.0969114,8.139027,0.041522685,-2.3103616,0.35049614,3.3044512,8.020063,-0.31922796,20.285044
6.6285653,-0.47343665,-0.31574354,-1.8319117,-0.21693982,16.787231,19.845488,4.587218,-6.2717404,0.31162348,-0.83126837,0.4652711,-4.9433317,14.463253,0.18528621,0.47707745,-1.3555903,0.107687645,0.15030354,6.394802,-0.012844797,0.0020828976,-1.9508475,31.43181,-2.341255,-0.40157744,0.088548064,-0.22236513,-0.6638696,0.7095433,-0.33997804,8.648726,-2.4199426,14.080633,2.2161796,4.2404485,21.531572,-0.65526867,-3.1889799,8.037449,0.096497394,-1.9554101,0.3291248,3.879968,7.996457,-0.28171977,20.381388
6.3207293,-0.52867615,-0.72009546,-1.6163038,-0.1413843,16.331657,18.850029,3.7891793,-5.611337,0.5253923,-0.96154964,0.27313548,-3.1602485,15.026019,0.56702304,0.40029597,-0.39896053,0.1181692,0.43428925,6.8981094,-0.6192616,-0.3374182,-2.3000755,30.314337,-2.9623857,-0.14497076,0.10071228,-0.26520994,-0.5441822,0.7979647,-0.20420334,10.112189,-2.2201,13.932333,2.2366037,3.8743234,20.155464,-0.65926486,-2.645207,7.8303876,0.47733602,-2.2970836,0.29662272,4.3669806,7.3686023,-0.09019671,20.488607
5.7330666,-0.041589726,-0.9452724,-2.1892757,0.40497234,15.278477,15.930931,3.8746662,-3.5090168,0.14413771,-0.8608521,0.5271743,-5.3110695,17.31222,5.4481626,-0.5531326,-0.63444597,0.193547,0.09619934,5.6442065,-0.7653462,0.19040152,-1.7023311,31.083395,-2.004369,-0.48051795,0.22381563,-0.20703723,-1.2331969,0.5175621,-0.3598519,8.391588,-3.446052,11.58905,1.8688749,3.5576763,17.972649,-1.2512683,-0.40385053,7.4241652,-0.096131556,-2.0805655,0.094426714,4.308988,9.156134,-0.11292759,24.451382
4.8158474,0.017799983,-1.9047518,-2.2329664,0.3725285,13.029224,12.2351465,5.1660614,-2.4612446,-0.93821937,-0.9708695,0.42153856,-3.9543147,18.03044,5.226646,-0.45572633,-0.36103812,0.3306459,-0.28786212,1.3889204,0.6882075,0.031880137,-2.1863482,37.73136,-1.242849,-0.55928487,0.30744374,0.46697623,-1.0991304,1.6880786,-0.30419978,6.9768896,0.6232994,10.313813,0.7229088,4.1920915,19.42358,-1.2526176,3.662588,6.9640303,-0.47360197,-0.11917524,1.0163833,4.3703794,13.506287,0.04838553,28.302963
2.990001,-0.049034886,-2.0998015,-2.6382694,0.09940155,11.913225,10.798978,4.824571,-2.7586777,-0.82956773,-0.94779134,-0.24206632,-1.8719456,23.056051,5.811837,-0.74553615,-0.5117768,0.10733614,-1.1612871,1.411448,0.22860347,0.013512808,-1.7168516,32.66047,-2.1970103,-0.47523105,0.37831357,-0.12669826,-1.3358667,1.0510044,-1.381489,7.162284,-0.18628782,9.263265,0.34895068,3.791216,17.719585,-1.626788,0.2938745,7.5876865,0.38652503,-0.20986494,0.8953372,3.6372528,13.3413315,0.17415898,26.67196
2.8331358,-0.08991729,-0.6560697,-0.2123169,-0.29762337,14.68505,12.394568,-9.429416,-3.0157814,0.32883036,-0.73669153,0.19571695,-2.686886,22.928127,5.3869033,0.29741904,-0.23675963,0.13865894,0.32897505,6.4073825,-2.1356435,0.63571614,-1.2520972,30.578682,3.3120646,-0.22075696,0.36873734,-0.23646076,-0.4107104,0.49507058,-0.7263308,-1.3027337,-0.9455995,10.609,0.034710914,4.005358,16.650099,-1.6949666,-1.3391199,8.250931,0.08509494,0.33062872,0.33880988,5.016884,20.013983,0.13855596,24.48813
3.0668569,-0.3691384,-0.854447,-0.98507005,0.35673827,13.613128,11.636145,3.6119742,-4.1724234,0.14599466,-1.3828533,0.3642062,-2.1907012,24.768269,5.326521,-0.78522277,-0.4887189,-0.00969855,0.094940715,6.445492,0.21383227,0.23686601,-1.6994468,29.145895,-1.6167151,-0.5603093,-0.10410781,-0.035161678,-1.4441662,3.151374,-1.453615,-2.4948244,-0.9305396,9.765791,-0.63794136,4.206638,18.066143,-1.3733222,1.4772253,6.389785,-0.16438542,0.21147543,1.2724751,4.1970034,12.883665,0.011022544,26.604074
1.1112643,-0.21713392,-1.9710467,-0.21961148,-0.86202174,-0.24786589,-6.1478367,-8.378275,-9.591183,-0.10319079,-0.688342,-1.1849936,0.098044835,-15.08992,-1.6676857,1.2142537,-2.8056345,0.5507276,-0.018781161,1.4679116,-0.30165985,-1.0201589,-2.3540184,-17.702816,4.1204653,0.02090767,-0.56942374,0.023550024,0.05833738,-0.65322787,0.22107288,-0.33543256,-1.6841116,-3.5103402,-1.6591909,-0.18182944,-6.4067984,-0.5251888,-2.0194426,-4.3974094,-0.4183123,-1.736258,-0.06291853,-2.0975728,-5.7337203,-0.59469247,-12.994339
1.0570205,-0.028869899,-1.5672548,-0.17229514,-0.81829065,-0.58677167,-5.0772095,-8.447544,-8.946548,0.3637754,-0.57817394,-1.0288001,0.72114694,-15.176785,-1.3323762,0.6967211,-3.406992,0.65564823,-0.21433198,0.7241686,-1.3950794,-1.2424965,-2.1323023,-17.897348,4.1570444,0.03768183,-0.39333528,-0.12945837,-0.067647725,-0.6269434,0.4357463,-1.2963392,-1.3362697,-4.8017693,-1.434522,-0.089052595,-6.3355346,-0.3103775,-1.915656,-4.4440436,-0.52719223,-1.2272434,0.11636593,-1.8714155,-6.472069,-0.7431176,-12.302505
1.1236472,-0.32329392,-1.3665266,-0.10185098,-0.74093604,-0.24242438,-4.439378,-8.209511,-9.761828,0.1367761,-0.6130501,0.2783634,0.2964352,-14.789343,-1.606631,0.88347244,-2.7662923,0.51871324,-0.20825706,-0.14539887,-2.0999188,-1.1851346,-1.4593282,-17.713713,3.8665967,-0.006651707,-0.4091324,-0.10859616,-0.085064195,-0.4352089,0.3912578,-0.9931658,-0.97325104,-4.313937,-2.1767156,-0.07495962,-6.5008183,-0.35573947,-1.9364026,-4.5264897,-0.6478196,-1.266603,0.029710658,-1.856185,-6.184922,-1.3890086,-12.769787
1.1417546,-0.35866648,0.3306916,0.23736985,-0.6798911,1.3724989,-4.3619213,-7.321977,-10.1634245,0.06724017,-1.0921174,-0.6332178,0.14585462,-15.032503,-1.7495266,0.8864403,-1.7911843,0.5276605,0.040549364,0.2798464,-2.6263125,-1.2787423,-2.124109,-17.475994,4.052455,0.074566044,-0.8036983,0.04419279,0.31758595,-0.95473915,-0.24083884,-1.289644,-1.33444,-3.7085679,-2.1948323,-0.19569154,-7.0873203,-0.56621027,-1.7387025,-4.0530443,-0.7120333,-1.3493595,-0.12561949,-2.2353568,-5.804924,-1.2798598,-14.415939
2.210767,-0.33701482,0.10807645,-0.0071920934,-0.67271686,0.24364021,-4.7089972,-7.1679325,-10.140898,0.3252529,-1.0607065,-0.8899501,-0.010226085,-16.167244,-2.1371865,0.14294986,-1.7867941,0.63565046,0.10139445,1.5400964,-2.2830324,-0.9942733,-1.6708014,-17.848858,4.98972,0.030093169,-0.6623657,0.0004913527,0.33369365,-1.0710864,-0.37618372,-1.7354232,-1.471389,-3.749253,-1.9704454,0.00404565,-6.086065,-0.6433877,-2.0971203,-3.9309058,-0.4786034,-1.422666,-0.18312396,-2.0114353,-8.175549,-1.2651267,-12.789797
0.92491114,-0.13162653,-3.3018253,0.14288104,-0.7671807,-1.1600873,-6.080026,-7.502555,-7.299016,-0.42744765,-0.44186708,-0.16348822,1.9426876,-15.871768,-1.5694039,0.31486127,0.33399752,0.56494576,-0.10912526,-0.29960543,-0.6019984,-1.3464192,-0.7824985,-17.75786,4.5338106,0.14280598,-0.77034855,-0.103795834,-0.19982767,0.009166604,0.47880486,-1.4664904,-1.4743941,-5.781471,0.393219,-0.33065736,-5.8194604,-0.7987211,-1.5032159,-3.0060332,-0.7642938,-0.9170611,0.2658296,-1.2205274,-4.5963006,-0.6982823,-13.201326
2.1065571,-0.3789492,0.1402224,0.50086313,-0.7861453,-2.1362813,-4.3506474,-7.368852,-10.143521,0.5885402,-0.95948607,-0.72352177,-0.5959767,-18.51858,-1.2161739,0.22924508,-2.0960016,0.60254484,-0.50021225,0.64166343,-3.141697,-1.6961825,-2.1369116,-17.892996,5.6294384,0.106952906,-0.65125585,-0.093008675,0.23120727,-1.0338811,-0.25520042,-1.5535849,-1.5871615,-3.496638,-1.4674323,0.40512225,-4.9905753,-0.35736245,-2.0301654,-2.6065485,-0.12783349,-1.413953,-0.17511028,3.035984,-7.775502,-1.2448246,-12.571537
2.3148947,-0.6065286,-0.040328484,0.4963565,-0.01746862,-0.7293464,-3.5981517,-6.822599,-10.895463,-0.56207764,-1.1083493,-0.6259766,-0.99465436,-15.800618,-1.3219031,1.0170611,0.26757738,0.7143854,-0.53908753,0.3623174,-5.352858,-0.77114403,-1.8876547,-16.869778,5.5159297,0.1302442,-0.76679116,-0.11005207,0.2681035,-1.0395235,-0.37536138,-1.4187636,-0.84221816,-3.4384193,-0.7938362,0.4216438,-2.9678457,-0.3697924,-1.8175744,-0.43407372,-0.5666273,-1.1445141,-0.2484495,-1.3019488,-7.869089,-0.31749886,-13.144183
2.3386574,-0.24972469,0.72248,-0.1164856,-0.6322584,-1.7962388,-4.9184575,-6.99287,-11.02875,-0.8090437,-1.0498114,-0.37641427,0.0014533182,-15.866359,-1.5259465,1.0813576,-1.890662,0.32352242,0.021768726,1.6034076,-5.1929374,-0.7820446,-2.5083926,-16.747688,5.285748,0.04982893,1.7605774,-0.011043145,-0.06269097,-0.947033,-0.19784231,-1.1958874,-0.91045517,-3.4269018,-1.2898915,0.67361075,-2.9663289,-0.43237397,-1.8456998,1.1668683,3.3273416,-1.151471,-0.12362246,-0.22254068,-5.815099,-1.0060625,-13.122454
1.9712377,-0.17736517,-1.0051447,2.9390323,-0.2851046,1.4432983,-5.1480856,-7.3395553,-10.303647,-0.876824,-0.26493344,-0.96117514,0.6823004,-16.620735,-1.2923725,0.35477465,-3.400475,0.6370151,-0.19467688,1.4128269,-2.6631293,-1.0167946,-2.2228189,-17.142258,5.615042,0.08765353,-0.5217892,-0.056859642,0.23017262,-0.8924115,-0.08817536,-1.5742145,-0.5805159,-6.850812,-1.5950108,0.37813368,-8.018337,-0.3175205,-2.1966202,-3.3426974,-0.2629258,-0.6293885,-0.09482978,-1.0669795,-7.878004,-1.2593863,-15.005582
2.0957344,-0.28008398,0.2737385,0.6681365,-1.1245227,4.7429333,1.1854084,-6.8826957,-9.433598,-0.91099864,-0.717737,0.009686078,3.7301874,-16.77776,-1.4479318,1.1602273,0.03453651,0.52620745,-0.12744507,0.038162135,-3.657302,0.4044575,-1.3946733,-19.423252,5.5838814,0.207069,-0.16291091,-0.0649659,0.048715375,-0.65707105,-0.0809613,-0.27103955,1.9240974,1.6321597,-0.3722458,0.0078021195,-7.3299656,-0.34597582,-0.7371494,-4.061866,-0.18175595,-0.65347344,-0.36428452,-3.1902459,-9.270338,-1.1399918,-17.357018
2.082757,-0.26291257,0.18996042,0.64892983,-1.0859511,4.639177,1.1208433,-6.8506904,-8.769061,-0.8590785,-0.7170279,0.009461022,3.716808,-16.696411,-1.453003,0.63585806,0.014390572,0.5452386,-0.1716932,0.030309875,-3.533805,0.4416115,-1.3980361,-18.953915,5.5777297,0.21438928,-0.32549876,-0.0654917,0.036783203,-0.7029828,-0.1864231,-0.2583696,1.944673,1.6825645,-0.49039483,-0.33402202,-7.335334,-0.33331308,-0.9161601,-4.0039907,-0.21117885,-0.7215624,-0.35178047,-3.1745672,-9.254815,-1.0639513,-17.30048
6.103249,0.0014605323,-0.5122102,-1.3686996,-0.7504629,24.510445,77.76257,1.7162912,0.6212719,-1.2441303,0.3920652,0.08331587,-1.9145656,39.36461,-1.6121897,1.543265,-0.1450583,-0.21591216,0.27706915,2.6207194,2.3663855,0.7698037,-2.4549127,-2.6665342,18.92991,0.023481205,-0.30327597,-0.028289853,1.0341691,-0.7335138,1.1790982,-0.124863416,3.269084,-5.596573,-1.0930039,2.3606591,0.19338298,-0.58211696,1.0930057,8.711009,-2.6607761,0.35709468,-0.053841893,0.021725183,-3.881192,-1.077196,9.90616
6.47273,-0.24047582,-1.2440267,-1.8546705,0.25139698,22.464209,55.348232,4.6919427,-5.5557904,0.6882695,0.15048349,0.120970376,-1.0743331,27.20431,-3.4482346,0.98676765,-0.3436731,0.18514127,1.0702282,3.84095,1.9012257,1.5275025,-1.5049902,18.53746,18.368723,0.009479927,-0.27521873,-0.5649504,-0.37241334,-0.72930205,1.1696224,-1.7528195,0.13808425,7.8793015,0.108968355,6.779112,-0.4438534,-0.849606,3.0841124,8.018716,-0.19915164,-0.810772,-0.20650434,4.7137356,3.5680988,-0.112987585,14.053043
9.532678,0.080404095,-0.88610345,-1.7169489,0.046189908,20.918285,64.497475,1.9392189,-3.4600344,-0.41390502,0.013502622,0.4131515,-2.8925261,28.198961,-1.7938575,1.8050926,0.20903216,0.68819976,-0.0642394,4.608381,1.660851,1.6831939,-1.2391956,16.230778,14.016432,0.510068,-0.308004,-0.42874098,0.91352415,-1.2263591,1.6714585,-1.1571201,0.05237095,9.547163,0.03893635,6.142511,-0.77463716,-0.06591474,0.3713967,9.747405,-0.27959514,-0.10532397,0.32568562,4.595347,-0.20389405,-0.1694859,8.284609
2.0727582,0.029591026,-0.65511936,-1.9101769,-0.6214044,17.225712,82.57881,-2.0007815,-2.7195177,-0.23192872,-0.1935444,0.05498158,8.922639,51.124,-1.8613905,-7.057578,-1.3968333,0.843876,-0.3384491,3.8557067,2.3546748,0.6448783,-3.1223478,-8.788684,14.736561,0.2297241,-0.6530789,-0.52471125,0.9612558,-0.50496334,1.5091898,-0.15453969,1.3983749,5.7184258,-1.1479558,-1.4735477,-2.6281986,0.09575798,-1.2741544,-0.3397848,-0.3398292,0.0030331512,-0.08744893,-1.5468487,-3.583342,-1.1467527,-9.295741
2.9322383,0.31774667,0.07849235,-1.5419325,0.09287441,30.781654,94.043335,-2.517222,2.2428458,0.30149013,-0.064029865,-0.12324867,9.663575,44.476982,-1.2721466,0.50217015,-0.08894582,0.67676693,-0.0047549712,3.8986404,2.887323,0.34804556,-0.7882875,-12.080484,16.792171,0.288787,1.6564606,-0.41948783,1.0392808,-0.5454312,1.9367166,0.134134,2.2876015,6.352497,2.196089,0.21731555,-2.0328693,-0.3473699,-0.59896636,-0.47844344,-0.19434206,0.42347512,-0.4222651,-1.1948074,-2.5660844,-1.1962236,-6.463492
2.1935046,-0.988965,0.03211974,-1.9131018,-0.27578244,31.6172,73.5906,2.7146397,0.019777484,-0.67165196,-0.2055401,0.5258811,8.72302,32.697174,-1.8930312,1.3831298,-0.19736597,-0.043275252,0.7596195,-1.1610724,0.43718442,-0.15376683,-1.4114479,-3.5756555,20.380207,0.5510222,-0.092296176,-0.51292,1.039542,-0.34418133,2.2122233,-0.07070993,3.2948966,9.181848,-1.3017508,2.2206957,0.34877983,-0.28002223,-1.9614279,12.429471,-0.3414879,0.10395072,0.7424128,5.3670783,-0.08997925,-0.29595348,-2.9204025
1.8718944,-0.00895341,0.71273464,-1.4051762,-0.08870359,31.433481,88.44143,-2.6030526,1.528127,0.31394613,-1.0722868,-0.35460082,9.970069,42.050415,-0.99042916,0.9227717,-0.17284729,0.07551675,-0.2645624,4.3086805,2.093311,-0.5897643,-1.1780154,-11.754232,17.398375,0.26664868,2.5399387,-0.42059258,1.2109396,-0.32888794,2.2367995,0.008006118,3.222606,6.368022,1.7911086,0.21317813,-2.042464,-0.2993983,-0.782429,4.604235,-0.23692419,0.6050177,0.67194605,0.7249252,-1.0381389,-1.3426336,-6.8862085
0.90725076,-0.02650715,-1.0646743,-2.288414,-1.0278808,32.712383,88.879745,-2.5797558,0.117394425,-0.04845572,-0.01158024,-0.5489392,10.43752,25.210714,-1.2297972,0.51139665,-0.94525266,-1.1244503,-0.40592104,14.006484,1.6818852,-0.45638666,0.057519507,-10.866355,16.960573,0.1279472,2.1611915,-0.443594,0.82451,-0.9503018,2.0573587,0.64595014,4.524678,8.764209,0.25203595,-0.5628504,-2.5193908,-0.30450234,2.6963453,9.575608,-0.7029629,0.24582635,-0.31639844,5.4944367,-2.0041885,0.12507485,-6.755355
2.5281029,0.65304285,1.3646257,-0.61081016,-0.535375,39.654194,13.417215,-4.0310707,2.7092605,3.9066572,-1.2888175,-1.3966079,9.858801,48.614254,-0.8309758,2.2178144,-0.85097533,0.84262407,-0.14282572,5.221349,1.9417996,0.31810084,1.126169,-12.234603,23.400421,1.813188,6.1477737,0.019001964,0.9513665,0.33789077,1.0631429,1.4525248,4.0667224,9.887592,2.073253,0.9851795,1.7735392,1.0120587,-0.104116715,9.420437,0.11379743,-0.6340131,3.973284,8.201049,13.410477,-0.9803989,-9.304889
1.3926487,0.44421878,0.32789275,-0.6317633,-1.1754423,24.040117,64.8983,0.31263542,-0.8250603,-0.012461181,-0.28315538,0.22301322,8.172331,44.091843,-1.6476818,1.3218603,-0.15717462,0.69390786,-0.1579198,5.6012096,1.7917696,-0.4741322,-1.0416679,-8.447996,20.313988,0.31926125,-1.0963355,-0.747178,-0.6785297,0.16182727,-4.15489,-1.5065446,1.8618139,8.026931,-1.8271624,2.566852,-3.4110293,-0.6802431,3.1743636,-6.290955,1.0751259,-0.58808213,0.8807158,5.7700663,-0.68817484,-0.1273923,9.143092
-4.4937882,-0.12590168,0.09245437,-1.3645391,-0.51279855,-16.272892,-13.61229,5.96805,2.7215185,-0.31130552,0.46803272,-2.0228043,-2.295842,20.251045,0.9592428,1.7546736,-3.4830346,-0.84039426,-0.5655685,-4.2666965,17.060902,0.5659476,13.048136,28.766867,0.4864083,0.056717377,0.14656328,-0.15825152,-0.0061989916,-0.11103495,0.02665886,-0.9251461,-1.1633127,-0.13012645,-1.4540894,-0.97386295,17.087006,1.9645071,-4.034554,2.2589066,-1.6443793,1.9614675,-1.6326247,1.7846811,7.216082,-0.43766785,13.508859
-9.76166,0.6781385,-2.1004007,-1.8883747,-0.6783263,-20.393484,-14.162947,10.764023,14.839456,-5.120944,0.33102128,-0.9070839,1.0852573,22.776854,4.1551037,1.0383105,-0.031842884,-0.7418427,-0.026460577,-14.748949,10.09401,-0.36137632,3.2213647,24.098854,-4.1309094,0.30304614,0.20416959,-0.106803216,-0.04814671,-0.3579663,0.3304893,-0.3124686,-0.65146744,0.07697166,-15.911764,-1.9291209,8.654335,2.5526621,-2.2875693,0.078353554,-1.1539764,4.4044666,-4.7153163,1.1368707,9.338231,-0.43386942,11.687873
1.9955198,-0.22561482,0.26248762,0.66988796,-1.1249522,4.8855867,1.2000258,-6.8905725,-9.700115,-1.0215517,-0.72090733,0.009733423,3.6891978,-16.793219,-1.4536868,1.1595305,0.04161424,0.5574546,-0.12928003,0.052052416,-3.708601,0.42178518,-1.4193975,-19.35613,5.731759,0.19278182,-0.15253256,-0.05651406,-0.068324976,-0.6836007,-0.07882179,-0.29483557,1.9137247,1.617994,-0.308206,0.029766345,-7.1989756,-0.34871206,-0.7025802,-4.070234,-0.17973746,-0.51461583,-0.35298485,-3.1866455,-9.798888,-1.1556693,-16.787683
2.9605725,-0.41854843,-1.6872444,-2.0774987,-0.091460325,7.563898,10.546049,4.059027,-2.2339716,-0.05107028,0.52579844,-0.96466684,0.8671674,31.653763,5.885317,-0.176924,-0.478028,-0.5012704,-1.0474114,1.9616784,19.289253,0.31073728,-2.8247051,34.10144,-4.518988,-0.34981456,-0.08615133,0.011374678,0.20713758,-1.6838753,-0.3055829,-0.7894918,-1.2370676,0.41103008,1.1610551,5.449777,15.316023,-0.97018844,5.0745373,3.703751,0.45455423,-0.41441366,0.46989787,1.9196595,11.1728325,0.46740237,20.919357
4.2786202,-0.59514666,-1.5968921,-3.1723485,0.7751278,3.1748736,11.960688,6.204137,-3.044898,-0.70558095,0.3679527,-0.72935116,-1.2200677,28.5366,5.6888537,0.45798928,-0.7948309,-0.4449585,-0.50642836,-0.2321278,21.35125,0.85782623,0.5222462,38.80778,-4.3719454,-0.34124586,0.14428172,-0.11762069,0.943311,-0.3508283,0.4654275,4.511035,-1.1242023,-0.07659872,1.2597057,-1.610167,16.68603,-0.49233553,2.8062134,1.2739406,-1.4346443,-1.5597956,0.32661378,1.621275,11.564791,0.63025653,21.44087
4.0722246,-1.5821865,2.1940842,-3.880216,0.8427297,-6.487036,1.7577529,14.605199,5.338528,-0.84144104,0.49899718,-0.3434818,5.5643644,32.789757,10.799489,-0.2094006,-1.0177382,-0.9667512,-0.3596765,0.1386898,21.27746,-4.620167,4.960201,40.384727,-7.6549635,-0.6513254,0.120616965,-0.23786908,0.2798898,-0.9420846,0.14971061,7.510676,-1.0778071,-1.2426776,-1.1999089,-1.1351597,17.681528,-0.39465475,2.731514,2.4749045,-2.006033,4.33605,1.2935791,0.9034393,10.030848,0.16284749,18.903643
2.2676935,-0.14036691,0.38538986,0.4983536,-1.5038791,8.374876,13.698514,-8.039408,0.22578369,0.84761363,0.22145477,0.4875961,1.5086418,-11.876687,6.682207,-0.04349886,0.5701613,0.3020931,0.37967193,1.6808587,5.699786,0.9809324,-0.7595964,-15.696835,12.083022,0.36775193,0.2441302,0.17469822,0.23797846,0.10370387,-0.019701466,0.8427903,-0.899165,-1.9350277,-1.345545,-0.5012214,-6.1785197,-0.8292582,-0.25899738,16.46463,-0.15483123,-1.617592,-0.3916807,-2.7826695,-8.392184,-1.7760599,-13.195805
5.2566223,-0.015150177,-0.60277003,-1.0171994,1.0754924,6.706811,16.229929,5.669044,-4.386435,-0.36080405,0.8173788,0.375962,-0.6126504,23.497843,4.136745,-0.29784915,-0.48249707,-0.08221847,0.11361444,6.293683,0.4898019,-0.27603656,-2.1056476,32.51892,-1.7960398,-0.35917753,0.14568286,-0.08137521,1.6509942,-1.0895517,-0.20318225,-2.0119715,-1.0222014,10.372626,1.5967408,4.199938,17.229452,-1.0729597,-1.65106,7.9895477,0.3947564,-1.5979934,-0.96092063,3.9023092,9.46203,0.0034419447,25.222712
3.551013,-0.34800535,-1.0765512,-1.4708735,0.045741584,12.3055315,11.620721,6.905481,-2.6779172,-0.810377,0.82455075,-0.021971105,-0.9652469,32.42703,5.104506,-0.31450856,-0.517728,0.0011367431,-0.60656786,4.5671678,0.3404041,-0.01753686,-1.750584,31.793646,-2.8980052,-0.35537362,0.06825977,-0.07144053,1.0694349,-0.8100528,-0.2869866,-1.9239281,-1.2392853,5.9000425,1.4614995,4.2984223,16.854424,-1.0835537,2.5420358,-1.939067,0.03797378,-2.3737688,0.36506835,4.3885226,12.977901,0.22816323,27.006016
3.896602,-0.1487207,0.085826814,-0.5653483,0.4868958,15.310829,14.368342,-8.939092,-4.0904026,0.059286233,-0.7210909,0.5387789,-1.8590662,21.694988,0.618147,0.3402233,-1.6796724,0.07381577,0.23412259,7.2312484,-1.6428723,1.0314589,-1.0238994,31.47762,-1.2062643,-0.30229166,0.41799808,-0.31100905,3.0062408,-1.3737092,0.05318227,-2.9061697,-1.3774283,11.697028,2.2641366,4.0663595,15.195351,-0.63728774,-2.8301086,8.1243925,0.12612252,-2.510547,0.37187928,4.9082413,18.431414,-0.47423407,22.160067
3.5770516,-0.34136078,-0.78552437,-1.0307559,-0.040181965,12.038169,11.354046,5.4382305,-3.2536256,-0.8351611,0.6286619,-0.21600936,-1.7320039,25.526188,5.0059214,-0.30561334,-0.6194975,-0.09224615,-0.6323305,4.5607777,0.097738445,-0.0005828131,-1.8379109,31.926563,-2.8584013,-0.3709631,0.3375849,-0.05851984,1.5473267,-1.3917242,-0.40972537,-1.8627657,-2.2963176,9.714569,1.8196064,4.4326954,16.764406,-1.3663,2.505161,5.9045405,0.13796973,-2.112984,0.6781665,4.171569,12.826264,0.22384273,26.657688
3.4572272,-0.3692638,-0.8062538,-1.0817796,-0.113484845,12.613051,10.710406,6.3633,-3.9781003,-0.82185507,0.722232,-0.029096175,-1.3188047,25.612156,4.999642,-0.250997,-0.6323075,-0.096496426,-0.56819636,4.588285,-2.4524414e-05,-0.013135728,-1.8631012,30.489721,-2.8476589,-0.4850631,0.07405565,-0.054993656,0.9606661,-1.255563,-0.28632882,-1.7906426,-2.270053,8.490319,1.5850819,4.303394,18.846827,-1.3578079,2.455129,5.490667,0.13782565,-1.1775848,0.61899024,4.5968156,13.124133,0.23687553,26.933002
3.027595,-0.1374643,-1.8343492,-1.5313122,0.45500624,10.966504,6.051953,5.3476367,-2.5411122,0.04165578,0.7318253,-1.0157954,0.71721244,30.74391,6.0945897,0.060890503,-0.48935935,0.15026507,-0.01084879,0.42003688,19.64334,0.44675237,-3.0516763,29.30672,-4.1873417,-0.7639633,0.0010658767,-0.11999408,0.8106652,-0.9869427,-0.4372328,-0.551907,-0.9863531,1.9537885,0.7363057,3.8161051,16.183706,-0.36104107,4.767107,4.4122777,0.11402329,0.21512294,0.3057211,2.5832965,9.096967,0.3719534,22.807756
-3.2214234,-0.161692,3.8322399,-0.37191585,1.4586668,-6.283108,-15.758894,35.40453,5.2162676,-0.2310557,0.71815526,-0.022578951,11.056711,40.554802,11.301581,1.0737056,1.6549519,-1.5437772,0.27680513,-1.0012842,19.278131,0.36683413,7.979611,50.584873,-11.33587,-0.7419105,-0.74649346,0.67205673,-0.39703596,4.8598213,-0.002401974,1.2768909,-0.22670902,-5.73748,-0.5302249,-0.4387562,21.15296,-0.88536054,19.86127,21.60519,2.1037865,7.066236,0.26429173,-0.023433587,12.552798,0.8036924,19.598848
-3.204696,0.10476486,4.799226,-0.84648824,0.21941593,3.7424655,-3.7791252,35.66213,7.2837467,-0.08179811,1.0149825,0.28374368,7.837684,43.715515,14.787638,-0.9375043,2.0524058,-0.48265228,-0.065660335,-1.3993475,19.6212,-5.4303055,8.617717,54.43347,-7.141962,2.2828138,0.52688843,0.95783716,-0.18681459,6.2010727,-0.0053729517,6.046482,-0.21167737,-5.124409,-0.6420806,-0.42566225,25.802034,-0.22181417,14.992986,41.02984,1.1032494,8.848183,0.27845216,2.2344244,13.7512865,-0.1293543,21.793852
-2.0098019,-0.53217214,1.1786408,-0.36565143,0.30465832,-4.7088056,-6.930507,43.9937,29.69741,-0.5859676,0.50475264,-0.73405176,4.9957113,49.08555,25.452114,-7.7748494,2.1949394,-0.64021534,0.27582517,2.214669,17.989206,-5.2436347,3.5830648,52.748302,1.4419577,1.5978003,0.12297882,0.8457059,-0.18054718,4.7128744,-0.057364807,-7.309797,-3.5351427,-3.7217295,0.7229838,-0.22081634,24.925121,0.47802502,17.246977,42.908363,-0.008838913,4.9687138,0.22352119,0.34627625,11.580736,-4.9159017,23.015392
-1.8291287,-0.34557232,4.3183765,-0.73195535,1.0064118,-3.9711204,-5.998769,42.959152,5.612178,-0.08205425,0.45896536,0.024522364,9.520307,45.46585,20.562557,-0.13745944,3.3649733,-0.713876,0.19927219,2.070167,17.588392,-1.5956017,6.064618,54.33833,-6.0596476,-0.7955459,0.38036254,0.48491415,-0.27004614,5.771802,-0.13488708,-3.2361245,-0.76667935,-4.4807186,-0.9676195,-0.30486536,26.529966,-0.14877547,17.899277,41.4153,2.0522966,6.76332,0.33513018,1.2757313,13.305226,0.45977375,22.210499
-2.0016024,4.6731415,4.4268007,-0.5782567,2.7328298,-5.065021,-6.8164115,43.818935,4.3437567,-0.68986696,0.82971776,0.027643975,11.372847,47.143394,22.778473,-1.0802382,2.9700906,-0.3664075,0.21580052,-1.9535944,16.897205,-3.3723898,4.0012536,53.678288,-4.7928133,1.4774854,0.21255293,0.84158725,-0.57585984,5.806011,-0.36814314,-3.3801653,-1.1672537,-2.4842803,-0.91585,-0.18829489,26.098177,-0.22762029,21.460543,38.446186,2.028564,7.0324845,-0.6792871,0.66646254,10.599486,-0.04657522,21.963888
-3.0963397,-0.28243098,0.3131791,-0.7327392,1.1459024,-4.838812,-5.4991927,14.222859,1.1841975,-0.4236636,0.0378623,0.18508288,2.6700275,35.47922,13.940352,2.7693384,2.3758307,-0.2579637,-0.49617407,2.193914,19.890028,0.047329314,15.487436,39.263504,-1.9544616,-0.65649545,0.64452946,-1.4404151,-0.5300167,5.145362,-0.08498648,-1.1441373,-1.3822412,-5.231651,0.013972285,-1.9913051,18.122494,-0.15838154,13.091962,40.974434,-0.11034948,2.5406735,1.3403131,-1.0656149,12.101929,1.0913086,20.14603
-0.56014556,0.677781,1.7210659,-1.1651369,1.1135572,15.21336,-4.070064,20.195997,11.116249,0.023629924,1.8337464,0.79575795,2.5387766,28.922127,14.981789,1.1421303,0.9545277,0.57440794,-0.20322768,2.1970725,21.924004,0.4804759,19.627014,48.948177,-2.8679712,-0.8730309,0.5068431,1.3454908,-0.46437937,9.954174,-0.076434255,3.6801908,-0.33977377,-5.2777553,0.17160057,-1.3400173,24.198038,1.060765,11.909746,32.987545,0.7269493,9.995449,2.460445,3.6287284,14.476263,2.6376846,22.319017
-0.7236162,0.47162694,1.8813403,-0.6594604,1.4888119,11.915652,-8.385345,11.5588875,14.402828,0.14469002,1.2715732,0.12914953,0.81755,34.36254,14.796294,1.7806867,4.2824254,0.035461936,0.045868613,1.5235075,21.397387,-1.2347921,20.417393,51.992355,0.19817553,-0.38538337,0.54891604,1.1536976,-1.4418027,3.7526546,-0.39138055,4.5948777,-0.6739874,-0.115747444,0.2590523,-1.5013638,20.650942,0.35705462,16.395979,42.828007,0.0109244315,8.460472,0.7229939,2.9678862,14.139954,2.4991999,20.950838
1.40649,-0.17027709,-0.74529225,0.20518482,-1.3063643,3.1993408,-0.008365335,-7.6735682,-3.4532392,-0.49895108,-0.5495259,-0.06426005,3.5104234,-16.99267,-1.8711321,0.45481816,0.15751094,0.4069226,-0.10564541,0.13165714,-4.2064867,0.07056114,-1.5215887,-19.4601,-1.9291165,0.09496208,-0.68123585,-0.09308252,-0.067309074,-0.5728354,-0.03440585,-1.7740127,-1.5432485,0.7618402,-1.6603065,-0.6221786,-5.973876,-0.8217132,-1.0002774,-4.0552125,-0.3814035,-1.249666,-0.27965167,-2.6329837,-5.722456,-1.6660384,-14.058046
0.09716192,0.0057121012,-4.6671977,-0.40442017,-1.0366211,2.8005564,-4.6104827,-8.35388,-1.5346434,-1.06942,-1.5875375,-1.4588608,-1.0296668,-10.60675,-3.9808795,-0.4871231,0.34081462,-0.20370477,-0.17208755,-0.78139853,-1.0939593,0.65714246,-1.0924257,-14.560465,-3.373535,-0.4611749,-0.024106901,-0.1936326,-0.52300465,-0.48435193,0.58166564,-1.329149,-3.1869342,-0.41746306,-1.0310698,0.23580131,-3.4455433,-0.5609066,7.1882615,-3.3682234,-3.014019,-1.7830749,-0.8019171,-2.3721533,-5.012664,-0.6748274,-5.9258776
0.015892748,0.030072173,-2.4521682,-0.46721452,-1.023139,0.20238827,-5.5554147,-8.811968,-1.7434007,-1.5509844,-1.2847598,-1.4816352,-1.458725,-10.702717,-3.8407874,-0.06959851,0.47076347,-0.085431814,-0.2684395,-0.5498284,-1.1003817,0.6024408,-1.3576806,-14.985206,-3.9515243,-0.7408848,0.10263145,-0.040994383,-0.042106096,-0.5339291,-0.3184248,-1.18551,-2.1082916,-0.09365709,-1.9112837,-0.19315733,-3.2668126,-0.36041874,-1.5578378,-2.4983635,-1.6080672,-1.9130143,-0.6312759,-2.3729281,-4.158592,-0.97521216,-7.0054054
1.3859148,-0.10907137,-0.70302343,0.21193333,-1.2902598,3.2208471,-0.15152358,-8.40727,-3.4887195,-0.53415793,-0.5516699,-0.07107117,2.2832942,-13.332134,-1.8955306,0.47031736,0.14526846,0.38121378,-0.19111985,0.10892305,-4.511183,0.008955656,-1.296763,-19.284754,-1.9695936,0.010238964,-0.39899966,-0.1571916,0.32690722,-1.2279354,-0.17978674,-1.6715195,-0.9446861,-0.74128765,-1.4740102,-0.6407316,-7.3015385,-0.3854928,-0.7392219,-3.665961,-0.41102764,-0.77903646,-0.5599041,-2.2796335,-5.90744,-1.5924034,-14.439007
1.4096316,-0.18476833,-0.6121044,0.21966046,-1.2607312,3.1245518,0.1158188,-8.421178,-3.321283,-0.58101946,-0.55019087,-0.05047869,2.3278234,-14.529443,-1.7743453,0.46376696,0.20285563,0.4058802,-0.105503775,0.14412828,-4.262224,0.11728272,-1.2749497,-19.498652,-1.888528,-0.07099519,-0.68272656,-0.028128998,0.3268184,-0.5178866,0.0064910315,-1.4819747,-0.94781446,-1.9593147,-1.5975422,-0.6302466,-7.0016155,-0.39715353,-0.65394896,-4.0809474,-0.4386877,-1.2505709,-0.28847012,-2.2679057,-5.69123,-1.6144054,-14.035778
1.479707,-0.06493173,-0.025873024,0.047729336,-1.8477615,2.485971,-0.12354152,-8.6990795,-2.9023197,-0.9834906,-0.36462227,-0.036339797,2.2377584,-14.5365095,-1.994007,-0.03606808,0.16265646,0.8769927,-0.100049645,0.12979089,-4.5698605,0.08002912,-2.476002,-19.034367,-1.9106174,-0.05763583,-0.7273087,-0.075873636,0.2550127,-0.56948674,-0.013738009,-1.884494,-1.4663454,-2.019665,-1.9844916,-0.65505695,-5.858259,-1.0722561,-0.84032047,-4.0356994,3.2986007,-1.2403681,-0.29565656,-2.6893458,-5.6037607,-1.6308922,-13.44795
8.919035,-0.44169718,-0.4066647,8.901384,-0.15387535,26.560787,30.41924,14.915137,11.219142,0.06750647,0.9004684,0.3743471,27.003366,28.46138,-0.4584235,0.68082666,-0.77491325,0.10664318,0.44899336,-0.4343146,21.287773,0.599916,16.368916,44.372776,14.980823,0.10346623,2.2171326,-0.16204458,0.10552462,0.2569325,0.1416087,17.15362,4.9661894,22.023764,2.626403,2.003664,22.302225,-0.021140447,5.1290774,10.894072,0.43429202,-3.3911128,2.1456563,4.189157,7.9853663,1.1656804,17.526484
11.119448,-0.64913476,-0.66173786,5.942358,1.4536122,21.102901,26.74456,21.671227,12.106966,4.787808,0.88157904,0.761295,14.008585,29.984941,-2.1012504,0.18458945,-0.6751473,0.0672071,0.5355701,-0.7330589,22.106495,0.45300505,19.868742,46.835594,4.416638,0.0066434727,0.78229964,-0.26395625,-0.07512326,0.41349253,0.012875045,17.174385,3.3547466,23.324024,4.995206,4.296775,26.70714,0.2523725,3.0430546,19.364046,-0.47501814,-3.9666717,2.4452875,5.071068,5.551095,1.0609902,20.566608
1.3398879,0.06132617,-2.2593741,-0.070921704,-0.5690309,-1.3026686,-4.6409874,-7.747395,-6.038216,0.17970966,1.0525241,0.80487,1.6766272,-12.657767,-1.9874115,0.004900753,0.49184874,0.48232612,-0.14799747,0.15702131,1.7491996,1.0476562,2.4948342,-16.330822,-0.9906457,-0.00783173,0.2515145,-0.17157291,0.45336956,-0.41476554,-0.047469746,-1.0927957,0.11710265,-0.5501545,0.8870707,-0.05194283,-3.0830004,-0.050472155,-0.38541284,-1.7901001,-0.056177493,-0.75063765,-0.12936296,-2.2086294,-3.327712,-0.7370661,-10.594655
-0.7780524,-0.07046561,-3.0704143,-0.3324481,-0.48292994,-3.2115824,-6.8803787,-8.19058,-5.142703,-0.6072706,0.8965014,0.7081206,0.9984404,-11.523581,-3.2217896,0.08293567,0.21325308,0.1090167,-0.29726097,-0.45362872,2.6194532,0.7986726,1.6179198,-14.7420225,-1.7506027,-0.3459606,-0.066078566,-0.06784515,-0.08104406,-0.55365187,0.37467173,1.0743443,-0.8019035,-1.0824975,0.87630624,-0.84478885,-3.3356318,-0.6348503,-0.34165174,0.44701108,-0.2943414,-2.6169677,0.3583599,-0.566722,-2.4986012,-0.16097778,-4.2872877
1.2899393,-0.20982502,-0.6740867,-0.21773638,-0.7723253,-1.2977446,-4.3005176,-7.0821557,-5.9825025,0.30378136,1.1153111,0.67275053,1.3244319,-14.260369,-2.021574,-0.12309022,0.4850351,0.44067088,-0.14378938,0.2142555,1.0405285,1.0059977,2.2097483,-16.674664,-1.0940869,-0.08082671,0.23815009,-0.07252304,0.028167125,-0.54587924,-0.09290297,-1.1333449,-0.017551579,-0.3417392,-0.084607586,0.33762166,-2.7334187,-0.07366571,-0.50650465,-2.008697,-0.11333999,-0.74322796,-0.14911853,-1.0693166,-2.9459226,-0.72552174,-9.880729
1.4443251,-0.104283854,-2.3697188,-0.059198864,-0.5367361,-1.5086259,-4.4732795,-7.5936537,-6.041953,0.28359377,1.1034163,0.77656406,2.0243082,-13.828268,-2.024565,-0.03735133,0.5010608,0.40855774,-0.123324886,0.1509167,1.7373475,0.9525018,2.219021,-16.474049,-1.0399734,-0.08215893,-0.032914575,-0.16725552,0.06253772,-0.54859567,-0.10954282,-1.1209165,0.044213645,-0.37286615,0.77172214,-0.20452751,-3.128876,-0.043845322,-0.48885918,-1.9509225,-0.10398936,-0.7396957,-0.14776494,-1.1131885,-2.931442,-0.7376574,-10.19794
1.4810065,-0.30632305,-0.58186466,0.17509843,-0.7010131,-1.296912,-4.108509,-7.4109545,-5.9749775,0.39309624,1.0990855,0.8378657,1.5946403,-14.051559,-2.0030327,-0.09115087,0.49300805,0.54149413,-0.12306386,0.15359667,0.9440937,1.2276655,2.327601,-16.344498,-1.074305,-0.08161414,-0.05360056,-0.2676196,0.506368,-0.47518417,-0.04931665,-1.1741751,0.13924564,-0.40261993,-0.10254134,-0.20459747,-2.9571965,-0.088855565,-0.5767048,-1.8503648,-0.14896421,-0.97457945,-0.1781202,-1.1802534,-2.8407676,-0.7198923,-10.151517
-3.5346296,-1.0819385,-1.3700225,-0.22313344,-0.467524,-1.857868,-4.277686,-12.664139,-2.0821695,-0.6098537,0.99420327,0.32326746,-1.643835,14.243094,-7.440869,-0.15508212,-0.8510437,0.75961435,0.5193896,-1.5423368,26.862572,0.5416215,0.9876168,-14.827671,-4.1643634,-0.3470397,-0.31637913,0.1801708,-0.71436685,-0.562503,-0.034157895,-0.8595425,-0.8278553,-2.2834542,1.3164283,-3.468754,-8.633863,-3.303141,-2.7728453,4.000988,-1.6232214,-1.3245373,0.030174099,-1.5798211,-1.8965664,-0.11844749,-5.209265
-2.7754066,3.1539962,-1.4880304,-1.389265,-0.40514854,-1.3655336,10.213339,-9.872721,-1.5251085,1.9584047,1.0344954,0.51008934,-0.59728473,-2.9962077,-8.549446,-0.15796372,-0.08179196,0.05825146,0.22253153,-0.16544212,35.86153,0.30994394,-0.38516212,-14.181062,-3.8868983,-0.6034689,-0.0034504062,-0.024826163,-0.52962965,0.1799352,0.11713042,-1.0920305,-1.4823706,-4.4857016,1.283469,-0.10244689,19.706087,6.0037084,-2.3513858,9.201876,-1.7147468,-1.1759325,0.20632547,-0.8270565,6.2660966,0.21180008,-2.5462186
-2.0535138,-0.5072528,-1.858409,-1.1525031,-1.428546,0.34598392,-2.5601559,-10.256669,-0.114077985,-1.0063564,1.400348,0.89899886,-1.2120084,-7.3495727,-4.5279317,0.19985875,0.29172605,0.0057966453,0.7593322,-2.490456,4.0429564,0.5429446,-0.6527054,-16.427906,-2.465571,-1.6817136,-0.7539471,-0.29170492,-0.60878277,0.17861493,0.15401824,1.2842965,-1.3103559,-1.9315307,1.6357039,-2.4868858,-3.9929824,-2.6685023,-1.6454172,5.9536085,-0.3620397,-2.628362,0.0721758,4.524649,-1.3369777,-0.035131164,11.047206
-7.0553474,-0.2047316,-1.6095618,-3.559537,-0.6344896,-8.492345,-10.140301,-5.803044,-0.6336533,-1.2854612,1.1092235,0.08424914,-2.5805542,14.074424,-7.0310645,-0.47480437,-1.4123377,-0.41202432,-2.3549387,-0.0547828,27.373024,-1.313999,-1.3867923,-9.065084,-5.0132346,-0.9559293,-0.7089554,0.104195274,-0.50744534,-0.86044955,-0.15692855,2.3352659,-1.1529448,-10.683592,-0.06413023,-2.8108556,10.040777,-2.6987584,-2.4823823,3.3105748,-3.6710799,2.1381822,0.06507227,-3.0389645,0.1870086,0.15129906,-4.7495813
-6.677797,-0.042278763,-1.5966518,-2.8522778,-0.73726547,-7.8356495,-10.882113,-8.811985,0.124370076,-0.5133521,0.59229225,0.82059705,-2.9099333,-3.2521565,-5.106843,-0.8603208,-1.2604532,-0.34982058,-0.2688997,0.051297545,29.121195,-0.73413634,0.33628863,-15.739345,-4.6178765,-0.814016,-0.31702083,-0.044541314,-0.6435772,-0.34725326,-0.30845258,0.6391954,-2.939666,-8.328184,1.2584581,-3.1508322,9.122506,1.6302733,-1.1002513,8.554365,-2.248761,1.5931381,0.15472396,-0.15049344,-0.3019438,0.20082748,-2.5820522
-6.428449,-0.018049952,-1.4428228,-0.9144824,-0.40766016,-3.5863993,-5.204209,-5.0965157,0.8912057,-0.22085127,0.64106137,0.96154374,-0.29125518,-6.921111,-8.855411,0.024232067,-0.09831258,0.013991958,0.80183864,-0.4604188,2.2663279,0.25928858,-0.26820517,-13.286966,-4.7185593,-0.22532332,-0.26674098,0.08263725,-0.4304478,-0.55388004,0.31767714,1.654216,-1.8778412,-6.137468,1.4059579,0.01913038,-4.078777,-1.4262941,-1.4446002,7.7231383,-0.09932798,-1.8424083,0.2440313,5.859192,9.953709,0.10048875,8.924065
0.11131457,0.22535671,-1.4458154,0.874945,-4.873996,1.915358,-0.5155123,-6.0142236,1.3809259,-5.620731,-1.4389535,0.8426475,3.9028454,-11.892075,-0.9163717,0.40587768,0.17166851,0.8122633,0.7125903,2.3423023,2.5799372,0.41835266,1.7996862,-17.719118,-2.1048126,-0.00994599,-0.12498968,0.39982694,-0.058387835,0.1562431,0.033463378,-1.0341727,-1.25179,-4.066236,2.6597452,1.4689609,-8.86609,-0.7184404,-0.31656602,8.28138,-0.68781155,-0.51073945,-0.006039779,-0.87351483,0.05511167,-0.055352464,-4.9794793
-1.6286224,-0.13559446,-2.0094547,0.69328785,-0.834542,-0.8606475,-5.7051287,-10.146942,-1.0267159,-0.9732139,1.1175501,0.51370734,2.7272415,-14.642493,-4.972631,-2.0407631,-0.7717036,0.94717395,0.535346,-0.34301326,1.3727891,0.0320227,-0.99664205,-15.670574,-2.496171,-0.26390693,0.06432593,-0.14278479,0.19097805,-0.4247407,-0.39869106,1.1349496,-1.271185,-2.936326,1.8093033,-1.341964,12.902519,-2.952936,-1.3705254,5.6265187,0.35764498,-2.060181,0.2386839,-0.54304326,8.013499,0.1280747,-2.98314
2.0810692,-0.2592253,0.23418741,0.6553178,-1.1247945,4.8107753,1.6069682,-7.458462,-9.18622,-0.84875757,-0.5041178,0.06546989,3.794415,-16.827932,-1.4281313,1.1575559,0.03731338,0.5556401,-0.15711297,0.033344906,-3.7968597,0.42242742,-1.4343445,-19.276924,5.860602,0.20574284,-0.111597136,-0.4850008,-0.44591007,-0.30146578,0.17303906,-1.4569757,1.4686944,1.6076423,-0.33795872,0.027926557,-6.5809755,-0.37472147,-0.6079,-3.7674928,-0.15782431,-1.3457745,-0.39137205,-3.66289,-9.763543,-1.1389256,-16.546677
2.099704,-0.21637577,0.24145442,0.6681752,-1.1299309,4.9605813,1.2087883,-6.9001546,-9.693961,-0.96445185,-0.71726805,0.0099999,3.6848173,-16.790972,-1.4422697,1.1639469,0.041332424,0.5549669,-0.13455725,0.047342848,-3.653035,0.42258906,-1.4151555,-19.353636,5.865343,0.20156293,-0.14132841,-0.035915077,0.038894035,-0.677056,-0.07432914,-0.28118777,1.9109919,1.6201212,-0.32022995,0.014006056,-7.205173,-0.34787852,-0.70662385,-4.04374,-0.18168572,-0.65936863,-0.36029202,-3.184326,-9.794571,-1.1390367,-17.315702
2.099704,-0.21637577,0.24145442,0.66784346,-1.1299309,4.9605813,1.2087682,-6.9001546,-9.693961,-0.9645289,-0.71726805,0.010698774,3.6848173,-16.791687,-1.4422721,1.1639469,0.041332424,0.5544049,-0.1346034,0.047342848,-3.653035,0.42258906,-1.4150208,-19.353636,5.865343,0.20156293,-0.14123201,-0.035915077,0.038894035,-0.677056,-0.07432914,-0.28118777,1.9109919,1.6271037,-0.32649383,0.013821551,-7.205173,-0.34791988,-0.70662385,-4.04374,-0.18168572,-0.6591583,-0.36029202,-3.1843853,-9.794571,-1.1390367,-17.315832
2.0901437,-0.22222653,0.24544254,0.6689072,-1.1326365,4.9560385,1.2099407,-6.9093866,-9.414088,-0.9605725,-0.4982632,-0.0032000456,3.699239,-16.751879,-1.4387774,1.1642377,0.043688368,0.551666,-0.13517705,0.03299064,-3.6522872,0.42223907,-1.4133039,-19.424747,5.6402574,0.20927079,-0.13853106,-0.031809215,-0.16996996,-0.686827,-0.07647586,-0.26879454,1.9611207,1.6064305,-0.42947206,0.023210894,-7.201078,-0.3451808,-0.70392144,-4.040053,-0.18127057,-0.66078365,-0.36409062,-3.1817055,-9.749077,-1.1390884,-17.322723
1.0715305,-0.19097519,0.2673343,0.510599,-1.1503123,4.932972,0.40569338,-6.8441577,-9.537856,-0.9179396,-0.7385184,0.056230467,3.6472743,-15.631036,-1.663922,1.1597873,0.04724114,0.6021354,-0.1442601,0.06627783,-3.4739382,0.44342354,-1.337019,-19.224361,5.0118613,0.31397292,-0.17118531,-0.00030017184,0.2912374,-0.9166782,-0.09933139,-0.2730998,2.031841,1.6621,-0.29877505,0.16684538,-7.418345,-0.34374037,-0.7669815,-3.9779599,-0.21082354,-0.65530133,-0.55465114,-3.0043876,-8.23104,-1.122237,-17.274067
2.0330968,-0.07359121,0.31118736,2.0948405,-1.095918,5.1250587,1.433534,-7.6950464,-10.604073,-0.14169458,-2.0924225,0.08204685,3.38475,-17.635132,-1.2674869,1.117002,0.037667718,0.5707522,-0.078152776,1.3215688,-5.0286345,0.10651294,-0.9480707,-19.901762,5.518538,0.18242496,0.51845616,-0.016709011,0.20762797,-0.86237204,-0.12809089,-0.10871532,1.7574246,5.3214927,-0.4196433,0.21587615,-7.811614,-0.3728425,-0.84363574,-6.6134796,0.095938124,-0.6550612,-0.38304475,-4.0836554,-9.4160185,-1.184622,-16.595913
1.3574067,-0.34345618,0.14236304,0.42064282,-1.1135987,5.0589323,2.0132668,-6.761998,-10.133784,-0.9737294,-1.7401888,0.08666287,3.2985322,-16.839191,-1.5463696,1.1670231,0.12124451,0.5923993,-0.23001422,0.37853375,-4.5136633,0.23301391,-1.4306818,-19.190346,5.09491,0.17460586,0.39093125,-0.020564822,0.14112021,-0.797449,0.028551849,-0.22740883,1.7520163,5.9793687,-0.299128,0.054475863,-6.782341,-0.41249186,-0.88432264,-6.3666086,-0.13842021,-1.107845,-0.8847032,-3.6537154,-8.312443,-1.1745827,-16.74053
2.2091453,-0.18475522,-0.04388573,0.60347813,-1.2006382,4.24288,0.33395362,-7.495147,-9.591008,-0.88703644,-0.7016549,0.055478312,3.5119061,-16.056427,-1.6812313,0.49664697,0.04708252,0.5550418,0.032760046,1.5325503,-3.7204018,0.4087868,-1.4166297,-18.704176,6.60234,0.31323892,0.5080158,-0.028136924,-0.09633263,-0.511326,-0.08219123,0.14963254,2.1660557,1.0325625,-0.52791137,-0.09347183,-7.1950693,-0.30921763,-0.87263846,-3.8988202,-0.19683258,-1.2945557,-0.48341018,-3.047942,-10.358987,-1.0695115,-17.288235
2.2233255,-0.25212836,0.28168532,0.6695691,-1.1120142,4.6161485,0.30435288,-7.1940475,-9.084504,0.04672332,-1.8128631,0.09329238,3.5128944,-16.388937,-1.5327388,1.126528,0.022396578,0.5519054,-0.056778807,-0.67748874,-3.464622,0.4077154,-1.3481848,-18.691748,5.8720393,0.26338878,-0.17550059,-0.092758685,0.30004114,-0.7839017,-0.09410122,-0.016425695,1.7729187,4.870827,-0.41942406,-0.5097247,-6.645165,-0.33038703,-0.6903344,-5.786314,-0.17481413,-1.3051825,-0.4261181,-3.8948636,-10.600287,-1.1292542,-16.225227
2.0799918,-0.1504806,0.41560882,1.3377696,-1.1337776,5.156756,0.4646668,-6.891454,-9.938,-0.9400698,-0.94110686,0.007252473,3.6317186,-17.160696,-1.4421239,1.1516242,0.046563905,0.5909175,-0.13249134,0.12835832,-3.6049695,0.43446338,-1.3237487,-19.066984,5.6837068,0.20895629,-0.15421481,-0.029687876,0.22777903,-0.827808,-0.08611021,0.14992508,2.2181938,1.680886,-0.371129,0.24753585,-7.4935484,-0.4301651,-0.7353495,-3.9999363,-0.23253918,-0.63124335,-0.38880798,-3.1580284,-10.191892,-1.1296816,-17.240025
2.1341674,-0.21863271,-0.019039478,1.3086421,-0.88521403,7.128989,1.232139,-8.934395,-9.456837,-0.91514534,-0.31081095,-0.39442953,2.5994167,-13.949863,-1.4597824,0.06938967,-0.028378028,0.65748185,-0.103060044,0.468839,-3.5026486,0.3606936,-0.4605291,-18.746956,5.7098536,0.22804922,-0.31418994,0.005074709,0.2967641,-0.49162596,-0.14557028,-0.49199215,2.4091387,-0.7819247,0.004105154,-0.050529584,-7.700998,-0.3182134,-0.8334533,-4.5173197,-0.36322507,-1.1449996,0.0005636015,-2.9887795,-9.416121,-0.9850029,-18.837812
2.081931,0.14536576,0.39988446,1.2679746,-1.1827435,6.9629626,1.9752829,-6.928504,-11.292168,-0.059826404,-1.1934551,0.142664,3.772642,-17.758186,-1.3954413,1.1382288,0.124473095,0.6298399,-0.006080933,0.046061374,-4.68567,0.36000067,-0.90623105,-19.390976,5.72727,0.24323766,-0.24800809,0.009528671,0.19696127,-0.90149885,-0.1764123,-0.39878395,1.6074283,1.5415046,0.11658087,0.03479883,-7.2776284,-0.46847346,-1.0715861,-3.9283338,-0.2632451,-0.018505642,-0.5267545,-3.1816633,-9.90169,-0.81032866,-18.764225
2.3378067,0.21126577,0.29594493,2.0923338,-1.1450945,7.565897,2.3517032,-6.477888,-11.260847,0.19364178,-1.835884,0.091846906,1.9183396,-16.118618,-1.4520537,0.37940806,0.016901214,0.4128499,0.14556198,0.15543503,-5.1464677,0.41209838,-1.2021756,-19.507591,5.300456,0.19303757,0.15881328,0.008593177,0.3527199,-1.5391924,-0.09488108,-0.02763239,1.3995697,5.6209316,-0.059182897,-0.03922461,-8.91971,-0.30894,-1.1813096,-6.8466043,2.8820345,-0.11769008,-0.8982139,-3.691674,-10.224682,-1.0133872,-19.602713
3.0002997,-0.35582712,-1.8837049,-1.8414794,-0.047886986,8.125905,11.0019045,5.8813677,-4.3387475,-1.0854008,0.81882966,-0.72954434,-0.04856731,29.22488,5.1796694,-0.22582816,-0.606691,-0.4764107,-0.560216,1.9393824,0.071651146,0.71878153,-3.3484876,36.118145,-4.40016,-0.76964194,-0.007381293,-0.37519756,1.2566261,-0.57563454,0.15678805,-1.5625383,-2.0091984,9.298917,0.45700458,5.7890005,17.278292,-1.7571219,2.560799,5.7978888,-0.9526343,-0.23086585,0.3146376,4.305594,12.412586,-0.10926488,30.067415
-5.9162054,-0.024530599,3.0415425,-1.5626936,-0.124697804,-17.298391,-9.712038,10.135141,2.6482491,-0.78546214,0.73223406,-1.5948591,-0.25320736,26.822798,6.6289144,1.0370681,-0.14369275,-0.8561693,0.056266047,-4.851385,18.499409,-0.3446969,8.988195,33.43578,-6.138589,-0.63353187,-1.1985627,0.20565501,-0.38394657,-0.6822093,-0.0648503,2.29644,-1.7831681,-13.574121,0.97576654,-1.8953934,13.720794,1.3591338,2.3550427,1.3708694,-7.1133566,4.003856,0.714751,0.87727636,6.3745303,-0.064840145,15.792107
-6.4656463,-0.5088152,1.6945105,-0.8234113,0.7943993,-17.36194,-7.5047274,8.941728,13.986983,2.1877306,0.9395758,-1.1057925,4.427954,28.419168,6.9769073,0.28309402,1.8724219,-0.8319197,-0.18297862,-23.51,16.81867,-3.8046377,6.31245,32.3684,-0.20030515,-0.9277954,-0.5377698,-0.10063356,-0.3341044,1.9956396,-0.06853543,3.3065274,-1.4593872,-25.848171,-10.302098,0.3391512,11.531452,1.0317699,7.9604254,-0.4121004,-6.4776216,3.9592714,-0.58573395,1.223782,11.718821,0.6490646,15.395542
-4.2126923,0.08084323,1.2609111,-1.5057175,0.97297126,-13.748364,-19.230839,2.2652497,0.9664938,-1.169381,0.9776921,-0.8237126,0.9827192,30.53255,4.877351,-0.31169412,1.4396422,-0.6761322,-0.34790593,-1.2278183,20.945908,-0.76083606,-0.27553186,31.337442,-2.800862,-0.28270704,-0.028211802,-0.107851565,-0.4925499,-0.22120243,0.53585964,-0.7561656,-1.119698,-10.988136,0.42540866,-2.8577156,13.589991,0.74160236,0.96748495,2.5413525,-2.6629956,4.0805497,0.73325926,1.1126821,6.9281273,0.068361215,13.554307
2.4929132,-0.29609287,-1.8062512,0.6717646,-0.22233425,-7.5780954,-6.305848,-1.1106822,-5.032367,-0.8296374,0.760067,-0.990198,-1.6888405,25.093105,-0.2597277,-0.86594445,1.0708758,-0.09939708,0.9181046,-0.27616107,18.58479,-0.21212576,-1.8383349,25.762842,-0.9488133,0.16480237,-0.81930786,-0.19800872,-0.6039575,-0.93614984,0.07398604,-2.4939253,-1.0686686,-3.8804936,1.5737287,0.37104973,14.573233,-0.52060574,-0.20521429,2.9566035,-2.400902,-0.03530162,0.36772734,1.8490356,7.807118,0.29545754,13.865218
1.7839541,-0.3969817,-1.6040338,0.5427284,-0.16443196,-1.0367749,-5.700012,-1.178504,-4.0973706,-1.1553881,0.8202729,-0.8386453,-1.1673211,21.245108,0.5893975,-0.63912946,0.4933735,-0.09580584,0.61506444,-0.26718354,18.803432,-1.1624523,-3.2438219,27.194246,-1.8501426,0.14593998,0.11319856,-0.26365396,-0.86189246,-1.1483918,0.060065307,-3.064872,-1.2349813,-4.5910187,1.3985734,-3.9325736,17.439205,-0.48296708,2.828636,2.6807973,-2.5542972,-0.5509952,0.42874962,1.9066039,8.006723,0.31079638,12.803975
-0.75812167,-0.26337117,-0.5890263,-0.084881134,-0.78677076,-9.569058,-12.319124,-1.8467833,-4.721714,-1.5396281,0.47886133,-0.5307705,-2.072712,23.983324,-4.517654,-0.08058039,1.7541639,-0.07075342,1.2301831,-0.24689814,17.602648,-1.0093211,-1.7916712,23.451242,-2.4370465,0.70150095,-0.023303585,-0.1873945,-0.34070727,-1.0299913,0.30327687,-1.0337181,-1.3621995,-5.863081,1.0503126,0.84616494,14.672874,2.3248308,2.6521862,3.389857,-1.7486315,3.861554,0.360655,2.0073333,5.460267,0.17941682,6.125754
8.668566,-0.17482255,-0.17268299,1.4076078,-0.26370448,17.94548,24.590332,4.1777506,-6.125165,-3.0575032,0.6437271,0.3171781,-1.0013814,29.666603,-2.7510145,-0.04582447,-1.4387715,0.5706637,0.4318709,6.2019377,-1.2044492,-0.029976038,-2.9572952,27.70799,0.70476174,-0.14773333,-1.0611033,-0.2922324,0.99014354,-2.3000238,-0.28240794,-4.61733,-0.3183747,10.169307,2.2442102,6.00149,18.072292,-0.48919347,0.21305464,-4.3710847,0.07306683,-3.274017,-0.7641141,3.942606,9.924732,-0.2749294,22.139761
7.41514,-0.19707263,-0.2709201,0.37258583,-0.7436269,18.76636,67.6931,-8.0180235,-7.637765,-2.9146776,-1.4117235,0.7572014,-1.6663531,22.466408,-3.32065,1.0291433,-1.1626033,0.7018412,0.35548085,6.8033614,-0.27063853,0.87820137,-1.7137803,20.956066,8.241338,0.53396463,-0.36188617,-0.19415842,0.6779385,-2.3735597,-0.09581489,-4.409044,-1.9313303,13.953703,2.686355,4.5279465,3.7817326,0.096253894,-0.21701106,-2.6432323,0.30342704,-3.0552733,-1.4491682,3.534344,-2.3012764,-6.197026,17.683456
4.1138024,-0.4194232,-0.7720838,-0.7061621,-0.1303964,15.28844,20.317553,3.7402635,-5.687553,-0.017876662,-0.48454657,0.44689745,-2.9549332,21.757868,0.15685888,0.74491376,-1.0964085,0.34848964,0.44702548,7.0714974,-0.055565577,0.30873856,-1.659526,27.888762,-1.3097509,-0.4968405,0.2582512,-0.14911675,3.0101798,-0.40321997,0.038618296,-2.2093918,-0.5750759,11.591811,2.449553,5.5228615,18.727009,-0.78017205,-2.7927728,9.160999,0.34628865,-1.5022148,0.3767032,4.499075,8.231955,0.20050867,20.359642
3.8118968,-0.39938524,-1.256546,-1.0579649,-0.18024106,12.874949,17.14464,4.212733,-5.9290547,-0.0915414,-0.5871144,0.42617142,-2.7742863,21.052164,5.008978,-0.11716683,-1.3985319,-0.039721508,0.033507522,7.0220027,0.024930231,-1.0338993,-1.1287345,30.784555,-2.7191117,-0.16710961,-0.10751392,-0.117852025,0.9640113,-0.6470962,-0.12493856,-2.1145954,-0.6867222,11.444224,2.2476015,5.2459884,19.466253,-1.4845096,-1.3018273,7.737621,0.37566945,-2.76802,0.33077425,4.813329,9.120358,0.04094491,27.628199
4.1380873,-0.26669917,-0.9370781,-0.17231576,-0.30708364,14.282703,21.985931,2.0845275,-6.0396247,0.20603134,-0.260451,0.46602097,-2.7932246,20.687452,-0.28535125,0.5686511,-1.0797901,0.1948838,0.86016464,6.9170065,0.009511465,0.124911495,-1.4534657,30.447727,-1.7093852,-0.42983484,0.12131059,-0.053476367,0.62862724,-0.5575669,-0.06832509,-2.1853192,-1.0760355,11.965056,2.3681927,5.845625,16.191832,-0.70290536,-0.60109794,8.779829,-0.004531478,-2.0890718,0.4936706,4.3012443,8.091391,-0.07255327,24.537487
-1.7241341,-0.3904568,-1.0280396,-1.9471742,-0.11730969,11.271176,9.442454,2.9761019,-2.4574587,-1.1594402,1.1697083,-0.79599863,0.67333543,20.543543,6.738572,-0.21639727,-0.6507349,-0.283343,-1.0202106,1.0005782,16.771011,0.7108698,-2.8515418,31.197653,-2.3761463,-0.5701938,0.044608723,-0.06352651,0.41808894,-0.38586095,0.4878439,-0.7940764,-0.56384724,9.765195,0.32977712,5.680109,17.701342,-1.4523096,4.5886917,6.80545,1.2366949,2.1641486,0.8088283,3.3351367,10.627067,0.2699615,17.273556
2.9495199,-0.18395239,0.17133944,-0.06034816,-0.65252167,20.644958,24.116987,-8.393101,-5.445915,0.04096955,-0.31057,0.56260806,-2.0216455,14.854729,0.9987701,0.17401229,-1.7497145,0.12180833,-0.052074045,8.355953,-0.80660087,-0.14212258,-1.1893584,26.637646,3.9826407,-0.64022076,-0.33187714,-0.18135016,1.7876765,-1.6195885,-0.057540778,-4.300159,-1.5729333,15.967945,2.0719326,5.5943213,17.490414,-0.5144737,-2.2641,11.348027,0.8278655,-3.0348582,0.3545993,3.0985556,16.765818,-0.104171336,20.286118
2.026762,-0.081711866,0.3467955,1.9110619,-1.1802822,5.6791496,2.6860971,-7.5267167,-10.073168,-0.29669338,-1.7011504,0.088184185,3.289139,-17.463211,-1.1696721,1.0900548,0.053292066,0.5054345,-0.07999675,0.70535624,-4.912221,0.08581259,-1.3762747,-19.820484,5.3194675,0.2553116,0.547915,-0.028485347,-0.2922882,-0.65968525,-0.17300148,-0.27033183,1.7016792,5.4283648,-0.23260637,0.1989243,-8.319578,-0.2862001,-0.83263505,-7.0370092,-0.08397679,-0.663636,-0.4718329,-3.7978988,-9.259201,-1.1658238,-17.071138
1.1152669,-0.29720765,0.27068943,0.4872626,-1.0934336,4.2041388,0.37705085,-7.6180573,-7.034286,-0.69606036,-0.4873116,0.06472637,2.9270513,-14.238692,-1.7034014,0.117862634,0.010930355,0.5603163,0.0383252,-0.33832115,-3.310745,0.42525283,-1.4717225,-18.594887,4.325934,0.2429739,-0.3876767,-0.026170446,-0.38580462,-0.4042172,0.19531623,-0.5893812,2.2722728,-0.5958108,-0.64577866,0.081843525,-7.1834373,-0.29111886,-0.80725247,-4.141197,-0.26281327,-1.4339827,-0.36354214,-2.404971,-7.811539,-1.0477655,-16.024302
2.099704,-0.21603484,0.24145442,0.6681752,-1.1299309,4.9605813,1.2087883,-6.9001546,-9.693961,-0.96445185,-0.7173332,0.00998597,3.6848173,-16.790972,-1.4422697,1.1639469,0.041332424,0.5549669,-0.13455725,0.047342848,-3.653035,0.42258906,-1.4151555,-19.353636,5.865346,0.20156293,-0.14132841,-0.035915077,0.038881794,-0.677056,-0.07432914,-0.28118777,1.9109919,1.6201212,-0.32050234,0.014006056,-7.205173,-0.34787852,-0.70662385,-4.04374,-0.18168572,-0.65936863,-0.36027205,-3.184326,-9.794571,-1.1390367,-17.315702
1.1426455,-0.15317556,-0.096540295,0.39207074,-1.0511076,4.975856,0.9874334,-6.738872,-9.446271,-0.9319179,-0.4997703,0.025351819,3.7227128,-16.769148,-1.6630201,1.0871301,0.072961956,0.5508277,-0.1255709,0.047225695,-3.1595352,0.4237579,-1.4789621,-19.680449,5.01901,0.18942454,-0.16848761,-0.031182637,-0.12434046,-0.7067029,0.25217402,-0.023010327,1.9799204,1.6598345,-0.27812487,0.027211946,-7.2240305,-0.4866892,-0.66614926,-4.1091695,-0.18348585,-1.2744454,-0.34659162,-3.6276767,-7.8734307,-1.1466033,-17.313717
0.8595379,-0.18011285,0.3785836,0.6443743,-1.1128154,4.6810894,1.5361246,-6.8234763,-9.445227,-0.6893811,-1.9264808,0.04941804,3.769984,-16.419842,-1.6729515,1.1450542,0.008654084,0.61776316,-0.16779631,-0.032136027,-3.5117314,0.4492629,-1.4294668,-19.460936,5.232189,0.22680607,-0.4527255,-0.048113246,0.34581038,-0.81310064,-0.11052862,-1.1825843,1.1555004,6.0768766,-0.49102774,0.0712599,-6.1822453,-0.3302247,-1.0439352,-6.277917,-0.13299328,-0.72113883,-0.88086444,-4.251808,-8.0654745,-1.0565113,-16.474735
0.7542731,-0.25593245,0.18556425,2.1991796,-1.095414,4.235301,1.5057712,-8.84788,-6.963196,-0.6907977,-0.3984803,0.13072322,4.6029744,-17.732582,-1.669518,0.024759172,-0.016530698,0.5352853,0.03100771,-0.44243136,-3.608268,0.47998756,-1.5408549,-19.388653,4.0631113,0.24678905,-0.30167693,-0.031170895,-0.15353712,-0.33146155,-0.11091372,-0.65316254,1.8817828,6.2337565,-0.7294196,0.09469462,-7.0271435,-0.20635009,-0.9819374,-8.195625,-0.27372685,-1.295684,-0.52479553,-3.6820328,-7.379045,-1.0898235,-15.575112
0.3642661,-0.15733047,-0.042280596,0.24409463,-1.0208689,4.1512785,0.2009157,-7.072185,-7.315979,-0.7344396,-0.55656254,0.15583633,4.425712,-17.281214,-1.6900798,-0.049912445,0.009878313,0.5298228,-0.036608763,-0.44437224,-3.9869323,0.47728682,-1.6139616,-18.452168,4.1744094,0.33644623,-0.34166566,-0.035120253,-0.0815284,-0.6631633,-0.03911081,-0.5678661,1.9090838,6.272131,-0.7764005,-0.093400754,-6.842178,-0.2996759,-1.1140934,-6.1747794,-0.2820904,-1.4474626,-0.71249324,-2.7285047,-7.894398,-1.0963497,-15.187751
0.9450961,-0.36758068,-0.06529007,3.533095,-1.1668297,4.2783747,1.1800245,-7.4601235,-8.387235,-0.7416449,-0.5325378,0.06788799,4.0504084,-16.428911,-1.8675195,0.023607334,0.058200806,0.6330914,-0.038655173,-0.57732135,-3.6321578,0.5680799,-1.6366783,-19.249083,4.8756504,0.21133363,-0.3363009,-0.029502712,0.19608147,-0.52222925,-0.03969527,-0.040972177,2.0325947,6.431758,-0.9274275,0.0264878,-7.6684165,-0.052473955,-1.2954963,-9.095273,-0.18850382,-1.2806338,-0.86201596,-3.9492023,-7.621877,-1.0961636,-15.493569
-4.186519,-0.18379602,-1.5565467,0.13049795,-0.46594414,0.8212103,-4.3182564,-7.406347,-8.699991,-0.94108665,-0.62694204,-0.50524646,1.9069606,-12.864735,-2.0538588,-0.7167663,-0.19476119,0.12811355,-0.38546476,-0.60895604,-1.7491574,0.7150412,-1.8568331,-14.278432,2.0616176,-0.0072840974,-0.18046576,-0.061940063,-0.18828337,-0.3506828,0.33073717,-0.85811955,-1.7047422,0.30154365,-0.32058865,-0.73213065,-5.358691,-0.6514033,-1.2603579,5.921092,-0.8934672,-1.4766569,-0.8834028,-1.9519135,-6.4561434,-0.29181948,-9.039047
2.110946,-0.18163925,0.27920443,0.39673048,-1.1594268,4.8672748,0.38761443,-6.646931,-9.632898,-0.77104837,-0.7175264,0.1355945,3.6776614,-16.742489,-1.4521077,1.1691467,0.03900513,0.43296823,-0.1335468,0.036646377,-3.3050618,0.45327044,-1.4382913,-19.105099,5.904542,0.24394388,-0.15916993,-0.004714804,0.026050886,-0.6659021,-0.07128272,-0.28237197,2.0361638,1.6352855,-0.30327848,0.20272543,-7.112247,-0.32441005,-0.7140363,-3.955727,-0.16623464,-0.693133,-0.3629283,-3.3296466,-10.007391,-1.145245,-17.418482
1.1792903,-0.2939488,-0.09126163,1.3261336,-1.263233,5.168207,1.2438866,-8.8007765,-7.629986,-0.24914713,-0.4610998,0.11578944,4.2061725,-16.848074,-1.7432332,0.09677543,-0.02620588,0.6283218,0.0036956603,-0.33256593,-3.4835649,0.45508167,-1.4393978,-18.417177,4.116083,0.2184387,-0.4089523,-0.036819153,-0.10452993,-0.41604826,0.14065184,0.071068555,2.1762583,6.1077485,-0.3858146,-0.2079928,-7.502961,-0.3003388,-1.3332822,-8.163182,0.095858485,-1.4299747,-0.8741803,-4.190617,-7.578938,-1.0620308,-17.151464
1.3800093,-0.15077591,-0.62013006,0.20710629,-1.2867652,3.1545405,0.04847383,-7.6991887,-3.5521424,-0.4489419,-0.57184005,-0.011417424,2.315711,-14.50175,-1.7773684,0.47481233,0.20183256,0.40961626,-0.12013025,0.11355772,-4.263916,0.11725122,-1.5914183,-19.510857,-1.4990418,-0.05077784,-0.68450737,-0.034453653,-0.28439462,-0.30999354,0.026998268,-1.6319351,-1.4309187,-1.9355179,-1.7112556,-0.61323017,-6.01637,-1.0059569,-0.9353673,-3.701532,-0.48254448,-1.2735664,-0.31648833,-2.2682981,-5.6920404,-1.6776457,-14.095312
1.5252993,-0.19213873,-0.740843,0.19955796,-1.2945895,3.1574407,-0.013620843,-7.743547,-3.168547,-0.56627935,-0.5701987,-0.021390427,2.3247435,-14.374819,-1.8271536,0.43443733,0.34979552,0.40653592,-0.06732914,0.11362819,-4.270871,0.103987195,-1.5426778,-19.465107,-1.5278128,0.037438698,-0.4902192,-0.063774355,-0.31106108,-0.48267284,0.19498032,-1.4678694,-0.9773617,-1.3925447,-2.1129947,-0.6182929,-6.6815906,-0.3752621,-0.98368716,-4.1636224,-0.39299774,-1.2934673,-0.28405488,-2.5589328,-5.8832183,-1.673547,-14.2545595
2.22684,-0.2753419,0.18622796,0.33029735,-1.2573382,7.222009,2.808875,-7.5080004,-9.668737,-0.9061513,-0.68246996,0.26596805,2.8435771,-17.51731,-1.1034691,0.8164293,0.035462227,0.48829114,0.1682491,0.14232656,-3.9971712,0.30824184,-1.7071893,-19.86992,2.8784893,0.20722935,0.9694807,-0.006897557,-0.25759938,0.23804298,0.11864949,-1.6989906,-0.88811326,6.019192,0.032475475,-0.044168133,-4.494619,-0.16572624,-0.78496486,-9.019012,-0.27075005,-0.17001662,-0.40813193,-4.375528,-8.416471,-0.9240395,-17.36766
1.6190666,-0.20610349,0.22623658,0.3330101,-1.5934192,5.159451,2.351234,-8.801775,-6.606471,-0.7429381,-0.79563504,0.38299853,3.139554,-18.016493,-1.7909759,0.17979707,0.14410146,0.6313129,0.051844325,0.1936067,-5.237104,0.20812596,-1.4560254,-19.771053,0.34168398,0.2788554,0.9715801,-0.14180383,-0.32087314,0.7563347,0.21146639,-1.7398914,-0.76905966,1.7970071,0.03030868,0.2715785,-4.8936005,-0.36525893,-0.72491074,-2.8877952,-0.1954201,-0.53163826,-0.44392154,-4.0409017,-4.8088036,-0.9546263,-15.711389
1.5431298,-0.18611081,0.40166542,0.3374872,-1.3864471,5.0606475,2.0221176,-8.648475,-6.265279,-0.6298215,-0.9621627,0.35403392,3.430763,-18.95561,-2.2238996,0.2845194,0.063974984,0.6143477,-0.2835461,0.14405869,-4.2107415,0.09420316,-1.4536833,-20.21661,0.010761577,0.2456376,0.35080653,-0.10422562,-0.40786675,0.33184782,-0.013568195,-1.590384,-0.8773075,1.7997113,-0.26214734,0.041198306,-3.6653142,-0.29419434,-0.40647843,-2.2350032,-0.78063583,-1.2427212,-0.45172068,-3.7206042,-4.1675525,-0.9231771,-14.687462
1.5639546,-0.17944135,0.45264608,0.25188625,-1.5617405,4.8586864,2.0303247,-8.534507,-6.1942687,-0.58419186,-0.69055,0.36710456,3.7346344,-18.187593,-1.8361856,0.026869612,0.13498883,0.59926456,0.032019258,0.051474262,-4.7141523,0.25024036,-1.3319393,-19.525028,-0.104550034,0.23900379,1.0024717,-0.12938981,-0.39001194,0.47571743,0.012898752,-1.597277,-0.9907525,0.80856735,-0.20798735,-0.05415557,-3.5638845,-0.5204086,-0.76264864,-2.881337,-0.5638438,-1.2072859,-0.44354782,-3.3817182,-4.6934977,-0.9210954,-15.102211
1.8585722,-0.118853465,-0.012263215,0.8850717,-1.3661947,5.9349313,0.31877178,-7.326331,-8.940517,-0.77385634,-0.7049754,0.3875262,6.648111,-14.808202,-2.5356188,0.39532027,-0.04448868,0.2472617,-0.13708974,-0.15316275,-5.100405,0.5680944,-3.3504395,-21.701939,-0.57727873,-0.02072699,-0.53378147,-0.06117176,-0.6481591,1.2687027,-0.25869894,6.0982485,-0.23335509,-0.46198,-0.56680036,-0.39894858,14.121034,-0.5329369,-0.72141325,0.9301521,0.07671616,-2.401737,-0.89310414,-7.8831825,-5.1827993,-8.735975,-16.276693
1.427164,-0.13278747,-0.14519289,0.5315017,-1.3040955,6.6573744,-0.627048,-6.544573,-8.377399,-0.5772155,-0.5012633,0.32399228,2.287473,-14.7678385,-1.6996897,0.06227507,0.061482634,0.53696984,-0.18123664,-0.101640746,-6.244222,0.30313766,-1.3893937,-18.753637,-0.9307486,0.38097623,0.31398195,-0.29311022,-0.64063644,0.5117807,-0.31736547,0.2819848,-0.59848803,-3.2890372,-0.45336938,-0.2854815,-3.091846,-1.007575,-0.5590771,7.7426214,-0.23187444,-1.2893145,-0.5303675,-2.154462,-5.7751904,-1.3448576,-17.460945
2.0035145,-0.4187444,0.0730067,0.34986222,-1.486084,5.204468,4.5599794,-8.543802,-11.306654,-0.056920484,-2.7747176,-0.111490354,1.6951923,-18.289127,-1.3293023,1.1958073,-1.4524416,0.7008119,-0.20260106,0.49789312,-3.9510708,-0.5591567,-1.2190534,-19.255249,3.8691938,0.25890166,0.22194357,-0.25328553,-0.5000443,0.22460227,-0.05811087,-0.12262281,1.6945009,2.0776665,-0.096184656,0.07872658,-8.11384,-0.4076526,-1.1675391,3.533982,0.8427114,-0.7204782,-0.5738286,-4.2548685,-7.641576,-1.2111506,-17.09064
1.7410917,-0.229704,0.15512496,0.09087386,-1.5972126,7.5461655,3.1438496,-8.074484,-7.832098,-0.909181,-1.7347261,0.36918366,3.3694375,-15.837904,-1.8478444,0.73065394,-1.3573483,0.68675256,0.3274218,1.4055865,-3.9026043,0.2014478,-1.3075347,-19.387077,-0.65836054,0.16049357,0.7091741,-0.24205713,-0.0102997925,0.12887985,0.23234084,-1.6632406,1.0711472,4.7627916,0.595973,-0.07725013,-8.030106,-0.52547455,-1.1906902,-4.598555,-0.66075975,-0.46044323,-0.4171789,-4.612989,-4.7782526,-1.0159765,-18.571869
1.834526,-0.09455634,0.40410852,0.3243065,-1.5036538,4.804709,-0.31322366,-6.1461678,-7.5194736,-0.35574365,-0.5324898,0.424505,3.8509796,-17.437862,-1.9775078,0.70759475,-1.2671196,0.7365291,-0.46671453,0.4597796,-5.45103,0.058538992,-0.7826522,-18.476053,-0.94348735,0.521414,0.5147216,-0.08297666,-0.30716532,0.21297191,0.13196564,-1.8052101,-0.81120396,1.3874655,0.31918865,-0.29092833,-3.5468874,-0.6462735,-0.8771109,-2.9816666,3.8193998,-0.68786573,-0.6361277,-2.954609,-5.0510592,-1.0140469,-14.331385
0.97453654,-0.49089,-0.82764596,0.030457634,-1.6494236,2.4638546,-0.3579317,-8.390173,-7.693703,-1.9782085,-1.250931,-1.2099667,0.08336363,15.903487,-2.32385,0.8009878,-0.75454825,0.5966297,-0.44912833,-0.1505874,-5.3499146,0.11919561,-1.905527,-18.089268,-1.9013484,0.011597931,-0.14696842,-0.1737259,-0.65936387,-0.2696906,-0.37676555,-1.1750815,2.1428561,-1.100242,-1.0635107,-0.49527133,-9.678217,-0.37291268,-1.5552144,-2.2683961,-1.2052795,-5.5321617,-1.3313963,-4.7619715,-5.9052763,-1.1307073,-13.222716
1.0524416,-0.18298003,-0.34273437,0.2785164,-0.75392854,3.5410705,-0.95192367,-6.900314,-6.322159,-0.8495017,-0.32023945,-0.062052775,2.1846366,-12.966739,-1.9424181,0.04631129,0.18882161,0.3143582,-0.02259702,-0.41510785,-0.2344701,0.9071692,-1.7452457,-19.395063,1.9823645,0.092984036,-0.56220067,-0.29869932,-0.03877361,-0.62255466,0.2578228,-0.7996328,2.164358,-1.6978381,-0.53849435,0.03342875,-7.0274124,-0.20119247,-1.1324888,-3.4824498,-0.4828787,-0.96430224,-0.5084357,-2.1157901,-7.6650014,-1.3910229,-14.049309
1.118443,-0.27617064,-1.2367939,0.063458785,-0.69233936,2.4188344,-3.0600028,-7.428181,-6.8413186,-0.8619076,-1.0328301,-0.04443843,0.98104864,-11.688377,-2.1902368,-0.48387355,0.31888524,0.09943973,0.03250852,-0.2095406,0.20496237,1.0334066,-2.0485895,-17.3582,-0.94290966,0.036884505,-0.20070292,-0.042419624,-0.27478594,-0.011702964,0.24518453,-0.6233225,0.43450952,-2.9182327,-0.33845365,-0.33264875,-5.3903675,-0.33008176,-0.8845912,-1.7698535,-0.82888937,-1.0205002,-0.10973501,-2.0161984,-4.507347,-0.5490034,-12.0014515
2.099704,-0.21637577,0.24145442,0.66784346,-1.1299309,4.9605813,1.2087682,-6.9001546,-9.693961,-0.9645289,-0.71726805,0.010734545,3.6848173,-16.791313,-1.4422721,1.1639469,0.041332424,0.5544049,-0.1346034,0.047342848,-3.653035,0.42258906,-1.415071,-19.353636,5.865343,0.20156293,-0.14123201,-0.035915077,0.038894035,-0.677056,-0.07432914,-0.28118777,1.9109919,1.6271037,-0.32419926,0.010564671,-7.205173,-0.34791988,-0.70662385,-4.04374,-0.18168572,-0.65820986,-0.36029202,-3.1843853,-9.794571,-1.1390367,-17.315832
2.0840135,-0.24602515,0.269361,0.6719631,-1.1298306,4.954781,1.101793,-6.905136,-9.702794,-0.9612907,-0.70395833,0.006651385,3.6807678,-16.82863,-1.4495596,1.1736413,0.041868433,0.554457,-0.1338842,0.04897427,-3.4766557,0.42763484,-1.4106163,-19.586481,5.937784,0.20272583,-0.14180121,0.013863019,0.037438262,-0.63816893,-0.0736012,-0.051917113,1.944725,1.6441301,-0.3207151,0.013047816,-7.2226644,-0.34613106,-0.70891166,-4.065657,-0.18307707,-1.2105683,-0.36645323,-3.1772642,-9.793548,-1.1427921,-16.975445
1.1803945,-0.22232223,0.22052531,0.6311267,-1.1280599,5.149229,1.1852297,-6.898481,-9.677901,-0.94571453,-0.71924865,0.0133605795,3.6540492,-16.91596,-1.6400896,1.1751255,0.045383077,0.5758202,-0.113012135,0.025902778,-3.6521318,0.46339405,-1.4233745,-19.338997,5.245646,0.20423134,-0.18982513,0.044154048,0.03954129,-0.68439853,-0.07568551,-0.27920052,1.8830298,1.6362418,-0.31458682,0.008577548,-7.2004147,-0.34304488,-0.7040309,-4.006538,-0.21685283,-0.65881103,-0.36498806,-3.1944127,-8.157173,-1.1382343,-17.29106
1.4818583,-0.33717543,1.5096085,-0.06727087,-1.5136926,3.600299,0.39052916,-4.388074,-6.6165223,0.7377025,-0.54445595,0.39038742,3.3984044,-11.890313,-1.3175328,1.078281,0.16922972,1.0257066,-0.027116759,0.48722228,2.0708249,-0.6444755,0.2547678,-15.732622,-0.049169425,0.355234,1.176842,-0.07491396,-0.016960388,-0.3894035,-0.16588858,-1.3133905,-1.0188979,-0.47326285,-0.8758283,-0.23856883,-1.1144177,-0.14895004,-0.61832035,-2.2760618,5.903458,-1.3464972,-0.14962427,-2.231317,-3.215807,-0.8487184,-11.250579
1.0648679,-0.18024173,1.2427702,0.20927724,-1.489778,3.861922,-0.052128155,-4.6125517,-6.9353395,1.4564617,-0.560988,0.43820894,3.5197308,-11.088974,-1.5399436,1.1722294,0.1355276,1.0733484,0.023201045,0.4284526,2.2110913,-0.5003272,0.4506045,-15.942545,-0.56761575,0.3293215,1.3228807,-0.013018898,0.00046300038,-0.59229624,-0.41092494,-1.443688,-1.0090595,0.0017779776,-1.1354697,-0.37378755,-1.2980438,0.0115803415,-0.6297171,-2.4954076,6.1098113,-0.81890666,-0.2775574,-2.231667,-2.936134,-0.85940117,-11.558534
0.99806345,-0.19320895,1.6812725,0.31809932,-1.5293304,3.6826668,-0.61198014,-1.7768326,-6.976114,0.612886,-0.38506413,0.11615756,3.345456,-12.245906,-1.5274436,1.1570327,0.08017229,1.205397,-0.050750256,0.5301693,1.5477568,-0.49398637,-0.15448913,-15.737642,0.26366183,0.41521946,1.1210855,-0.12045576,-0.17296714,-0.5267002,-0.10810186,-1.6906059,-1.4075701,0.22365843,-1.023118,-0.40402895,-1.1811097,-0.012514834,-0.9082512,-2.4198134,4.9497523,-0.29194355,-0.072253495,-1.8542967,-3.1064374,-0.8634437,-11.416508
1.6526135,-0.21505068,2.1521115,0.3000426,-1.4713911,3.6751485,-0.3833953,-4.857377,-7.000799,0.75511575,-0.37586844,0.3861918,3.4558597,-12.182177,-1.2587088,1.1345131,0.1757472,1.0670594,0.03785314,0.47898045,1.9072683,-0.47332025,-0.013132152,-15.921773,-0.64405733,0.27732575,1.2854843,-0.06600858,0.012899962,-0.47168386,-0.104703076,-1.320404,-0.84395975,-0.28304377,-0.8006732,-0.23907426,-0.95523983,-0.14505012,-0.5501468,-2.223836,5.311315,-1.2673314,-0.019879924,-2.2240596,-3.2356286,-0.7854941,-11.444913
1.7916212,-0.06614197,1.85149,0.26002216,-0.8484994,2.8732746,-1.6831833,-4.961752,-6.4098673,1.2403758,-0.38416842,-1.2555963,4.864097,-9.050524,-2.154207,1.9524516,0.3198123,1.0895566,-0.0495583,-0.79493177,2.6566713,-0.05120202,0.57689506,-16.565662,2.732403,0.5669681,1.433879,0.0087110335,-0.042493127,-0.43328315,-0.10550001,-1.7328088,-0.9934268,-0.37305605,-0.88696164,-0.24174885,-0.60093504,0.31447726,-0.71159685,-1.593127,2.2037468,0.29638627,0.016818056,-2.0920577,-2.4469645,-1.1826555,-10.119473
-1.2873625,-0.112440586,-4.0168123,0.42539147,-1.3764242,4.0355015,-0.34739646,-7.918578,-6.1682906,0.49879605,-0.7002193,0.5878028,3.8438203,-15.53034,-1.2985593,-0.1519579,0.6061586,0.6197467,0.029362466,-0.13566811,0.018696293,0.073178165,-0.614538,-15.428179,-1.0845765,0.110396236,-0.5617178,-0.1047097,0.25740469,-0.75418305,-0.315627,-1.1331276,-1.291713,-5.859814,0.66204107,-0.6215729,-3.922556,-0.6062415,-0.7930027,-3.4464338,-0.6877313,-0.94572824,-0.723879,-2.2128863,-5.0966506,-1.3748541,-15.783928
1.126474,0.053623486,-3.9971013,0.38388097,-1.4407834,4.7110863,0.25397277,-7.9500794,-4.6888795,0.22152454,-0.25051248,0.40053695,1.2380964,-14.72703,-1.7857107,0.20601371,0.50237787,0.6686256,-0.011943599,-0.7310245,-0.07630618,0.061324734,-1.4131225,-17.02652,-1.7689428,-0.07675182,-1.4482387,-0.045124117,0.38732806,-0.7891537,-0.17244564,-1.5822165,-1.3717806,-5.331457,-0.49206036,-0.33304897,-2.6202834,-1.1802747,-0.8346238,-3.7382646,-0.25003973,-0.89668417,-0.23182209,-1.7342128,-5.413506,-0.7058834,-16.013968
1.1259503,-0.20007509,-0.8947304,0.2009474,-1.5612279,5.521653,3.0177836,-6.567196,-8.439068,0.50627524,-0.39412504,0.3291994,1.9106306,-15.27099,-1.6924064,1.0361667,0.3722397,0.624375,0.23276526,0.42356217,-4.394213,-1.1786668,-1.4572022,-19.35015,-1.5514834,-0.09652777,-0.4881153,-0.034211684,-0.15022856,-0.55914867,-0.35857075,-1.9667684,-1.2302603,-3.0979357,-0.6259286,0.7239412,-4.1394963,-0.51808757,-1.1811152,-5.089762,-0.33011442,-1.2940598,-0.04117172,-1.4788625,-5.418541,-1.0487272,-14.6639595
1.1410728,-0.1253783,-3.3472283,0.30007395,-1.5205481,5.328829,5.7821426,-7.8855786,-7.672442,0.6384509,-0.6736033,0.33675203,1.9359924,-15.857844,-1.7592007,1.2101476,1.0221183,0.6386579,0.062288027,0.39210257,2.980682,-0.6226098,-1.342854,-17.050909,-1.0936916,-0.07925509,-0.4872298,-0.028512381,0.42746338,-0.7611344,-0.23895222,-1.5725224,-1.7376792,-5.681114,-0.11995952,-0.4509704,-2.9981704,-0.8952627,-1.2638139,-3.4856572,-0.3237253,-0.98023176,-0.14964807,-2.7867582,-4.1801777,-1.5667082,-14.529032
1.1510248,-0.25040895,-1.0771503,0.28898633,-1.5459571,5.828578,-0.13775629,-8.107731,-7.7284384,0.6467233,-0.2884606,0.34314135,3.0058615,-16.053392,-1.6636314,0.8100519,0.40409207,0.6374,0.10664082,0.2555653,-3.1758547,-0.7340494,-1.2000936,-18.886494,-1.554003,-0.06738675,-0.45431706,-0.04627845,0.3178335,-0.8122552,-0.250166,-1.8910898,-1.6615962,-4.5805707,-0.75811887,-0.2237634,-3.1028943,0.15790778,-0.84914404,-3.6302185,-0.5664064,-1.01341,-0.018371282,-2.0976524,-5.337776,-0.94307804,-14.1540985
1.3027618,-0.25221503,-2.253678,0.25804248,-1.5709947,5.143119,0.6133997,-7.48849,-4.8177447,0.11575209,-0.3841854,0.60145617,3.0491385,-15.78229,-1.409766,0.99388385,0.4671088,0.56751907,0.12036664,0.5464707,-3.5598977,-0.81532836,-0.60420316,-18.097965,-1.5028954,0.18230495,-1.5209504,-0.049104225,-0.14606702,-0.6430859,-0.3304043,-1.9162447,-1.1322598,-5.6537194,-0.020647671,-0.6255795,-3.8016667,-0.64482856,-1.7407205,-4.0701833,0.5332433,-1.0034218,-0.12541841,-2.0297217,-4.4525466,-0.9213874,-15.51643
1.9733042,-0.3039588,0.27804193,0.3379999,-1.601806,8.229353,2.285464,-6.7954874,-8.900403,0.5702271,-0.32971185,0.34512162,2.0367067,-13.963598,-1.5206604,-0.27104333,-2.42399,0.59345245,0.16536482,0.30304503,-5.1545553,-1.1551135,0.040953737,-18.061604,-0.7482316,0.20859526,0.48492277,-0.3637908,2.9369442,-0.9424642,-0.29844394,-1.9984119,-0.86182743,-2.2269504,-1.8324517,0.0600563,-5.39967,-0.19540925,-1.9536408,-5.3452125,5.4435716,-0.49386862,-0.008321368,-2.5613189,-4.3634796,-0.9765786,-15.8747015
0.6366624,0.05863589,-2.263833,-0.16583669,-0.59884346,-3.4028225,-6.4734125,-7.179126,-6.642777,0.38888213,1.0276139,0.778882,1.7831829,-11.7594185,-2.4232209,-0.27497393,0.3957274,0.3575716,-0.07398759,-0.16406062,1.7263805,0.93628645,2.5686111,-15.861206,-0.8548294,-0.06055726,0.20307828,-0.17546014,0.03627955,-0.542982,-0.02695198,-1.2376461,0.10395266,-0.6029553,0.6214623,0.3995912,-3.0545106,-0.41386336,-0.43587163,-1.7115505,-0.21273275,-0.8629558,0.27123398,-1.8547785,-2.7574337,-0.6241401,-9.192266
-0.9649833,0.037842155,-2.2699912,-0.26947924,-0.5987293,-1.4008937,-6.131341,-7.984977,-6.0560303,-0.33051467,1.1923876,0.8550533,1.5447598,-13.12273,-2.2992632,-0.02552297,0.58018035,0.43466312,-0.18266478,-0.13613248,2.084099,1.0561726,2.0067675,-14.741234,-1.1749105,-0.3585104,0.24630444,-0.17902446,0.022010995,-0.4945528,0.17853543,-0.77180636,0.050054226,-0.20158643,1.004187,0.9095873,-4.003246,0.009415004,-0.10931175,-1.4656147,-0.25946864,-0.6970173,-0.43938684,-0.93054277,-2.534991,-0.7274901,-9.171338
1.2853943,-0.017236091,-0.6564172,0.14980163,-0.56650424,0.116376095,-3.3440552,-7.213257,-9.707448,0.62323356,-0.27042237,0.5565395,1.9858745,-16.060999,-1.5471605,1.2736886,0.3919711,1.2445521,-0.022248985,1.6954861,0.1333734,1.2025251,1.17116,-17.027885,3.78431,0.45097044,0.8223706,0.22286338,0.59401155,-0.84198934,0.13968083,-1.4645473,-0.4337359,6.7492948,-0.98785335,0.8447889,-4.421969,-0.23195124,-0.85606956,-7.0673976,-0.23907705,1.5722328,0.018963475,-2.0255497,-5.5031304,-1.001648,-13.966195
-1.0435516,-0.33031312,-2.431242,-0.49014038,-0.53403485,-3.1808314,-6.3656487,-7.6890864,-6.316621,-0.4487397,1.0667387,0.7093321,1.1150497,-13.824747,-1.9209294,0.04893695,0.28123885,0.2100615,-0.41922748,-0.17011228,2.2293284,0.89307624,2.0913222,-14.065766,-1.2209715,-0.42536217,0.14080247,-0.12640356,-0.014689469,-0.48550925,0.025654562,1.254667,-0.34583917,-0.5066632,0.37484717,0.81654733,-3.1049678,-0.13167463,-0.30827513,-1.967279,-0.29752502,-0.78353024,0.43449947,-1.0558926,-1.8109004,-0.28487974,-8.136709
0.58922327,0.008123969,-2.5473368,-0.18179008,-0.6173289,-1.687134,-4.7486763,-7.310973,-7.7484555,0.28040898,-0.8633961,0.6966496,2.7125223,-16.9821,-2.25371,-0.053605426,0.3153054,0.69999945,-0.559372,0.11825766,1.5751655,0.45907325,1.6620331,-16.929476,-0.84354687,0.03798317,0.20009057,-0.046818845,0.25250024,-0.67150253,-0.039074216,-1.0141308,-0.744872,0.59054524,0.8539866,1.0124894,-3.0805209,-0.94226015,-0.25228968,-0.14532623,-0.1887591,-0.73130107,-0.03622583,-1.0494093,-3.9174757,-0.50383896,-9.411855
-1.2538446,-0.55031276,-1.5533671,-0.7631431,-0.60966444,-5.924353,-6.728798,-7.576117,-8.323843,-0.6081154,0.7315904,0.47124782,1.8300188,-12.89327,-1.4119852,-0.41806516,-0.015172358,0.3024586,-0.67719924,0.010512824,0.31153974,0.11690691,1.5861576,-14.804214,-1.2286402,-0.978505,-0.13816215,-0.19497322,-0.14239094,-0.6815684,0.16168714,-1.8038722,-2.0123782,-3.995719,1.0556891,0.9394197,7.018507,-0.9901697,-0.5346363,9.223847,-0.39806193,-1.1341796,0.055814784,1.6128538,-2.2646244,-3.1510532,-9.603566
1.1767703,-0.27520162,-0.0005551348,-0.009395611,-0.66549736,-0.25238988,-5.961825,-7.38709,-10.445824,0.28539845,-0.436272,0.27574363,2.135362,-16.93857,-1.4672604,0.7662542,0.29006612,0.6270578,-0.054193553,1.6046246,-2.0892189,0.12553169,-1.1559598,-17.37949,4.3222365,-0.13273866,-0.5756917,-0.11070625,0.13560562,-1.0490721,-0.10939874,-1.8235977,-1.5898491,5.6261854,-0.69406617,0.64900166,-5.470756,-0.28870437,-1.4965962,-8.449397,-0.14148542,-0.7243166,0.10537706,-2.946452,-5.490163,-1.2734735,-12.550961
-4.951697,-0.56086993,-1.5255474,-2.1167886,0.38637647,-8.350125,-2.031239,0.5845204,-3.2878869,-4.5470786,0.45140925,0.01273781,-1.6790088,-9.816171,-9.417443,-0.026765548,-1.0831245,-0.12992105,-0.1303455,-0.8563586,1.3556191,0.12026979,-4.2356057,-10.995523,-4.507232,-0.28316408,-0.49127516,-0.292091,-0.543557,-1.3700213,0.167888,-0.2698537,-2.7792506,-9.012622,1.33885,-6.799346,-8.363247,-4.002356,-1.5520641,3.6450722,-4.9667077,-1.2345861,0.33049065,2.1673565,2.7806032,0.014542704,10.791667
-10.911972,-1.3770034,-2.814551,-2.2976606,-0.90347576,0.20574853,-1.7329823,-1.6397904,-4.6006646,-5.033325,0.3237219,-0.059564333,-3.041995,-11.575793,-10.688562,-0.5001657,-0.22933109,-0.14585215,-1.0191181,-1.601354,1.0009398,-0.6405311,-5.020985,25.485632,-5.0020595,-1.2750565,-0.86732084,-0.73520106,-1.1495687,-1.8036624,0.12365588,-3.279355,-4.5666122,-12.518993,1.1599475,-8.503625,-8.920547,-3.5873942,-4.4648366,2.736131,-6.2208858,-1.838126,0.5558362,1.6634696,1.3135724,-0.012602273,8.54599
-4.2970448,-0.45089605,-1.7486067,-0.9347011,0.2712687,3.3249044,-3.9082942,4.383609,-3.1691163,-1.987591,0.91272604,-0.17655393,0.360243,-13.05154,-6.1598034,0.36063954,-0.58565253,0.033362005,-1.7316346,-1.0864646,2.0170991,-0.019698884,-3.8474438,-17.61886,-2.598531,-1.6281523,-0.9275766,-0.23174678,-0.39531732,-1.1617497,-0.33737466,-2.0482259,-2.924771,-6.9089794,0.3101602,-5.449046,-7.161033,-1.4566021,-2.9391613,3.5766976,-2.8130062,-3.2603297,0.017847616,4.4798627,-9.447646,-0.13799402,4.8205485
0.2591747,-0.6492989,-0.76351464,-0.42651784,-1.0362394,-0.532401,-3.0466497,2.8096468,-1.6819859,-1.1659993,1.184874,-0.05603518,1.4314072,-13.290819,-7.3388715,1.0058831,-0.41434824,0.040856827,1.4515986,2.03623,2.1325498,-0.022410665,-3.1914082,-15.651894,-1.6586819,-0.53877646,0.8657984,-0.1426695,0.5724715,-1.2146344,-0.438474,-0.71726424,-3.0151124,-4.451936,0.0062751705,-4.137424,-7.402854,-2.6434546,-1.0682813,5.146726,-0.5024104,-3.0845027,0.83474505,2.762952,0.86963385,-0.27139664,7.498657
-2.9525077,-0.4472236,-1.7733226,-2.1286724,-0.54522103,-10.379441,6.7384133,0.945484,-0.84669316,-5.8294516,0.70501286,-0.8949412,2.9505124,-13.819953,-6.321995,-1.2570051,-0.40843546,-0.2630974,-1.659636,3.1613576,21.262554,0.17584054,-3.0403373,-9.96111,-4.67642,-1.0826441,-1.2012889,-0.5818257,-0.21698111,-1.1821582,-0.17445198,-1.7770723,-1.8447418,-9.148752,1.6168084,-6.4314556,-5.534488,4.22122,-2.546852,6.068634,-3.0144238,-0.62135756,0.30449727,0.95416677,7.4662976,0.016772898,2.0352514
-0.11280873,-0.77369946,-1.7849661,-0.092121005,-0.8517161,-3.2349312,1.0464637,7.6093855,-0.106372096,-2.5896797,0.97257406,-0.08515285,-0.3621506,-0.7383332,-6.595671,-0.1529171,-0.5828036,0.09986976,0.77712613,-0.8388428,1.0577852,-0.38930213,-2.414429,-14.875686,-1.3519965,-0.109548524,0.8846734,-0.5210671,-0.2582606,-1.1379789,-0.06340804,-0.76400995,-3.2003,-8.798551,1.4294782,-2.361527,-10.538762,6.5738606,-3.2137964,3.7669506,-2.0054646,-2.1452723,0.22928602,4.2899427,8.951562,-0.55895656,1.4569262
-2.1805477,-1.4782987,-1.5009784,-2.350326,-0.58204436,0.15006046,5.142486,6.465784,-3.7839994,-2.606367,0.88292706,-0.079524204,-1.4332092,-14.982978,-3.9788177,1.2718359,-0.13175803,0.6403581,-1.0254054,0.7483366,0.77171564,-7.021741,-2.081086,-19.55317,-2.867332,-0.987627,-1.4059241,-0.08805461,0.115269065,-1.7953179,-0.4869259,-1.4036614,-3.1878307,-5.206315,0.37624717,3.9043858,-8.607467,-0.936823,-2.7292187,4.803428,-1.4300483,-2.5871837,-0.2480133,1.353201,-4.4050922,-0.8997364,-10.1539755
-2.8353682,-0.49725232,-2.023795,-2.2777262,0.19234085,-3.3365622,11.618182,8.488252,-2.041173,-3.9536731,1.2583045,-2.0475006,-0.8663929,-6.1728845,-8.2319975,-0.40048748,-0.35004383,0.5039274,-3.2344124,3.3990948,1.7172527,-0.3216315,-3.1603026,-15.480536,-2.796838,-0.17844236,-1.0283515,-0.44586396,-0.14947803,-1.3458669,0.4173812,-1.4362315,-1.7227699,-3.0759692,1.4318262,1.6130086,17.82097,0.8495994,-0.21733892,7.6721177,-2.7682867,-2.2001636,0.35286114,2.6080337,11.364789,0.2577264,14.959657
-6.221107,-0.816997,-1.85781,1.2065817,-2.466443,4.095583,7.2473745,5.5357113,-1.7139457,-0.38967615,0.6578408,-0.13421619,1.7654313,-13.81815,-2.5166652,1.3230442,-2.017533,-0.67706966,0.21572518,1.30894,2.0844223,-0.8743519,-2.9444108,-15.382744,4.535507,-0.05829611,-0.2268817,-0.11882286,0.18498506,-1.7500337,-0.18837468,0.23774222,7.1388044,-2.8330133,0.23151462,5.5038495,-14.181193,-0.5506174,5.6992474,9.628819,-0.87982506,-0.6128673,0.51071084,5.563249,10.353087,0.18230021,-14.09135
1.0464219,-0.10968451,-3.2238004,0.20271905,-0.6258899,-0.4552704,-5.38464,-7.8508124,-8.71055,0.14917654,-0.7523687,-0.63514477,1.0508853,-16.108925,-1.3051423,1.7553257,0.44289735,0.77101755,-0.30652732,0.07300171,0.5263401,-1.2212192,-2.0596514,-17.919813,1.9138973,0.07548899,-0.29745442,-0.0014258157,0.35067543,-0.9528378,-0.40292212,-1.384485,-0.8858896,-5.5924563,0.19838561,-0.20685369,-7.3150907,-0.088605665,-1.1084092,-3.3607898,-0.7385975,-1.1467819,-0.18306933,-0.946083,-5.8084626,-0.61154777,-11.329994
1.0087879,0.0825609,-3.1564372,0.09496582,-0.65099233,-0.015257393,-5.5632157,-7.618838,-8.175956,0.3134185,-0.7186752,0.21727961,1.0349469,-16.18281,-1.3055593,0.6809875,0.5419941,0.7743464,-0.22243637,0.59150034,0.097392,-1.1723573,-2.1311119,-17.692501,2.0164983,0.09975258,-0.31714734,-0.08735375,0.15406922,-0.88820404,-0.2056824,-1.3566884,-0.88660944,-5.132389,0.2661469,-0.29220217,-6.82015,-0.2047142,-1.4071989,-3.758714,-0.66848737,-1.0180008,-0.18885954,-0.9337302,-5.8614626,-0.5812075,-12.007662
0.8973187,-0.12839669,-2.8669224,-0.22953607,-0.68186694,1.5724579,-5.192749,-5.959537,-8.804088,-0.18228081,-0.75900584,0.22492865,1.469222,-14.043599,-2.1912808,1.1893857,0.34971058,0.6481694,-0.21394637,0.5827302,0.8430603,-0.958117,-2.2125826,-16.778898,3.5063467,0.13059269,-0.43725196,-0.120132335,0.1870781,-0.8779721,-0.29239017,-1.4472367,-0.8650864,-1.225394,0.45371026,-0.4465911,-6.7642145,-0.26380712,-1.3543303,-3.9572117,-0.6438877,-1.030238,-0.13982901,-1.0422295,-6.140184,-0.706216,-15.103697
-6.917839,0.12917706,0.39339182,-1.5428972,-0.56369025,-16.885054,-13.060739,1.3644142,0.64260644,-1.0979878,1.013077,-1.1200017,-2.454412,13.026652,-6.141699,-0.7504385,-2.3831067,-0.079330556,-0.041515015,-0.6907732,19.536825,-0.04828551,-1.8738987,17.820862,-2.2791517,-0.9006434,0.52178544,-0.28502148,0.05916422,-0.8318072,-0.26110864,-0.9975969,-1.4353974,-8.267556,-0.84711,-2.2942655,10.513777,1.5370234,-0.19178936,2.9967084,-2.300936,2.4842045,-1.8715982,1.5653226,4.8678164,-0.016025884,12.034692
-7.121894,0.23533665,0.7405078,-1.8567775,-0.77963185,-17.010986,-16.524408,3.1948614,1.6656837,-0.84152,1.0881977,-0.74004936,-3.027382,13.22675,-6.0114117,-0.75534487,-2.426763,-0.06350034,-1.1560996,-1.0356393,19.571566,0.17321333,0.40095538,19.094975,-2.8992906,-0.94964385,0.6051017,-0.23360555,-0.2685195,-0.6263447,0.2188839,-1.0515409,-1.5052919,-8.043732,-0.9498773,-1.8463881,10.207302,1.6661091,-1.3193903,3.149511,-2.3357933,-0.16112565,-2.0668142,1.8239614,4.805473,0.2665806,15.061612
-11.23343,0.14811713,0.6209234,-1.4730264,-1.3748978,-20.81196,-14.663102,1.3416494,0.32914624,-1.0065734,0.9348707,-1.2567579,-2.6688454,9.345696,1.1527182,-1.0085877,2.391298,-0.29688048,-1.1789361,-0.4086892,19.02211,-1.2606257,2.0532258,22.810724,-2.3214073,-1.559674,-1.2129718,-0.45918727,-0.4525366,0.09080462,0.2435641,2.809491,-0.77387905,-12.835976,-1.295647,-2.215209,13.046212,0.78843504,-2.338126,2.0406408,-2.1483793,2.137002,-2.794961,1.3763264,6.6478972,0.3244952,11.488463
-6.110459,0.07386236,0.2102968,-1.1400218,-1.0532205,-14.168468,-10.905308,3.6203327,2.154445,-1.3420734,1.0532196,-0.64203084,-2.2753975,23.798273,0.5102829,-1.3033513,2.0212512,-0.27024662,-0.13095438,-1.0797254,18.587574,-0.3024338,-1.9342431,22.540195,-3.3776526,-1.3617791,0.022717848,-0.3358732,-0.22945133,1.9841263,-0.07608254,-0.80379087,-1.0600908,-6.9488583,-0.57746834,-1.9617153,12.092212,1.1919554,-0.4620326,3.2866416,-1.8797159,-0.24725634,-3.2684722,1.477214,5.94536,0.0751966,15.947164
-2.2201984,-0.23115656,-1.3363642,0.33735743,-0.5441686,-6.972068,-11.242446,3.1219566,-1.8467509,-0.30769232,0.63672864,-1.4877055,-1.7232826,1.1489065,-5.6900744,-0.26229143,-0.98210317,-0.064454526,-0.4743034,-1.235973,25.457603,-0.3413412,-0.78679115,-6.3134365,-5.166036,-0.7124218,0.066230774,-0.39352134,-0.59735024,-0.52025473,-0.24264802,0.09070498,-1.6747892,-6.1904716,0.8409191,0.53113186,9.590143,2.6702077,-1.3864669,8.255356,-2.3272376,-1.0751021,-1.6193856,1.9277388,5.681427,-0.3347848,18.111542
-1.2993814,-0.31641382,-0.5144086,-0.42061964,-0.21714355,-8.367201,-6.451704,-1.1345054,-4.6560698,-1.048541,0.8079105,-0.3610882,-2.302634,21.451105,0.44652623,-0.8015238,0.81455857,-0.11875302,0.7511466,-0.12686075,18.620573,-0.3415107,-1.6706263,25.479294,-2.276642,0.27225262,0.1992028,-0.2738135,-0.5525712,-0.61115366,0.21201183,-0.9684861,-1.0565168,-4.5914474,1.9291161,-0.2532455,15.712625,-0.27886757,2.612549,2.8462641,-1.6359221,3.5009823,0.5283489,1.6829128,7.5539823,0.31803802,12.145802
-0.55708855,-0.59800464,-0.45016426,-0.49558097,-0.2295049,-10.018188,-6.811405,-0.19275586,-4.371909,-1.0042375,0.7931317,-0.60395277,-2.2724152,21.417597,0.33659095,-0.7136018,0.6191506,-0.121682845,0.7982898,0.04043577,18.56239,-0.31012595,-1.7175226,25.28064,-1.4460189,0.42620355,0.112736225,-0.2780617,-0.29316616,-0.45133382,0.19669196,-1.0015674,-1.1427069,-4.616122,1.8785497,-0.31042916,15.479289,-0.18341452,2.7690387,4.009315,-1.5624583,3.2953823,0.5087071,1.7268887,7.4069595,0.22842959,11.587954
1.4722716,-0.014485191,-1.4339659,-1.0414294,0.6234919,12.706024,13.758995,5.6273108,-5.408824,-0.78902483,1.012736,0.26875252,1.8781104,33.906876,6.0611997,0.8510691,-1.6711181,-0.11155344,-0.77147907,6.668535,1.0032187,0.23934245,-2.0887122,29.848763,-1.6619548,-0.45745292,-0.03908435,-0.009041371,1.8231053,-1.1215794,-0.4268437,-1.8359144,-0.8497209,-0.8250247,1.643259,3.990631,16.70259,-1.4107549,-2.6549861,5.418235,0.98786515,-1.1365025,0.12332601,4.180641,11.172616,-0.011097774,27.105349
3.2895098,0.11876933,-1.6372975,0.8252005,0.3619538,14.164201,21.553148,4.6352844,-7.00479,0.39010105,-0.020044405,0.7089398,-0.5592464,28.22934,-0.087787725,0.6913997,-0.9503166,-0.03449168,0.86185825,6.9810596,0.6638959,-0.010114276,-3.5114036,30.154352,-2.069982,-0.45444933,-0.085235596,-0.121265694,2.3210573,-0.8811919,-0.5088027,-2.1594415,0.6498461,-0.717941,2.3558655,4.0937667,14.313402,-0.78236413,-2.592732,5.461642,-2.2919955,-0.9286639,-0.18934576,4.0485716,8.408242,0.21974862,25.039618
4.805366,-0.4180899,-1.1424074,-0.41593447,-0.16536762,17.186008,21.868368,2.3097558,-7.763046,0.43340155,-0.026659176,0.37577918,-1.743337,19.000881,-3.1692555,1.730655,-0.8779207,-0.025604762,0.7522694,6.8759756,1.0302613,-0.013680812,-1.7528614,30.373875,0.82463574,-0.1796246,0.29194742,-0.2388074,1.40471,-1.9657917,-0.17062324,-3.2282016,0.30624118,11.865492,2.730022,6.733919,17.578295,-0.4667215,-2.3616674,9.702133,0.09148115,-2.4288955,0.5003756,4.6449857,6.6127167,-0.4665223,22.083899
3.6788526,-0.42873332,-0.95531416,-1.1805829,0.2678225,14.685846,18.50876,3.3903944,-4.7729793,0.1206045,-0.14328162,0.589827,-2.2637339,21.15996,5.2023234,0.21666439,-1.1122965,0.0615973,-0.008094957,5.740818,0.1311551,-1.0236177,-1.8439065,28.015053,-1.6352757,-0.21462768,0.40426707,-0.12109917,2.152666,-1.0401905,-0.22449508,-2.9196463,-1.6007237,11.294141,2.4882724,4.542132,17.32347,-1.2147222,0.65468603,8.88125,0.08530747,-2.0077415,0.29187974,3.8765063,9.4774,0.1448745,24.71849
3.3240416,0.27990842,-1.5685375,-1.6514727,0.58881104,12.368976,14.3195915,5.568898,-2.6436684,0.56571615,1.1334612,0.3843531,-0.05465659,30.387913,5.896746,-0.078088,-1.3306471,-0.12438164,-0.27216974,0.8371575,-0.50660205,0.094269484,-1.3053885,28.422783,-2.6606002,-0.6907815,0.11336359,-0.054003477,1.4832901,-0.8944482,0.24613902,-1.7954875,-1.0453935,0.32810166,0.5481745,4.3994274,18.054474,-1.1553257,1.2713239,5.199274,0.0491684,0.3485653,0.4960393,4.2617335,10.984287,0.15781713,28.81636
2.5959275,0.06822096,-0.8598033,-0.6654874,-0.537511,12.358099,13.429742,3.4372833,-4.463801,-0.11102316,-0.36434123,0.1934584,-0.8053244,21.2086,-0.30270368,0.63638145,-0.18382159,-0.064419985,0.5447191,3.5807626,1.3556124,0.1316859,-1.8368963,28.749445,-1.2219579,-0.21431834,-0.46939158,-0.1324224,2.133377,-0.8717727,0.0115083605,-2.4341383,-1.2302082,11.017546,1.3918556,4.0919294,18.169386,-0.4897921,3.5925627,6.4044075,0.34205332,-0.67814046,0.370147,5.393113,10.086618,0.17067248,25.320599
2.9620962,-0.15060495,-1.4755412,-1.6849669,0.40514702,11.869175,14.011026,3.7971117,-5.664507,0.4176989,-0.22631697,0.011896039,-0.3864166,26.858412,3.920037,-0.21401012,-0.67103755,0.1563288,-0.053075735,0.97804093,-0.19586948,0.24162565,-1.6791266,31.924274,4.6734457,-0.68394893,0.08009674,-0.050387803,0.3504571,-1.8802514,0.056019735,-2.014807,-1.4302688,-0.31299272,1.9593362,4.1686144,15.913273,-1.1936687,1.2547995,4.0265355,0.13639265,1.0555409,0.3984177,4.175523,13.388218,0.20581777,26.96376
4.243149,0.14516714,-1.9908957,-1.3546757,0.2102203,14.284898,17.388807,3.7796378,-6.862708,0.53203094,-0.84306085,0.34672144,-1.7165127,18.9665,0.48659784,0.52631795,-1.2404083,1.0766792,0.23561805,7.653268,1.099142,-0.09611352,-2.2232578,36.179783,-0.29667956,-0.51453465,-0.14058587,-0.072445646,1.1270971,-1.4990344,-0.022150734,-2.891052,-1.6930095,10.025388,1.2609131,4.8583,16.579542,-0.51557577,0.3073155,6.827232,1.8782681,-1.2796539,0.2962944,2.913699,11.377089,0.034335956,23.969631
2.0729055,-0.2602906,0.2673413,0.6659316,-1.1349946,4.9555964,1.1816921,-6.9215894,-9.6337385,-0.9659125,-0.5017159,0.001586297,3.6981943,-16.723457,-1.4327519,1.1729498,0.026541214,0.56488883,-0.12858392,0.02985603,-3.6515522,0.44826427,-1.4060036,-19.406898,5.648001,0.2119907,-0.16410112,0.029028185,-0.16672722,-0.6824158,-0.078693755,-0.26940224,2.0949721,1.6302211,-0.43416458,0.0118029,-7.1973815,-0.34417897,-0.6995957,-3.9889781,-0.18149966,-0.6679833,-0.37841716,-3.1730845,-9.807321,-1.131634,-17.300735
2.096229,-0.27712026,0.2661939,0.6696313,-1.1097625,4.738749,1.1801375,-6.8907304,-9.423352,-0.96889436,-0.71860844,0.007501326,3.68412,-16.789679,-1.4380045,1.1778998,0.038125433,0.55691206,-0.13284612,0.048368834,-3.6543946,0.44549888,-1.4143057,-19.40147,5.510848,0.20275444,-0.13860245,-0.031732958,0.03911804,-0.6863606,-0.07649571,-0.2766731,1.9174263,1.6222457,-0.37216932,0.009412315,-7.2235813,-0.34304097,-0.7200674,-4.0452743,-0.18188912,-0.6470316,-0.36624014,-3.1836786,-9.275523,-1.1395258,-17.354025
2.1015522,-0.21634327,0.24281679,0.6670374,-1.1299328,4.9632998,1.2122247,-6.901394,-9.7026005,-0.96414346,-0.7218564,0.01035243,3.684727,-16.791847,-1.4422861,1.1635813,0.041612744,0.5543765,-0.13564439,0.04733397,-3.653035,0.42237097,-1.4116795,-19.35351,5.865343,0.20211503,-0.1413236,-0.035915077,0.039102152,-0.67400634,-0.07435094,-0.27951378,1.9116889,1.6263387,-0.31888273,0.013154908,-7.2060328,-0.34778562,-0.706621,-4.0447364,-0.18129887,-0.6615329,-0.3598731,-3.1842113,-9.794945,-1.1390367,-17.317265
1.4088616,-0.18481873,-0.60502213,0.20041731,-1.2620152,3.1311266,0.115311354,-8.39596,-3.3714964,-0.5733518,-0.54982597,-0.04950531,2.329428,-14.560951,-1.7555771,0.46392593,0.17302231,0.40926296,-0.10926875,0.14512403,-4.2520914,0.11728272,-1.2758665,-19.496819,-1.8799907,-0.06743285,-0.6816257,-0.02822476,0.3264002,-0.5139358,0.010512752,-1.4767262,-0.9475115,-1.9620248,-1.3712366,-0.6274354,-6.983921,-0.41963404,-0.6923735,-4.0827456,-0.43810058,-1.2482504,-0.28796417,-2.2678368,-5.688405,-1.6113743,-14.062288
1.4096316,-0.18476833,-0.6121044,0.21966046,-1.2607312,3.1245518,0.1158188,-8.421178,-3.321283,-0.58101946,-0.55019087,-0.05047869,2.3278234,-14.529443,-1.7743453,0.46376696,0.20285563,0.4058802,-0.105503775,0.14412828,-4.262224,0.11728272,-1.2749497,-19.498652,-1.888528,-0.07099519,-0.68272656,-0.028128998,0.3268184,-0.5178866,0.0064910315,-1.4819747,-0.94781446,-1.9593147,-1.5975422,-0.6302466,-7.0016155,-0.39715353,-0.65394896,-4.0809474,-0.4386877,-1.2505709,-0.28847012,-2.2679057,-5.69123,-1.6144054,-14.035778
1.4063938,-0.14929788,-0.64401704,0.22791904,-1.3078501,3.1752338,0.10047399,-8.424634,-3.3239431,-0.5854336,-0.5494245,-0.049820773,2.3528266,-14.386756,-1.8810631,0.47857982,0.15230228,0.40298986,-0.17428099,0.14171407,-4.2546897,0.07964458,-1.1867639,-19.381407,-1.911299,-0.066792294,-0.70816976,-0.07684481,0.3343248,-0.5279601,-0.016908837,-1.6667769,-1.4899788,-0.6782431,-1.6655587,-0.6280045,-6.011161,-0.39291906,-0.6624996,-3.3080776,-0.40232322,-1.2901384,-0.29925147,-2.1777542,-5.6941247,-1.6126194,-14.059949
1.3779829,-0.250607,-0.7520204,0.1797411,-1.3725283,3.236485,0.14791733,-7.7503214,-3.528239,-0.5138194,-0.6208658,0.007371183,2.3980663,-14.371469,-1.8525041,0.50752854,0.33662382,0.41573468,-0.038122833,0.12616466,-4.4706793,0.098883,-1.5758287,-19.773674,-1.5922326,0.036154132,-0.42621443,-0.16653025,-0.5431267,0.36729792,0.051354237,-1.3191,-0.7595323,-0.77887666,-1.9336114,-0.5954118,-6.64555,-1.2167329,-0.8572511,-4.1134286,-0.4081186,-1.2945325,-0.3684955,-2.509239,-5.884006,-1.736455,-14.201925
1.0977495,-0.05973621,-0.9386021,0.41964677,-1.2707916,3.9500475,0.4471515,-6.9972353,-7.4264593,0.67513674,-0.41092628,0.38853502,2.7289932,-15.820567,-1.6486813,0.979175,0.39201593,0.62761825,0.09642466,0.24011542,-2.5963116,-0.80454665,-1.5959525,-18.901926,-1.4328047,0.0276344,-0.49150205,-0.05045093,-0.046622843,-0.47206622,-0.18691882,-1.8380456,-1.2255341,-4.043021,-0.57149637,-0.23828495,-3.629244,-0.6002968,-1.0149542,-2.4798324,-0.32360667,-1.0443848,-0.072057165,-2.1664085,-6.292461,-1.1001594,-15.091685
1.1489627,-0.080925375,-0.904492,0.40520138,-1.277902,4.102138,0.46452466,-7.7180986,-7.548101,0.64800525,-0.3899081,0.36540598,2.6980424,-15.850572,-1.6892864,0.97958267,0.3953991,0.689264,-0.04410904,0.30044314,-2.4482634,-0.85773444,-1.2366682,-18.880745,-1.3703951,-0.04937253,-0.37926707,-0.029894313,0.2892577,-0.8096162,-0.33625132,-1.8080009,-1.269698,-3.9668107,-0.5912803,-0.2463907,-3.561987,-0.761415,-0.9443145,-3.3935447,-0.33547738,-0.9652233,-0.2037565,-2.2320974,-6.327372,-1.1500306,-15.079034
-1.0497054,-0.08416753,-0.82201856,0.42737842,-1.5000882,4.8361216,-0.50096273,-7.10267,-7.622636,0.5447133,-0.41975236,0.3640754,2.718338,-15.194642,-1.6494806,0.98231566,0.39456636,0.67398727,0.0595648,0.332438,-3.1516507,-0.7406334,-1.612265,-16.685656,-1.4037234,-0.05374306,-0.51153386,-0.05218197,-0.037111696,-0.48402193,-0.18968238,-1.5905626,-1.2588421,-3.976123,-0.63482934,-0.25336614,-3.6885116,-0.58524746,-1.1550272,-3.0479581,-0.34184408,-1.0906104,-0.6454844,-2.1372385,-5.4738398,-1.0556692,-14.394225
1.2898352,-0.2873667,-0.002719569,0.4819358,-0.34405938,1.5569457,-3.6334403,-7.5293903,-7.6679387,0.62752306,-0.3904812,0.39365458,1.377059,-14.890186,-1.8708124,0.9773448,0.22095656,0.68954945,0.15091218,0.25890204,-3.3088646,-0.9423574,-1.7801007,-16.943527,-1.4254996,-0.03585078,-0.647935,0.045350768,-0.06620547,-0.63338816,-0.19184402,-1.5891806,-1.267438,-4.0675883,-0.38849014,-0.12520371,-2.9707077,-0.6694384,-1.4275122,-2.466808,-0.39901438,-1.0926019,-0.0143215675,-1.669674,-4.0827913,-0.7781181,-13.626967
-0.8266167,-0.12794742,-0.99206173,0.49288875,-1.4239792,4.7955217,-0.014991039,-7.0211296,-7.8209343,0.57491106,-0.39491484,0.47415632,2.5576084,-16.247744,-1.6118668,0.99975115,0.4059552,0.8059053,0.036332067,0.32871348,-3.2971525,-0.9198354,-1.499481,-16.164001,-1.1795563,0.052913323,-0.46247536,-0.044871934,-0.043156683,-0.5719265,-0.06017556,-1.639389,-1.2078314,-5.319926,-0.8370896,0.21046217,-3.2135873,-0.7258434,-1.099584,-4.0503535,-0.28149426,-1.1188979,-0.6311217,-2.0709004,-5.2363744,-0.94256264,-13.87824
1.2690979,-0.043251127,-0.9663612,0.40557063,-1.2873137,3.8205771,0.39523482,-7.001018,-7.2749386,0.69269615,-0.3726303,0.39624125,2.7524035,-15.771145,-1.6700525,0.9650196,0.39374685,0.018659048,0.56668764,0.24119374,-2.6012588,-0.8132889,-1.5845284,-18.898167,-1.4444134,-0.14411204,-0.46234927,-0.058330122,-0.0573589,-0.43040925,-0.1923606,-1.8273745,-1.4311898,-4.0932097,-0.5458861,-0.26713142,-3.9786353,-0.59609634,-1.0331417,-2.4919324,-0.36416364,-1.0665745,-0.029978024,-1.8471085,-6.2424793,-1.1179281,-15.113665
1.1018898,-0.076343395,-0.9568183,0.3274961,-1.2688068,3.9421892,0.4613485,-7.009161,-7.416339,0.7042694,-0.41231054,0.38738495,2.7295737,-15.813676,-1.6482551,1.0841743,0.39185536,0.6254568,0.48944035,0.2460416,-2.5931733,-0.78629774,-1.5954193,-18.90042,-1.4340252,0.031005457,-0.49136466,-0.048301395,-0.053844262,-0.46528938,-0.17910063,-1.8367448,-1.4079585,-4.0724554,-0.5301469,-0.23882042,-3.8110652,-0.6004981,-1.0782958,-2.4973583,-0.33657458,-1.0439627,-0.07397365,-2.1629548,-6.284205,-1.1004415,-15.095212
1.1498708,-0.061767824,-0.8854093,0.3866126,-1.2980886,4.2652617,0.45710912,-7.738553,-7.468455,0.6711128,-0.4358599,0.3547375,2.2387228,-15.634396,-1.6775211,0.9737306,0.29411706,0.71505094,-0.03444998,0.34120718,-2.7087698,-0.84927404,-1.2862083,-18.959803,-1.3516599,-0.042971864,-0.39620036,-0.014235628,0.45497406,-0.801114,-0.4830759,-1.8901504,-1.3283192,-3.1014783,-0.051951494,-0.3538196,-3.529451,-0.62269735,-1.0755137,-3.5571308,-0.33202863,-0.8691489,-0.030019313,-2.2979527,-6.303917,-0.9767862,-16.363708
1.0958546,-0.05231377,-0.8903001,0.41874915,-1.2735726,3.9569373,0.24646671,-6.8935747,-7.3977404,0.7171057,-0.39954245,0.37000266,2.7131813,-14.765207,-1.6525621,1.007998,0.38860416,0.62948895,0.090611845,0.2922074,-2.5164227,-0.7856318,-1.5985466,-18.894314,-1.39698,0.013655823,-0.49521458,-0.033290368,-0.09588632,-1.2512555,-0.3041089,-1.8389937,-1.2460738,-4.066813,-0.69018036,-0.23902117,-3.8028972,-0.63246787,-1.1070087,-2.3931193,-0.31850734,-1.0462806,-0.09329065,-2.1596646,-6.137052,-1.1281723,-15.087749
-1.2704124,0.3346448,-3.891939,-0.2758835,-0.86902183,2.5147054,-1.4385227,-8.329583,-6.3452463,0.58296585,-0.1175763,0.3581912,1.5626872,-15.330623,-1.7959756,1.2971487,0.28298974,0.47427192,-0.49337187,0.06087986,-1.9433404,-0.98363334,-3.5745642,-15.933774,-2.9907045,-0.09819744,-0.033822667,-0.0551689,-0.22105995,-0.92161894,0.29945892,0.36890164,-1.4783789,-5.9481487,0.43537784,-4.4111633,16.019318,-0.99800587,-0.35913548,-0.42904067,-0.4571115,-2.6214182,0.08819681,-3.9924414,-2.7983675,-1.1849456,-9.33149
-0.94162726,-0.52402043,-2.9549346,0.053374015,-0.8202608,3.4553201,-2.2263808,-7.7331953,-7.6444473,0.49283534,-0.33325002,0.5179182,1.7158045,-14.992183,-1.9145031,1.205384,0.33583406,0.7715733,0.06910532,-0.061768517,-0.7513645,-0.34372354,-1.7884675,-14.998996,-1.29734,-0.14852972,-0.6342733,-0.054670967,-0.07798413,-0.41542542,-0.0183193,-1.1521938,-1.4041256,-5.25046,-0.83529514,-0.15836263,-3.112879,0.41413653,-1.18147,-2.758696,-0.425895,-1.1312244,-0.81914276,-2.3377993,-3.9322515,-1.6794999,-13.191278
-1.6864734,-0.28847542,-3.7578237,-0.60821545,-0.35283107,2.988677,-2.4682524,-9.547729,-6.6148195,0.7782273,0.8891727,0.043505546,-1.8977665,-12.177499,-6.1850657,-0.4933575,0.6114668,0.467874,0.31657988,-0.65664387,-0.87541986,0.01648004,-3.147678,-12.754209,-3.8745,-0.16098446,-1.3529431,-0.06351229,0.017855346,-0.7437151,-0.06631534,-0.16892739,-1.7972922,-5.780101,-0.21974598,-1.3368399,7.1754284,-0.6615606,-0.97924894,-2.0101779,-0.7440431,-2.6593778,-0.6628557,-6.142579,-3.1062505,-2.4875083,-5.5435123
1.2535568,-0.022668013,-5.0250177,0.3029384,-1.8805923,2.497444,-0.9100192,-7.9753027,-4.5585785,0.13431603,0.08268021,0.41356277,1.7554461,-14.670645,-1.8071572,-0.51651543,0.48333701,0.6413301,0.02450806,-0.15970854,-1.3736749,0.0838723,-1.8325648,-15.466491,-1.9953735,-0.10462941,-0.60863584,-0.080994,-0.24594447,-0.64700264,-0.14634089,-1.2732396,-1.5666331,-5.4662423,-0.5166388,-0.876314,-0.4875621,-0.73441947,-0.7727802,-2.844336,-1.1277521,-1.0168412,-0.19708692,-2.1351683,-5.3338537,-0.9344363,-14.399634
-0.56422037,-0.41255778,-3.8147874,-0.43370268,-0.42421365,2.3905573,-2.0254016,-9.540441,-6.410855,-0.55531406,0.8588299,0.019948965,-1.3972285,-12.718435,-6.1671953,-0.3075353,0.65356857,0.4026227,-0.28464708,-0.24382779,-0.8562437,-0.022663064,-2.806632,-15.236498,-3.3318498,-0.21577561,-0.117089875,-0.071109116,-0.026424712,-1.1293796,-0.6135193,0.29398605,-2.381941,-5.7619114,0.7384841,-0.4952365,11.478458,-0.46405014,-0.3311498,-2.4912114,-0.88917786,-2.6740541,-0.13729623,-5.953721,-4.2649236,-5.9189844,-6.12026
1.3981334,-0.24795423,-0.4194694,0.22344439,-1.5459863,4.91123,1.5584174,-8.698078,-7.4370246,0.53252286,-0.5192677,0.41269433,2.1983402,-15.634602,-1.572065,1.042508,0.2445054,0.6318977,0.08924124,0.5825875,-4.848789,-1.3914529,-1.0775855,-19.252022,-1.0438132,0.09206597,-0.6770213,-0.015777422,0.45413196,-0.69674504,-0.37843117,-1.7405125,-0.97921586,-3.1808062,-0.71773565,0.2537791,-3.509122,-0.5098857,-1.5291305,-4.2310405,-0.25072324,-1.010224,-0.09632924,-1.716411,-5.6423755,-1.1049587,-14.662731
1.7962456,-0.11332979,-0.033501413,0.32645288,-1.5346472,5.597919,0.67610264,-7.735965,-8.4474945,0.571637,-0.541996,0.35892144,1.6455898,-16.468796,-1.5679919,0.6438481,-1.8591316,0.36668772,0.0064564487,1.4883323,-4.579965,-1.1380914,-0.3939101,-19.162556,-1.1111944,0.19630337,-0.15933886,-0.12081895,0.29658705,-0.98012894,-0.2829902,-1.8395567,-1.1808755,-2.8140693,-1.4125432,-0.0035730777,-2.7283804,-0.2520961,-2.1349714,-4.6544127,0.87439257,-1.0564004,0.04343268,-1.5504916,-4.6543236,-1.0532601,-14.294272
0.49201155,-0.27598852,-2.9524353,0.27747354,-1.3545707,5.8944654,0.34544194,-7.518603,-7.4172444,0.4809761,-0.563945,0.49905816,3.136115,-15.703135,-1.711224,1.4621865,0.4466008,0.6264165,0.067149304,0.50941956,-0.3424302,-0.6184035,-1.7289754,-18.737015,-1.4288548,-0.1429965,-0.40738186,-0.06833622,-0.11015346,-0.60733384,-0.17248367,-1.4107912,-1.6342119,-5.6791153,0.3574725,-0.42486843,-2.5531974,-0.9216423,-1.3277466,-2.0982885,-0.26427522,-0.9592223,-0.15629375,-2.361194,-6.111571,-1.5661049,-15.870529
1.1944808,-0.21566312,-0.53008264,0.26716855,-1.5070537,4.9184794,-0.19834445,-7.4987,-8.3096695,0.2678034,-0.42158893,0.4461629,1.8958068,-15.37549,-1.5710963,1.2004869,0.18574682,0.6098904,0.1504308,0.403549,-3.786052,-0.982044,-1.2146627,-19.59937,-1.095301,0.036971334,-0.41179776,-0.05352478,0.028001757,-0.67083794,-0.34639743,-1.7861196,-1.1338271,-2.8269885,-0.29023194,0.78710604,-3.2723572,-0.6983445,-1.4994599,-2.8492236,-0.29812995,-0.90119326,-0.05466503,-2.2030723,-5.1237526,-0.923897,-15.7192135
1.2648677,0.14878966,-1.4053569,0.26181662,-1.256249,4.3821874,-0.93085366,-7.592173,-7.2437024,-0.37133196,-0.4011464,0.46476087,2.2493443,-15.360633,-1.0763849,0.44555843,-3.165882,0.78520495,-0.5406984,0.15576544,-2.6389,-0.77569133,-0.083468474,-18.84962,-0.63480675,0.1406535,-0.41338533,-0.031865176,0.3625639,-0.8135607,-0.2039875,-0.82901984,-0.65497476,-3.4383664,-0.39532295,0.526236,-3.2710743,-0.70165795,-0.7546758,-3.2142158,-0.64509916,-1.1338303,0.20885108,-1.8807249,-4.723461,-0.83427715,-16.21598
-1.6970441,-0.62374645,-0.604094,-2.193817,-0.53264815,-5.991942,-10.480038,3.3951926,0.2416565,-0.66440004,0.81254816,-1.4554566,-0.74694616,-1.284028,-5.405057,-0.46965027,-1.5249889,-0.03229791,-0.26435977,0.51459646,26.82919,-0.11561964,-0.9045505,-6.750607,-2.185958,-1.0805955,-0.015368942,-0.3432355,-0.4835476,0.25010005,-0.06977998,-0.7030259,-1.1138419,-5.8990593,1.4945022,-2.658093,-1.5471622,3.3200822,-0.119741805,8.894989,-1.4457314,-1.0113541,-0.7733091,4.249572,5.1005907,-0.4799815,18.58817
-6.6571407,-0.4933276,-0.27064517,-1.6452488,-0.41658795,-15.026344,-11.31135,1.0040005,-1.4527001,-0.95455176,0.41557556,-1.1721836,-2.5831244,13.1384,-6.9749713,-0.5757827,-1.6347094,0.0076392014,-0.4761364,-0.6507577,19.47601,-0.86798996,-0.5062041,17.909925,-3.2331543,-0.78763115,-0.19714172,-0.2551553,-0.27717137,-0.80486596,-0.07850791,-1.7659656,-1.873472,-8.377938,1.3321652,-2.336216,8.828005,1.2909573,0.10160561,2.8234286,-0.5463719,-0.18207422,-1.3143488,1.7800126,5.0795035,-0.017630795,14.732323
-1.1417742,-0.6756846,-0.5779589,-2.03646,0.022959825,-7.0911226,-13.800883,3.5967379,1.0263674,-0.9434865,1.1093028,-1.4360119,-2.0648897,11.3566265,-6.4164624,-0.47449335,-1.1625292,-0.0814476,-0.49298394,0.61631185,23.648117,-0.40957674,-0.61084723,-7.4232416,-2.8326552,-0.580532,0.16795377,-0.17877091,-0.30253676,-0.82423407,-0.022618322,-0.96578586,-1.5900518,-9.713002,0.9648832,-2.3162606,7.5845613,2.0580673,-0.8649483,4.11524,-1.7437106,-0.4580029,0.29143927,2.6896439,5.0552235,-0.29382583,17.13076
-6.120048,-0.02502132,-0.3520526,-2.1481109,-0.2531853,-15.182019,-13.758762,3.2579277,-0.15014505,-0.48379,1.1105366,-0.9300322,-2.442272,6.355927,-6.860051,-0.5391557,-1.3270142,-0.13111311,-0.6378707,-0.67976063,20.872171,-0.32732648,0.82057714,17.988432,-2.937103,-0.4346691,0.69813174,0.03598957,0.11827601,-0.13135098,0.06536578,-1.4311428,-1.565019,-9.609023,0.5849905,-2.592013,10.049493,1.0279701,-2.3135595,4.801818,-2.3067937,-0.618352,-1.4916043,1.9278264,4.7595696,0.18406488,15.067974
-2.281428,-0.17355032,-0.5101349,-2.2041206,0.103229575,-7.8875146,-15.200271,3.6566346,0.5981124,-0.50365144,1.3498865,-1.3159608,-1.7099152,9.158265,-6.094443,-0.8339286,-1.196537,0.028088877,-0.30254805,-0.04678285,23.796125,-0.48341617,-0.21064909,-7.557244,-3.6058083,-0.91932774,0.3268557,-0.05952283,0.48051786,0.3420093,-0.080338754,-0.4147701,-1.0301931,-7.7977448,1.0500152,-2.2727575,9.201738,2.6915436,-1.0762262,4.7624164,-2.757272,-0.022853177,-1.4485319,2.6410253,4.9003835,-0.3579366,17.223587
-4.786676,-0.20225489,1.0109466,-1.970997,-0.095122024,-17.49884,-16.203232,3.2587554,1.8079492,-0.7755141,1.1945771,-1.1695715,-3.3505325,13.281518,-7.118603,-0.64088744,0.113136254,-0.033210702,-0.66569656,-0.50927997,19.643541,-1.504372,0.46162093,17.602568,-2.6969645,-1.1087035,0.23190893,-0.22606511,-0.07148139,-0.75225705,0.25686076,-1.1988816,-1.3821362,-8.250781,-0.7260946,-2.3168542,10.366088,0.87365264,-1.5207232,4.491503,-1.4864482,3.284395,-1.875449,1.6573883,4.843047,-0.46717095,12.128777
-5.8210063,0.2148904,2.0601132,-1.8709735,-0.29889873,-18.903992,-15.902301,4.6731606,2.8220546,-0.84202206,1.0831174,-0.8465864,-3.4078794,12.6396475,-6.3878508,-0.81924164,1.0696915,-0.074000046,-0.3351438,-1.5984623,19.636738,-1.7885472,0.32959887,17.399813,-2.8716002,-1.516255,0.48097837,-0.106628835,-0.22466147,-0.84607506,0.3726453,-1.0035131,-1.4467056,-9.872737,-1.298669,-2.2021878,10.047914,1.2675189,-1.4801803,4.107499,-2.1963553,2.579375,-2.2039351,1.5520366,4.813003,0.12022364,11.012069
-6.515164,-0.21957795,-0.571318,-1.9384139,-0.43021566,-16.185549,-15.630561,-0.5238045,1.9632367,-0.50162584,1.2164143,-1.2751098,-2.3743463,5.06536,-6.541849,-0.44798952,-1.4578811,-0.066757806,-0.6241167,-0.76916945,19.651312,-0.29937232,0.5535343,16.16563,-3.4002094,-0.93223614,0.54538673,-0.06998986,-0.10465841,-0.3196693,0.17021525,-0.9109236,-0.97295374,-7.2279344,-0.44997886,-0.95672864,10.81604,1.1643927,-2.002527,4.411352,-2.2430847,-0.5790957,-2.8835506,1.9850475,6.062817,0.19725767,13.445321
-3.9644537,0.13732342,-0.47349414,-1.6089629,-1.1457584,-8.292525,-10.107139,1.5005915,-0.5912349,-0.6210197,0.4673577,-0.78210455,-1.5690788,10.622431,-6.166683,-1.0382378,-1.4387536,-0.04055074,0.5081463,-1.0070895,23.114555,0.048649754,-1.3610756,-7.5903735,-2.9491372,-0.7259476,-0.3455425,-0.6317216,0.113648966,-0.7961652,0.08263229,-0.6235556,-1.5737736,-0.61957353,0.85104835,-2.8323011,11.621055,3.1844757,1.1981072,2.9163685,-1.5661943,-0.9342646,-2.2631435,2.9722786,5.6420555,0.20012113,18.076145
1.2920983,-0.27260262,-1.6107303,0.107576266,-0.71646917,-0.32863617,-6.170823,-7.7786713,-9.404948,0.08171249,-0.8527249,-0.82319355,0.9628417,-16.56884,-1.492038,1.3234048,-2.9240856,0.8567536,-0.17497317,0.6305342,-2.0019217,-1.0150996,-1.2760121,-17.534576,4.3897076,0.10532668,-0.459911,-0.06711792,-0.009560089,-1.0744455,-0.1854062,-1.12906,-0.8879275,-5.232519,-1.4171323,-0.0351005,-6.9166827,-0.64070964,-2.0643413,-3.9115603,-0.80058056,-1.2897903,-0.049313094,-1.4383833,-5.818859,-0.80047035,-12.006965
1.6971352,-0.14943863,-2.9854238,0.104846545,-0.6053145,-1.0272782,-7.0684342,-7.4793406,-7.589595,-0.38511136,-0.5490651,-0.47467366,1.2366695,-15.457062,-2.0523844,0.9295903,0.58453494,0.5443666,0.028831903,-0.34395936,0.47838825,0.2680897,-1.9873003,-16.64446,-0.42540288,0.22588436,-0.6057157,-0.02123234,0.09368772,-0.5350811,-0.09892196,-1.5429293,-1.4772656,-7.0312243,0.3870174,-0.6897388,-6.585066,-0.635945,-0.7267094,-3.9535549,-0.6680494,-0.93962896,-0.16755064,-1.0385543,-3.234521,-0.61992747,-10.882245
1.2304684,-0.2716318,-1.1919999,0.08977611,-0.61544275,-0.592385,-5.1785975,-8.118448,-8.908813,0.41873187,-0.853588,-0.7081171,0.87890476,-17.10932,-1.5113317,0.9496731,-3.6240883,0.706369,-0.17716655,0.07348671,-1.8239855,-1.2128303,-2.049373,-17.729471,3.8622835,0.12112716,-0.7461242,-0.12648246,0.09175611,-1.0217742,-0.27170515,-0.94003886,-0.9305796,-4.9380755,-1.2159402,-0.049150255,-7.184029,-0.53035045,-1.6062835,-3.6914577,-0.5288667,-1.1390182,-0.16756865,-0.94574326,-5.9423347,-0.6442198,-12.523786
1.2578398,-0.1418497,-1.9904878,0.08144114,-0.6491185,2.6280982,-4.6585097,-7.803151,-8.737736,0.053386122,-0.54575425,-0.74970555,1.9516275,-16.894608,-1.3909103,0.9335841,-3.3559632,0.9010632,0.03005183,0.33965954,-0.8396849,-1.1898723,-1.4338539,-20.07129,3.5455248,0.09199302,-0.4359489,-0.19689101,0.20094328,-1.0587857,-0.17949943,-0.98452294,-0.90615964,-5.7155805,-1.468485,0.12632245,-6.9550176,-0.4550816,-1.6965191,-3.8363483,-0.781397,-1.0309553,-0.16433755,-1.5205114,-6.227215,-1.158342,-14.347174
1.5553682,-0.114622384,-3.4091754,0.0678094,-0.51155525,-0.6081674,-6.3040156,-7.7409062,-7.6817636,-0.86973774,-0.850967,-0.77280223,2.0355253,-16.254099,-1.966323,1.2230333,0.44225153,0.39319536,-0.084482044,-0.26202476,0.20232645,-0.47058934,-2.2125926,-17.89538,-0.26080284,-0.03833978,-0.52306896,-0.13585137,0.45439574,-0.91664207,-0.32759866,-1.5910845,-1.5832777,-6.4158,0.2733855,-0.3123777,-6.34272,-0.59949625,-1.196907,-4.2052937,-1.0244062,-1.0981818,-0.054038182,-1.1965947,-2.460923,-0.8592092,-11.262879
1.8216033,-0.2716593,0.11347631,0.28326133,-0.6728392,-1.3320032,-6.5967703,-7.750827,-9.563666,0.48871782,-0.869217,-0.8445375,0.8568063,-16.994606,-1.3881664,0.72070235,-2.6693914,0.6088633,-0.267901,1.4331526,-2.7644644,-1.2559506,-1.5917014,-18.047844,4.7407207,0.15622431,-0.70834506,-0.1365041,0.10858753,-1.1884147,-0.2361672,-1.3576161,-0.8049282,-5.275951,-0.5866247,-0.14926365,-6.64304,-0.4658327,-1.9683548,-3.7849753,-0.5552111,-1.0439718,-0.12795804,-1.4189571,-5.1547704,-1.1949259,-13.030344
2.0559878,-0.055658143,0.08420985,0.167121,-1.126739,6.9535856,3.6669035,-7.012421,-10.818766,0.17256895,-1.9379325,0.1424909,3.3389213,-18.012514,-1.0650046,0.47153103,0.12630062,0.42257595,0.029709516,1.5637106,-4.772436,-0.2990004,-0.934108,-19.21194,5.660244,0.22978222,1.3187479,-0.07466792,-0.46292663,-0.07406369,0.024399754,-1.2572757,-0.33242568,5.299588,-0.03327313,0.035618383,-6.9271727,-0.33630586,-0.617238,-7.269674,0.6496545,-0.13940907,-0.89274687,-4.169047,-9.269115,-1.1068085,-18.398804
1.9193308,0.17311066,0.196393,2.6874526,-0.23566478,7.836612,0.97642064,-5.529219,-13.794392,-0.10606666,-1.7294232,0.029252991,3.2705367,-18.334183,-1.4996028,0.8676353,-1.6039666,0.035983253,0.116903625,1.6246091,-4.75307,-0.960108,-0.7625862,-19.55876,7.270201,0.26204202,1.412528,-0.028250745,-0.10758029,-0.79343575,0.22128837,-1.1014752,0.8363491,6.3771954,0.19897191,0.08475892,-7.27402,-0.33762422,-1.1030463,-6.6948404,1.9501888,-0.13334645,-1.2529672,-4.1693974,-9.3184805,-0.96842575,-17.875523
1.1403329,-0.16598937,0.25746086,0.4187549,-1.0038157,4.313261,1.338655,-7.420489,-8.604037,-0.94985443,-0.560084,0.160543,2.5990832,-13.133739,-1.4409264,1.0444943,0.05589449,0.56734854,-0.21295768,0.24026686,-3.5925505,0.3592274,-1.5495442,-19.654598,3.935682,0.29042098,-0.18312041,-0.28038433,-0.2794608,0.11481382,-0.19680722,-1.6221446,1.6064715,-0.7119681,-0.6497862,0.009008734,-6.995304,-0.4061475,-0.8613673,-3.186554,-0.23935787,-1.283036,-0.39996117,-3.0211475,-7.2689004,-1.0615166,-16.479963
1.3074816,-0.124409,0.015717521,0.36576143,-0.6952875,4.3398795,0.13449654,-6.949492,-8.890303,-0.8985852,-0.6940589,0.29609194,3.7315886,-15.85732,-1.523163,0.82156664,0.17459205,0.5840659,-0.12606028,0.09591433,-3.8622959,0.4898825,1.1745195,-19.787653,5.562648,-0.05225682,-0.3700089,-0.10533093,-0.42411274,0.21003866,-0.2815827,-2.150748,-1.2369043,1.456925,-0.5011911,0.333845,-5.839426,-0.7033697,-0.622668,-2.3827524,-0.0685121,-1.3642397,-0.66016495,-3.3040707,-7.7807455,-0.7706384,-16.046545
0.7997349,-0.39176497,0.21173206,0.53572863,-1.1081876,4.312004,0.53013617,-7.6035056,-6.999159,-0.6041021,-0.436451,0.1665816,3.1955302,-14.414893,-1.5690389,0.06160068,0.05017288,0.60130054,-0.025894906,-0.40888155,-3.4015539,0.40453982,-1.5081319,-18.968977,4.8679237,0.32196456,-0.3489247,-0.26804522,-0.4612432,0.116442055,-0.093929775,-0.54311264,1.8218063,-1.3504981,-0.65887225,0.0984401,-6.788233,-0.28270197,-1.0531585,-3.4393888,-0.30418125,-1.4505334,-0.18510741,-2.472324,-7.8033266,-1.0215831,-16.447842
1.4095775,-0.1816551,-0.6064302,0.2018526,-1.2620095,3.152357,0.11534637,-8.421162,-3.3661978,-0.57378,-0.55015314,-0.05047805,2.3294542,-14.560804,-1.7488643,0.46478847,0.20285563,0.40817073,-0.075572185,0.14481005,-4.2498803,0.11715759,-1.2681428,-19.496458,-1.9124287,-0.11619294,-0.68137795,-0.025369694,0.29186252,-0.5173047,0.01083768,-1.4809141,-0.94781446,-1.9582645,-1.458287,-0.6276893,-6.9862123,-0.39806828,-0.650546,-4.0585027,-0.4387493,-1.2492005,-0.2905686,-2.2679374,-5.6278515,-1.6113743,-14.059206
1.4096316,-0.18476833,-0.6121044,0.21966046,-1.2607312,3.1245518,0.1158188,-8.421178,-3.321283,-0.58101946,-0.55019087,-0.05047869,2.3278234,-14.529443,-1.7743453,0.46376696,0.20285563,0.4058802,-0.105503775,0.14412828,-4.262224,0.11728272,-1.2749497,-19.498652,-1.888528,-0.07099519,-0.68272656,-0.028128998,0.3268184,-0.5178866,0.0064910315,-1.4819747,-0.94781446,-1.9593147,-1.5975422,-0.6302466,-7.0016155,-0.39715353,-0.65394896,-4.0809474,-0.4386877,-1.2505709,-0.28847012,-2.2679057,-5.69123,-1.6144054,-14.035778
1.0636345,-0.09817121,-2.016941,-0.22702186,-0.4657433,-0.32383263,-5.2367764,-7.299535,-10.977625,-0.99096847,-0.3659597,0.2052999,1.2630267,-14.12091,-1.4690595,0.95526594,0.6241921,0.5847385,0.043679673,-0.013385863,0.08383828,-1.1618749,-2.1016145,-18.368544,3.9828365,-0.05019561,-0.38419765,-0.21873598,-0.108371064,-1.2186334,-0.18078344,-1.3765097,-1.5188748,-5.520566,-1.7224516,0.12105167,-7.234786,-0.077488266,-2.4863555,-5.0629807,-0.6658208,-1.2771299,-0.018548284,-2.2088692,-6.04876,-1.2708209,-13.343704
0.9769249,-0.27706817,-2.0147145,-0.9090725,-0.7659569,-1.2679422,-6.391329,-7.500188,-9.012934,-1.5357965,-0.24399707,0.106403716,1.4192544,-13.507581,-1.5950137,0.70122755,0.5278312,0.13842127,-0.03604401,-0.39091137,0.6496179,-1.2376823,-2.1478202,-17.6903,3.882078,-0.2730623,-0.42061043,-0.16974567,-0.083876185,-1.2588173,-0.22380072,-1.5241946,-1.6367147,-7.67536,-0.82017905,0.31848195,-7.752066,-0.5188812,-1.2361373,-4.853184,-0.6763827,-1.0801456,-0.15205038,-1.4666708,-4.830232,-0.84033537,-12.647954
-2.3567145,-0.023779795,-0.63092244,-1.0059998,-0.6962674,-16.678875,-17.499998,5.0339804,2.1029015,-1.7358328,0.5221177,-0.91862434,-2.1048489,23.676184,-6.660608,2.9661593,1.0065857,-0.19571558,-0.22397937,-3.7743335,19.606638,0.471515,1.7318529,23.257174,-2.6490128,-0.6032376,-0.14710096,-0.14209856,0.20403296,-0.05670014,0.362368,-0.66097474,-0.8457839,-0.8842912,0.64683205,3.809036,13.797372,2.5803814,-3.0042303,2.5874617,-1.8900764,4.8797507,-2.2289088,1.49334,3.7277813,-0.60647416,14.9302225
-4.455007,0.013332569,-0.94446915,-1.3817893,-0.5501175,-13.936476,-9.852737,5.2982645,33.786453,-1.461813,0.6101521,-0.78036433,-1.441628,25.79198,-10.239842,-0.03095219,-3.4660296,-0.70190704,-0.712553,-2.2426324,18.347988,-0.3240183,8.090849,21.859898,-5.2771425,-0.6929778,0.16916412,0.14051516,-0.5197469,0.70543766,-0.09949303,-0.62629986,-0.4977282,-1.1314695,-9.25559,2.6314082,13.888902,1.863811,-3.4630387,3.7988524,-1.5556042,3.7292268,-3.3956616,1.8530879,5.5241656,-0.052780382,17.811773
-10.429822,-0.4092618,-0.7643789,-0.59201896,-0.5705489,-21.066797,-15.604342,4.5765066,4.2483025,-0.82113266,0.6047642,-1.2933705,-1.9698856,18.918257,4.0536804,1.1950511,0.29737705,-0.6026346,-0.9474364,-10.132865,15.041209,-0.36061206,7.3553686,25.599794,-1.7284477,-0.6689216,0.19564468,-0.20310408,-0.6938439,3.1010122,-0.45648918,-0.09983047,-0.80892897,-0.692773,-3.102228,-1.6868755,1.9933211,0.98795605,-4.08353,2.1756513,-1.661175,3.868176,-4.538249,0.99771965,7.400819,-0.3106848,12.696884
-9.094059,-0.012545296,-1.0271292,0.45575994,-0.8857872,-17.203953,-14.094331,1.2914333,1.643335,-0.6286283,0.7965986,-0.63955206,-2.3000586,20.538015,-5.1241035,0.5076828,-2.2081048,-0.68316764,-1.2296224,-5.109294,16.623693,-0.4888787,1.2553445,22.290806,-1.2499344,-0.61023176,0.4449325,0.21115415,-0.53290725,2.909771,-0.2327977,-0.17321467,-0.8624216,-0.40700656,0.029569672,-2.159529,6.803091,2.141292,-4.173005,3.9324088,-1.1228652,4.60164,-3.3232522,1.5547147,4.592922,-0.08945455,12.074416
-10.925245,0.1796715,-0.20335716,-1.3556603,-0.23714876,-20.929573,-15.582775,12.426322,6.846962,-0.7578364,0.30316058,-1.477896,-1.3401568,22.494537,4.5865455,1.1721538,0.09836512,-1.2088931,-0.55391634,-11.499469,16.331003,-0.5406452,3.568117,22.437637,-0.80417085,-1.1055965,-0.019421933,-0.043144993,-1.2740327,1.9926627,-2.5044582,2.072656,-1.2912453,-8.567666,-4.089414,-1.8576221,4.8578672,1.48946,-3.3730986,5.7463064,-1.2241815,4.637513,-4.2776556,0.954689,5.9526997,-0.7638375,8.800538
-6.3828707,0.23402528,0.027209189,-1.032804,-0.4131109,-12.148649,-11.027786,7.399405,23.348856,-4.580182,0.72328025,-2.6662083,-1.0032293,22.97649,6.0258446,0.96050876,1.2965498,-0.8282745,-0.2896235,-9.862056,15.451234,0.5628418,12.1355,28.23867,-5.2163467,-0.61418325,0.1279839,0.06888378,-1.0700974,2.2232318,-0.42312795,-0.39953217,-0.74607337,1.5829419,-9.154237,-0.47242188,11.311499,1.7750157,-4.9497766,23.358343,-1.3414383,5.7562904,-9.55317,1.5558217,9.728332,0.18960994,17.759426
-4.6261587,-0.23535766,-0.87508166,1.288946,-0.24645115,-5.7566485,-15.852077,3.6594577,-0.9883268,-2.4925735,0.8615968,-0.8784556,-3.2059162,14.794429,-7.391321,-0.6560164,-1.5603617,-1.1207669,-0.58339715,-2.3971288,23.156298,-1.1307917,-0.47649953,-7.4728966,-3.6793354,-0.5077447,-0.64796954,-0.19604012,0.120185636,0.9299592,-0.4131638,-0.6895805,-3.3865352,9.658593,0.20088322,-0.44138086,12.4437275,0.6629532,-0.31870216,6.5980873,-0.5826944,3.1585343,-1.6654861,3.4010737,5.836582,0.23851115,12.727445
1.1081052,-0.26923564,0.27511877,0.37029746,-1.0806866,4.0313597,0.1834032,-7.557866,-6.8846927,-0.72888696,-0.50963545,0.07992863,2.8545113,-14.029047,-1.5690536,0.08640106,0.03873322,0.55420786,0.045110118,-0.3637472,-3.0395567,0.50797695,-1.4972353,-18.641254,4.031306,0.23005244,-0.36025167,-0.03551532,-0.1183293,-0.3856553,0.25902703,-0.6362461,2.375111,-0.59891325,-0.72991365,0.1089235,-6.9816084,-0.34379488,-1.1191674,-4.1642528,-0.37313098,-1.4299238,-0.35094994,-2.4344587,-7.7900987,-1.0992497,-15.906641
1.0160016,-0.21851686,-0.37982956,0.10171181,-1.0510604,3.5142484,-0.78829545,-7.4579577,-6.3493266,-0.81752205,-0.44049764,-0.1323207,2.3038158,-12.704413,-1.8538543,0.079196,0.1857308,0.27967852,0.035563037,-0.5257745,-0.33772418,0.8199016,-1.784521,-18.984629,3.2344675,0.11767218,-0.5130478,-0.03813027,-0.060720496,-0.15573725,0.24748892,-0.82385194,2.0920146,-1.3239182,-0.76632184,-0.39210236,-7.1902633,-0.15954992,-1.0998437,-3.9133174,-0.4264064,-1.309388,-0.53941816,-1.9915327,-7.4952188,-1.1509368,-14.952632
1.2042854,-0.13859911,0.32028514,0.43549547,-1.1136127,5.4657784,3.0457716,-6.9421196,-9.420565,-0.61634773,-0.81591463,0.018905615,3.6811478,-17.37347,-1.6309693,0.4946344,0.06576262,0.59996665,-0.1311398,0.098412536,-4.1127295,0.4746748,-1.2020265,-18.902304,4.80934,0.23273282,-0.36942145,-0.00016506405,0.30348152,-0.982106,-0.16020516,0.36929592,2.2021058,0.8762756,-0.53327185,0.084182516,-8.28646,-0.288397,-1.1765575,-4.8892765,-0.27452198,-1.2600127,-0.40244162,-2.3502922,-7.5443897,-1.0870554,-16.878304
1.1865312,-0.31456172,0.26947817,0.5373859,-1.05844,4.5350037,0.5907538,-6.9633775,-9.446753,-0.75382036,-0.8591393,-0.02001121,4.0327973,-14.629737,-1.6736023,0.18045276,0.010788624,0.5911148,0.14134224,-0.21881582,-3.3843453,0.59773546,-1.2137473,-18.812376,4.7431912,0.24893975,-0.33592048,0.024250386,0.16998698,-1.4980825,-0.13062227,0.19678229,2.118289,0.88672113,-0.4796619,-0.23623915,-7.5070233,-0.2852438,-1.1940141,-4.4494405,-0.22971302,0.016498074,-0.44622847,-3.431951,-7.493989,-1.0709794,-17.172415
2.0390759,-0.31095243,-0.74616724,0.49060163,-1.1322628,5.065573,0.7959075,-8.435631,-7.815837,-0.61789536,-1.0201415,0.070550576,3.0157073,-14.187778,-1.4904703,0.04259944,0.17030776,0.6644674,0.0032545,-0.33246607,-3.070521,0.6425724,-1.2379011,-18.662949,4.8444805,0.17961031,-0.3211722,0.04081792,0.036066573,-0.9320507,-0.11487358,0.39966375,2.3551004,-0.54426163,-0.59714144,-0.02295948,-6.950299,-0.09917489,-1.1994218,-4.6403155,-0.7218114,-1.2657099,-0.43848458,-3.209662,-9.4215145,-1.1078204,-15.507703
1.2508053,-0.18387586,-0.9690437,0.38673633,-0.88562864,3.5452497,0.18616913,-7.32007,-8.872867,-0.6215758,-0.4763073,0.20731193,2.6501632,-13.733329,-1.7044802,-0.02099842,0.27946937,0.24726024,0.056008298,-0.08709649,-0.24071087,0.4900493,-1.4595106,-18.36899,4.899528,0.14042342,-0.45119873,0.00486913,0.22183213,-0.90493566,-0.13072427,-0.89981854,2.325949,-1.5967178,-0.66318387,-0.049008425,-6.915486,-0.21373273,-1.1007066,-4.0792556,-0.45584747,-1.2766653,-0.361752,-2.68838,-7.765625,-1.0661498,-16.229218
1.2482103,-0.20365457,-0.9854126,0.27965993,-0.8581516,3.6972778,-0.068130374,-7.22029,-8.269323,-0.69452596,-0.6382005,0.19601136,2.6646645,-14.304093,-1.787051,0.024564883,0.2725334,0.27942914,0.03060453,-0.57064676,-0.5256489,0.93099105,-1.8921697,-18.64395,5.2443986,0.03150553,-0.46516934,-0.03937703,0.18819748,-0.6788645,-0.17498791,0.4673912,2.830844,-1.4906868,-0.7439642,0.037736602,-6.890784,-0.20635025,-1.1106955,-4.2522106,-0.4052755,-1.184281,-0.28449067,-2.6899667,-8.158494,-1.4444609,-15.827068
1.2824322,-0.17486614,-2.1064441,0.015475284,-0.28323758,1.5458729,-3.063858,-7.4300127,-7.785436,-0.8531351,-0.7478109,-0.41923755,1.1816307,-10.506127,-1.8732408,-0.55655956,0.062073007,0.12319358,-0.43426898,-0.5064312,-0.21892866,0.9030229,-1.613908,-16.482098,3.8238065,0.27984515,-0.55941856,0.15680553,-0.07240714,0.33119467,0.26339218,-1.3466707,-0.763311,-4.7835784,-0.66992134,-0.50855386,-6.0075154,-0.40569705,-0.90106237,-2.0882494,-1.4482118,-2.0100029,0.0037577637,-2.0842614,-4.87402,-1.1409352,-9.459836
2.0518272,-0.32534316,-0.025177125,3.743079,-1.2807955,3.496794,0.00824481,-7.1101055,-9.611081,-0.76582927,-0.8732664,-0.076794446,2.0982065,-8.970298,-1.6071848,-0.26312706,-0.17305158,0.5105164,-0.02929012,-1.7582926,1.0460566,0.53434104,-1.5224442,-19.407703,5.8763537,0.19921921,-0.6834242,0.0103970915,0.1554914,-0.92265725,0.25510144,-1.276642,2.1599793,-2.1167586,-2.0085776,0.004802243,-6.138109,-0.3426566,-1.1024172,-6.121602,-0.5330523,-1.3507738,-0.55850345,-2.0584733,-9.224018,-1.1037842,-16.522219
1.8910532,-0.09841409,-1.3216833,0.43216255,-1.8615328,-5.207272,-8.48861,-6.063943,-1.0919975,0.47122395,0.53882974,0.45300093,1.9349613,-12.932257,-5.0517087,0.17255326,-0.053641435,0.09260881,0.12107793,-0.22234064,2.4722662,-0.5477522,-0.13722152,-14.089149,-3.5208364,-0.74741066,-0.21471496,-0.17084678,-0.4860434,-0.71862245,0.28673416,-2.1789122,-2.4019623,-1.3583477,1.2078457,0.979435,-6.979876,3.0081334,-0.46629578,9.091584,-0.17162913,-1.3969649,0.37318882,4.688212,10.048481,0.08042888,15.946729
1.9378196,-0.40286744,-1.8942689,0.8705631,-2.5025263,-8.417267,-9.786481,-5.5518847,0.2995588,-0.6433922,0.5718309,0.51493526,2.9385662,-13.203276,-2.9676433,0.2930183,-0.10748885,0.0047131656,0.4563537,-0.105708376,3.480094,-0.8228872,0.493015,-12.941549,-2.9654007,-0.78115433,-0.8527176,-0.716702,-0.9253331,-0.2392368,-0.007980318,-2.2309048,-2.2225175,-1.5041416,1.7205647,0.5886351,-4.7328553,0.43515432,-0.659562,8.929754,-0.057321645,-1.1451333,0.1362957,4.4261127,11.278923,-0.049785823,15.713556
1.6442238,-0.31030738,-1.1760917,-0.14825569,-1.728795,-3.7922208,-8.770064,-6.1016755,-4.589321,-0.8149718,0.6007405,0.32009792,3.1086152,-12.223082,-4.7026634,0.28751466,0.01715912,-0.025101107,0.5403836,-0.26773962,3.648198,0.53042495,-0.030504951,-14.369668,-4.0196047,-0.6471277,0.20675895,-0.029158978,-1.0559748,-0.077550754,0.06402337,-3.8067305,-3.113592,-0.742291,1.601242,0.29029927,-7.2875237,3.7440069,-0.11275857,8.72271,-0.17562878,-1.9111713,0.38201362,5.0327826,10.304216,0.012311643,17.244621
2.7670572,-0.28427315,-1.4917326,-1.0559946,-1.8789847,-6.580011,-8.582175,-4.8504877,-5.4027596,0.6027909,0.041650962,0.40630475,3.1076515,-9.485659,-4.910288,-0.31293115,-0.17063724,0.07662646,0.32692927,-0.64010644,29.114943,0.46660444,0.3681065,-12.713491,-2.8885438,-0.73092675,-0.32577458,-0.17606904,-0.6507226,-0.7432943,-0.09233969,-1.8211819,-2.7788298,-2.0881999,1.4569119,0.8153558,-5.1883464,0.43998763,0.17496216,8.769294,-0.022656059,-1.4426577,0.003132773,0.4172513,-0.23231952,0.077814825,6.648385
2.0417106,-0.7005227,-1.768589,0.4955551,-1.7781596,-8.613238,-10.180828,-6.023697,-1.2363285,-0.80650014,0.23617862,0.65406924,2.0404737,-7.661283,-2.3126526,-0.40655997,-0.2993997,-0.117394164,0.26539382,0.21268187,3.0426364,0.39304227,0.06627238,-12.685915,-3.708563,-0.38452953,-0.23210652,-0.21616773,-1.0019102,0.27093908,-0.3379088,-3.2418563,-2.9580216,-8.12482,1.4766214,0.27488366,-5.8841863,4.352692,-1.0207794,8.287384,-0.18267305,1.955251,0.12987833,5.190295,11.165944,0.05718507,15.592757
2.1051376,-0.21748991,0.23364091,0.66650987,-1.1385489,4.9713974,1.1452689,-6.9857225,-9.677981,-0.86994207,-0.71195185,0.008784801,3.6853812,-16.736103,-1.4416665,1.1067508,0.052710403,0.55429983,-0.13139217,0.03574808,-3.6062932,0.4244975,-1.3886096,-19.402317,5.932226,0.1982396,-0.13995327,-0.041397218,0.044841435,-0.6736704,-0.07446506,-0.25927776,1.9826338,1.593321,-0.24442416,0.009540134,-7.115103,-0.34266633,-0.86931515,-3.9741936,-0.16610277,-0.73696935,-0.37715757,-3.1851854,-9.789555,-1.1457714,-17.354366
2.0756676,-0.24267273,0.23480494,0.64725155,-1.1061975,5.069485,0.97661644,-6.999366,-9.642926,-0.8476948,-0.690343,0.04135851,3.907747,-16.134033,-1.4046639,1.0864384,0.041218452,0.54493946,-0.12101655,0.15565726,-3.5540204,0.40522987,-1.5097615,-19.390345,5.7759743,0.19282468,-0.13351367,-0.011438154,0.09877071,-0.656034,0.21847342,-0.045847803,1.7514592,5.819779,-0.23029248,0.045343462,-7.0079823,-0.40417603,-1.1062474,-8.746627,-0.16737266,-1.3607265,-0.23335119,-3.257198,-9.791482,-1.5721536,-17.032114
1.0776999,-0.2027382,0.20426695,0.63366425,-1.1444565,4.8909307,0.62714195,-6.5395565,-9.750495,-0.97043854,-0.7221352,0.016939305,3.6783674,-16.788803,-1.6674048,1.1472638,0.04228765,0.5577535,-0.13357314,0.050573915,-3.6402228,0.43486378,-1.4486889,-19.133608,5.258276,0.21905158,-0.15588784,-0.034365386,0.042032935,-0.68035036,-0.077657,-0.28206274,1.8955297,1.640218,-0.29733416,0.18414953,-7.012591,-0.32904,-0.71707815,-4.028475,-0.17843041,-0.6866035,-0.35874593,-3.0117242,-8.210569,-1.1373693,-17.382973
2.1653655,-0.2541949,0.3136322,1.2659643,-1.0773712,4.740682,1.9066266,-6.750264,-10.472859,-0.7075338,-0.88666916,0.061318472,3.6076276,-17.321339,-1.4274914,1.2327331,0.10068561,0.5897165,-0.13896458,0.31821257,-4.831608,0.5457702,-1.346029,-19.113157,5.317464,0.2294812,0.30135444,-0.12996025,0.35732916,-0.96682346,-0.13399616,-0.2492708,2.2434814,1.9292235,-0.22630125,0.02880563,-7.549036,-0.31003737,-1.0302022,-3.6896315,-0.3120845,-0.16545339,-0.3955397,-3.959987,-10.226806,-1.0142332,-16.69107
0.8434567,-0.35660595,0.34747303,0.5469985,-1.0467865,4.022736,1.8895581,-8.389633,-7.2212777,-0.57854897,-0.6804372,0.09106662,2.8405883,-14.472175,-1.5948037,0.058801122,0.067490436,0.63873184,0.050576735,-0.33115584,-4.39343,0.48916927,-1.223184,-18.747751,4.494429,0.21941753,-0.34689558,0.032471567,0.31178606,-0.9107225,-0.10474458,-0.5931836,2.2275162,-0.57815605,-0.42791864,0.31281316,-7.2582335,-0.124152295,-1.1341245,-3.8866487,-0.22690725,-1.3672686,-0.12630682,-2.0968957,-7.3739505,-1.1215949,-16.323606
1.960015,-0.24048834,0.22034213,2.2849448,-1.0634053,7.084949,1.9312494,-6.817452,-10.267215,-0.7380411,-0.8889748,-0.006763605,3.4660654,-16.164516,-1.4437114,0.53831846,0.050630733,0.5636056,-0.1422567,0.11660135,-4.8583155,0.53105783,-1.2955914,-19.3372,4.9275713,0.22093411,-0.30114955,-0.047161948,0.19574489,-0.8703835,-0.15332396,0.18648908,2.2447627,0.86869323,-0.15133083,-0.2590999,-7.916513,-0.3011948,-1.2087779,-3.9994433,-0.19165073,-0.15071967,-0.36119652,-3.4133673,-9.372611,-0.9382215,-18.863714
1.2549559,-0.05367214,0.13676856,2.004504,-1.1448582,3.9436712,1.1757803,-8.640069,-7.5371885,-0.7004407,-0.6383634,0.029015984,2.9861102,-14.470686,-1.9905423,0.04856678,-0.0048004845,0.60998666,-0.010189306,-0.5700237,-3.4424179,0.8996075,-1.40594,-19.276463,5.37582,-0.27977782,-0.33359435,-0.0010102915,0.38407186,-0.79222775,-0.18964991,-0.89377,2.0961676,-0.53759074,-0.598695,0.10296677,-7.4582095,-0.27482334,-0.76924896,-5.292022,-0.38315877,-0.60835266,-0.346094,-2.5172453,-8.137653,-1.0539805,-15.372216
1.4356006,-0.23236234,0.2239008,0.48346347,-1.2201171,4.2644663,0.06403811,-7.33694,-6.7876215,-0.6859925,-0.48119852,0.022421189,2.1803076,-13.660696,-1.94711,0.012146152,0.17108692,0.36062175,-0.039646674,-0.440553,-0.20631248,0.8627692,-1.5564421,-18.773561,1.7505262,-0.006357409,-0.57177246,-0.050251488,0.21463563,-0.7020779,-0.077038534,0.3754422,2.4656935,-1.6836567,-1.737956,-0.0033838674,-7.0742655,-0.4044633,-1.2016097,-4.238998,-0.44756278,-1.2719867,-0.32208833,-2.3122816,-7.9143834,-1.041678,-14.663775
2.225885,0.009443329,0.42877078,2.709319,-1.144357,5.053498,0.9364057,-5.8458195,-9.705205,0.299301,-1.0736587,0.07748929,2.3181124,-13.44381,-1.4757705,1.1401373,-1.8615357,0.6814995,-0.048804417,-0.086727545,-3.5114498,0.3330227,-1.3484386,-19.572899,5.5825424,0.3481,-0.24476534,-0.2816687,0.028805336,-0.6612493,-0.10485426,-0.24475527,1.7826792,-0.76702136,0.10520633,-0.09991411,-7.872319,-0.36311924,-0.84497726,-4.208672,-0.22067486,-0.82010716,-0.45356947,-3.7629085,-8.866884,-1.1531364,-16.628582
2.0182629,-0.17683004,0.44363633,0.5394852,-1.0276703,3.818696,2.0970435,-8.576507,-7.833711,0.104654886,-0.38981804,0.114510134,4.316271,-17.494598,-1.4006866,0.004568596,0.058845032,0.55667835,-0.04887346,-0.4171053,-4.578933,0.5721077,-1.4527469,-18.776133,4.9559865,0.17573054,-0.3933777,-0.12645371,-0.085552484,-0.62803906,-0.10841468,-0.6229807,2.0262878,6.459993,-0.58649,-0.04971287,-6.8474994,-0.26757142,-0.9447694,-7.481229,-0.2417639,-1.4665784,-0.7695667,-3.361744,-9.200148,-1.186508,-15.785814
1.1040597,-0.15775427,-0.12071851,0.12496126,-1.0323155,3.4682548,-0.22534816,-7.608731,-6.2744327,-0.77559817,-0.4624048,-0.12713353,2.8805008,-12.846878,-1.8416327,0.06978498,0.1556081,0.3387611,0.08117765,-0.54171884,-2.597425,0.86091363,-1.7718428,-18.986927,3.7726505,0.21443728,-0.53249687,-0.24005911,-0.18832724,-0.23129062,0.2527672,-0.77688,2.0229785,-1.6392277,-0.92680186,-0.10392306,-6.8001328,-0.14755937,-0.9568033,-3.644432,-0.40769503,-1.2942445,-0.46387887,-2.363526,-7.5766625,-1.1107599,-15.252052
-3.126917,-0.056296322,0.47529522,-0.0998271,-0.19090849,-11.20854,-14.570979,2.8679583,1.1278815,-0.4844004,1.2524141,-0.83231914,-1.1847982,7.966751,-6.101447,-0.062963046,-1.0283996,-0.050628662,0.034860916,0.18073945,21.05762,-0.63373035,-1.0522072,15.395024,-1.3595986,-0.28413314,-0.09440652,-0.09744661,-0.24405496,-1.0060593,0.53321946,-0.8409488,-0.73634356,-9.027342,1.3922465,-0.39277983,11.661872,2.1484916,0.37891024,4.0004454,-1.8308336,-0.2678407,1.8347226,2.8189719,6.105381,0.50927085,18.179247
-3.4620576,-0.23437703,0.008631686,0.5674749,-0.16251889,-11.396778,-14.448911,2.107384,-0.58637923,-0.5486461,1.221933,-0.91917783,-2.1937666,10.525942,-6.7889886,-0.036011297,-1.5831535,-0.039590973,-0.6678666,0.37174106,20.429796,-0.6144136,-0.39482912,15.579813,-1.3415456,-0.50710034,-0.045211114,-0.19051185,-0.017654244,-1.8841648,0.5007324,-1.0117847,-0.45654836,-9.889616,1.4059498,0.29288024,11.1957245,3.1829214,-0.13517441,4.234466,-0.4161569,2.5179706,1.4706191,2.176408,5.788211,0.32127362,13.318981
-3.4756205,-0.38666278,-0.7119298,0.21288374,-0.80078506,-9.901761,-8.040917,0.4765659,1.1631796,-1.1099473,1.0782198,-1.0576377,-1.7860942,12.31536,-6.1538415,0.9127589,-1.6385748,-0.16452722,-0.57062316,0.4608489,23.319685,0.24281466,-1.2955568,15.15018,-0.13595155,-0.6985142,0.7915975,-0.34131643,0.16206823,-0.8594286,0.36375925,-0.6667943,-0.90385544,-8.08705,0.60419935,-1.5077816,-4.07444,2.0040848,-1.298733,4.1305733,-1.8161339,1.6000352,0.8021867,3.6366663,5.3092203,-0.7524884,14.049521
-2.6539783,-0.018983308,-0.8956403,-1.3287017,-0.8516672,-17.706217,-15.812751,2.0977154,-0.36330345,-0.61178994,0.3495556,-2.0981033,-2.0828245,24.575413,-0.31651366,0.14382653,-2.5669084,-0.47642282,-0.31510723,-0.8851947,19.85541,-0.98554045,0.72536904,23.465082,-0.45691484,-0.7399924,0.09291304,-0.23658645,0.13295846,0.046690676,0.27918515,-0.2271651,-1.0935407,-5.199821,0.8019521,-3.4102297,11.767429,1.3476287,-3.1732268,3.9252388,-1.4780959,2.1639524,-2.1072254,1.1298146,6.2861915,-0.28741193,12.561164
0.5039088,-0.29063034,-1.1021209,0.3829062,-0.7663877,3.6872573,-1.7718287,-6.8941784,-8.155093,-0.7011388,-0.5287183,0.10669166,2.4661696,-11.835976,-1.914925,0.0017396696,0.17998347,0.64858484,0.035747673,-0.4495403,-2.8087416,0.7645643,-1.6628991,-19.54741,4.4969296,0.29200795,-0.3356362,-0.053125486,-0.39884502,-0.62038916,0.23658888,0.31011572,2.4033124,-0.619614,-0.7013268,0.41793266,-7.276542,-0.39248514,-1.0083592,-4.055771,-0.35506353,-0.97941804,-0.42438558,-3.3407214,-6.133932,-1.161765,-14.791329
0.82170135,-0.28428996,0.3401399,1.280385,-1.1432614,4.4098806,0.10994138,-6.871508,-7.9867215,-0.681834,-0.6957288,0.11478814,3.6668656,-14.6236105,-1.7166464,0.048385672,0.013375226,0.541752,0.034788832,-0.35850596,-3.6777241,0.51856077,-1.5045507,-19.00055,4.0376205,0.35495967,-0.3152594,-0.03288317,-0.14995764,-0.62155133,0.2185338,0.43479937,2.6105218,0.81087977,-0.7594338,0.41290134,-7.664301,-0.27883878,-1.2393653,-3.9214716,-0.3469554,-1.3819729,-0.56754744,-3.2633595,-7.363739,-1.077454,-16.210478
1.1632464,-0.2643414,-0.12750998,1.2578126,-1.1305004,4.3402042,0.33899269,-6.9457984,-8.333033,-0.76185447,-1.1356494,0.10618864,3.9090903,-16.7397,-1.8630553,-0.018048953,0.015468812,0.4959678,0.016759131,-0.56754744,-3.513763,0.78132993,-1.6373708,-18.912786,4.5172887,0.17690052,-0.21849342,-0.0801749,0.05402232,-0.6742947,-0.0663455,0.39288148,2.3165722,1.815528,-0.5984292,0.24423498,-7.5748105,-0.28313234,-1.0650907,-3.6768599,-0.28746587,-1.2561368,-0.38128653,-3.2952595,-7.435614,-1.0310504,-16.211462
1.0148315,-0.2402135,-0.22803484,0.43336087,-0.35597718,4.0049424,-4.4103556,-6.429817,-8.314667,-0.60540676,-0.7880259,0.09954862,2.5827818,-11.518173,-0.23580919,-0.027845994,-0.21769547,0.34896016,-0.9197612,0.02262139,-3.3478854,0.4824539,-2.2432725,-18.945684,4.01215,-0.11624018,-0.20060667,-0.04146058,-0.27270284,-0.6873602,0.22963384,0.71330655,2.3413968,-0.5093712,-0.92888564,0.17640644,-7.0127625,-0.07311841,-1.1702657,-3.8864667,0.5712952,-1.2097588,-0.48083773,-3.146001,-6.417408,-0.8660385,-15.561839
1.3277813,-0.1280492,0.274528,1.8095406,-1.1935459,4.3442135,0.64973,-7.2404604,-9.770752,-0.82319915,-0.52601665,-0.06737468,3.6077054,-17.038967,-2.0005653,0.4457099,0.009272575,0.17048389,0.063511245,0.021858102,-3.5734348,0.8959935,-1.3323022,-19.252638,5.5549746,0.2950404,-0.3709907,-0.08908179,0.25617418,-0.6414303,-0.15539324,0.07891154,2.363977,1.797957,-0.4430148,0.25511456,-7.50818,-0.44110188,-1.0082448,-4.1451993,-0.30141655,-0.65366143,-0.36188507,-3.1733441,-8.284482,-1.0751951,-16.846159
2.1357887,-0.30169573,-0.099687405,2.2901266,-1.119782,6.0566263,0.5357136,-7.269541,-8.1333885,-0.8356989,-0.8224377,0.059816334,3.85603,-16.052837,4.952553,0.06278889,-0.20128347,0.6388734,0.06017396,-0.08536714,-3.6204007,0.21399893,-1.5930811,-18.992514,4.975628,0.071284935,-0.3169422,0.07850093,0.107393585,-0.8246102,-0.07411811,-0.63444185,2.1823797,0.69270885,-0.8259522,0.20261815,-7.4483743,-0.21245898,-0.82192224,-5.61279,-0.36118343,-1.2315729,-0.38445234,-2.482182,-8.7990055,-1.120717,-14.033721
2.2242835,-0.19846815,0.38266382,1.8104147,-1.0769876,4.8622594,0.5214042,-7.102506,-8.853813,-0.48528624,-1.3666551,0.11681883,2.5064044,-12.999101,-1.5423341,0.12562251,-0.07555873,0.5551805,0.10654234,-0.534574,-3.7573109,0.371076,-1.0166066,-19.191908,5.706528,0.21002053,-0.36559105,-0.009665219,0.02185211,-0.95058614,-0.103278264,0.32790843,1.9254487,-0.93247306,-0.55161387,0.3632729,-7.142579,-0.38512674,-0.9075925,-4.124287,-0.31827974,-1.319328,-0.4879924,-3.0966322,-8.781476,-1.0878007,-15.980222
1.1331744,-0.34974036,-0.33512494,-0.13687567,-1.0236409,2.9487505,-2.2559235,-7.293103,-8.730419,-1.2821975,-0.89494103,-0.2565429,-0.4626403,-7.8916225,-1.7076349,1.3142635,0.23357202,0.2632785,-0.43115887,-0.64624,-0.14661594,0.32606223,0.35237217,-17.408758,4.020759,-0.27628174,-0.4264273,-0.075234845,-0.14138219,-0.5711252,-0.09781056,0.012136529,2.3370602,-1.9968464,-2.8987117,0.48938048,-7.3554564,-0.95009565,-0.9700503,-4.0274353,-0.1548973,-1.5063931,-0.62517864,-2.2623792,-6.18012,-1.0723788,-14.459926
2.3286443,-0.063172415,0.27048042,2.5679345,-0.52928036,5.1315293,1.1722437,-7.315032,-14.204575,0.6563025,-1.5050007,0.08088356,3.60586,-12.109713,-1.5202106,1.2235823,0.0007255023,0.6396211,-0.3230527,0.41646746,-6.5842686,0.31346828,-1.4474081,-20.204067,5.2902846,0.23217031,0.2063583,-0.17687386,0.41917083,-1.5454164,-0.14952707,0.048154023,1.8189042,1.5437646,-0.24223018,0.23161972,-7.7090774,-0.41383824,-1.2388808,-4.1636353,1.0613854,-0.33284986,-0.50195104,-3.831991,-9.509237,-1.1931232,-16.570465
2.3379977,-0.23088029,-0.07777743,0.4732174,-0.76582134,11.239342,5.008451,-7.006162,-0.09538117,1.2052865,-1.7140833,0.15601496,1.315371,-3.5389416,5.5086846,0.34552038,0.29193422,0.21268801,-0.6325546,-0.29225466,6.2953663,0.86472535,0.006104662,-14.006967,11.330949,-0.739457,0.37773684,0.23322172,2.5973747,-1.0963849,-0.21624845,1.2395658,-1.7856117,-1.7843586,-0.9065904,-0.49167168,-5.669807,-0.44563568,-0.5818028,10.701265,-0.029938709,-1.5492902,-0.3875518,-4.182276,-11.71091,-1.4524144,-11.467334
2.7271345,-0.12878695,-0.5529933,3.211025,-0.44244155,11.25286,10.745007,-3.880359,0.005951263,0.06024812,-0.21118873,-0.074218586,-0.13154498,6.1807,6.261387,1.5571793,0.32746705,0.27774763,-1.0580674,-0.2636985,61.872417,0.31690398,0.24302903,0.3560195,15.476561,0.024444645,0.07021148,0.13562822,2.0207398,-0.9070383,-0.16167551,8.542975,-1.6562111,-2.525945,-0.41418934,-1.1081504,-4.21613,-0.4550538,-0.63508946,12.606857,-0.11950523,-2.866988,0.4069666,-1.2077589,-9.955802,-1.7495642,-9.6575575
2.7736983,-0.3190122,0.26426002,1.1196417,-0.94623625,7.1725144,6.892223,-6.9599648,-0.6912894,-1.4850554,-0.49865893,0.33053705,-0.17578104,0.5736982,6.86966,1.5079695,-0.17173846,0.36262512,-0.42296082,-1.3591919,5.887758,0.6687677,0.85522884,-17.802223,10.060814,-0.03983023,0.09918158,-0.24101697,-1.4097662,1.1060376,0.3228719,5.635238,-1.2744907,-1.1963038,0.4250717,-1.857847,-5.1868773,-0.7755893,-0.069200926,8.531139,0.68904805,-3.8300886,0.38390148,0.5745234,-11.223973,-0.25869212,-16.136316
2.255002,-0.16924484,0.43441725,0.50717235,-1.3547258,7.0618253,10.982778,-7.7735014,-0.6779185,1.1298058,-2.892293,0.075873755,2.70319,-15.218643,5.4138308,-0.07932203,0.4222318,0.3118751,0.2813877,0.8882844,6.01538,1.1522532,-0.75666815,-15.464902,11.386712,0.35569707,0.3562254,-0.8908709,0.41825223,0.122799695,0.005920212,0.93645996,-1.6352082,0.3310541,-0.749831,-0.5202341,-6.8659973,-0.37526622,-0.29706463,16.447216,-0.17158997,-1.7158928,-0.38701,-2.7907283,-8.410094,-1.7770966,-13.546746
3.3212843,0.44877625,-1.7455587,-0.47028685,-0.83300155,15.514924,2.269047,-4.5863404,-2.6576173,-0.5445356,-2.5480778,0.3471551,-0.4667322,20.86984,3.036938,1.5955718,3.314171,-0.39490023,-0.34017467,-1.4355732,47.93245,0.5330717,-0.3876619,-11.902945,10.415811,-1.0698103,-0.39274138,-0.16627108,0.31515574,0.8352257,-0.32026654,1.8190206,-0.14775981,-2.4430373,-0.5024945,-4.412353,-8.582588,-1.0589046,0.820975,4.102144,-0.988807,-0.54351133,-0.053848635,3.840007,-5.5353775,-0.0204365,3.0876255
2.4593892,-0.13550319,0.3090738,0.38802207,-0.88091356,7.2703137,13.023128,-8.157084,-0.42848036,1.7184958,-5.8231187,0.15817083,2.235984,-12.93183,4.5443487,-0.16294266,0.51197964,0.3018197,0.18417746,0.95559037,5.9309506,1.0511124,-0.7258501,-7.0553727,12.218233,0.1944385,0.5433784,-1.0781763,0.2962076,-1.0000894,0.0014524709,0.93589336,-1.7593185,-1.6889805,-1.3010029,-0.6486142,-7.298307,-0.28127196,-0.012795522,14.112295,-0.18633847,-1.8965183,-0.55879176,-5.306756,-9.249431,-1.8168981,-12.444423
1.3767425,-0.24008782,-0.63845885,0.20369224,-1.2922214,3.1291053,0.09130203,-7.6934595,-3.4118772,-0.49601036,-0.58521444,-0.055329815,2.323773,-14.499116,-1.7472498,0.4731884,0.19961128,0.41399956,-0.07273252,0.113007344,-4.2172914,0.08163261,-1.6122092,-19.50158,-1.9312415,-0.11725515,-0.38995013,-0.11466375,-0.042928386,-0.5095473,-0.34689897,-1.7531595,-1.4817649,-1.9542476,-1.4447352,-0.6054719,-6.049087,-0.39943233,-0.9983516,-4.0424414,-0.41598612,-1.2515922,-0.27418876,-2.256219,-5.8558965,-1.6096401,-14.070302
1.1705449,-0.06743729,-0.69417703,0.041111875,-0.7397507,2.824024,-1.0817523,-7.4891276,-2.8125253,-0.9279801,-0.56552535,0.06914054,1.4605454,-13.672579,-1.9249114,-0.026141763,0.29514456,0.3443021,-0.06985925,0.20037638,-3.7061315,0.3339035,-1.6714822,-18.008694,-1.9473246,-0.231191,-0.18881543,-0.04033541,-0.3339262,-0.63918114,-0.05818853,-1.8721368,-2.0090296,-3.8023713,-1.3782799,-0.7169638,-5.838939,-0.7267356,-0.86776483,-3.552621,-0.40310004,-0.94761544,-0.40555754,-2.2843301,-5.000019,-1.2250005,-14.000372
1.4002397,-0.22354734,-0.6187474,0.19948417,-1.2586483,3.1514046,0.051794957,-8.401059,-3.3727572,-0.48995876,-0.55068946,-0.06551653,2.314631,-14.440073,-1.7701883,0.43443096,0.16202477,0.4120433,-0.11016081,0.12851217,-4.235064,0.112879224,-1.2735696,-19.48603,-1.8661209,-0.04252521,-0.6774623,-0.027887434,0.32549217,-0.53951734,0.00486778,-1.4035846,-0.93385285,-3.0321689,-1.4303681,-0.63364273,-6.911126,-0.4318265,-0.99959165,-4.1387405,-0.42128897,-1.2455918,-0.2951732,-2.2677407,-5.404944,-1.5875934,-14.030028
-3.452448,-0.74065834,-1.2895362,-1.1375046,-0.44274464,-4.185668,-9.291253,-4.737409,0.69348896,-0.5762264,1.1679198,-0.116953194,-0.78664976,-2.2909768,-5.5824766,0.1673107,0.028126149,-0.06357118,0.34978363,0.32776007,31.411705,0.5591598,-0.25792596,-8.318337,-3.5865817,-0.51216924,-0.8998236,-0.056660935,-0.10654624,-0.6346484,0.18193124,-0.60271007,-1.2399796,-6.225937,1.7075111,-2.7914226,-3.3399005,4.884423,-2.3304904,9.656836,-0.23791426,-1.2912291,0.48612282,2.9477587,1.8882073,-0.72157955,4.269066
-2.5428195,-0.5258957,-0.9195025,-1.4420158,-0.09923002,-5.578767,-10.16873,3.7352383,-2.2715063,-1.3678184,1.0553459,-1.4055523,-1.0153191,8.208175,-5.095216,-0.049878806,-1.5290912,-0.2074951,-0.39781928,0.23626694,25.452755,0.24059318,-1.1181378,-7.462375,-3.421982,-1.0052128,-0.03983058,-0.31298628,-0.10936384,-0.9602551,-0.002818555,-0.73823154,-0.91799355,-10.224062,0.9562579,-2.5714195,-3.248003,2.2836344,-2.001032,3.1916993,-0.22801585,-0.7134896,0.27819854,3.3092785,5.4069614,0.087673314,8.326441
-3.0616415,-0.7287449,-2.5378702,-1.2981957,-0.06430486,-14.443689,-12.978684,-0.18829699,-5.052917,-0.82600725,0.9259958,-3.6362607,-0.9683881,5.307732,-4.524778,-0.6643028,-2.178401,-0.28701243,0.085996576,0.23324488,23.118074,0.0032665937,-0.85898256,13.127942,-1.8209693,-0.8850409,0.64034986,-0.07595795,-0.6997242,0.44343102,0.19754288,-1.143268,-1.5689948,-10.532193,0.99280787,-1.0216737,-1.9319761,1.0687414,-1.7580329,3.1329143,-1.4210247,-0.5795528,-1.5995376,2.8336685,6.4194183,0.19067009,13.595273
-0.41176432,-0.13796452,-1.6782739,-1.6288579,-0.09927579,-8.747021,-10.572696,-3.9964316,-1.2436525,-0.09439716,0.71921974,-3.0201683,-0.6984296,8.428224,-5.139222,-0.99832165,-0.9264675,-0.30133435,0.6025801,0.16836448,29.181356,0.33112445,-0.69565785,-7.291369,-2.7320468,-0.75005734,-0.36181283,-0.17147288,-0.35686222,-1.1353346,-0.38420796,-0.9630118,-2.631297,-10.818014,1.1705691,-2.1721501,-0.683262,2.5412056,-0.18912181,4.2126245,-1.6660097,-0.97500265,0.29359204,2.7838128,1.7044177,0.066898346,14.641075
0.82764375,-0.7186985,-2.0766685,-1.4859518,-0.027757088,-9.579993,-10.150549,2.4126828,-2.053894,-1.221369,1.1891944,-2.3482378,-1.4907608,-1.9123477,-6.2507877,-0.6750604,-0.9881617,-0.15775788,-0.75370765,0.6584379,25.36756,-0.004964086,-1.0711937,-8.828556,-2.7321553,-0.9240598,0.14492019,-0.75554585,-0.5839545,-1.347521,-1.0032424,-1.0461893,-3.025057,-7.750049,1.2143868,-2.5764637,7.1876984,2.2711291,-1.5039674,8.066824,-1.9091429,-1.5393561,-1.1767943,2.3228292,5.320105,0.2653501,15.577674
2.1334426,-0.5589372,-1.8776354,0.44939366,-0.52608365,-7.2572727,-12.208122,-6.224165,0.13979048,-1.067034,0.8904123,-2.0685947,-1.8231257,-1.135054,-5.835141,-0.9378929,-0.26948303,-0.11603693,0.23835762,-0.11247986,28.419237,0.09248042,-0.8538867,-8.807475,-3.3645332,-1.2526019,-0.59802955,-0.34783518,-0.38239184,-1.1561047,0.2472354,-0.8380293,-2.9876072,-6.651676,0.48949757,-2.1308656,10.291541,3.258807,-1.2157624,9.303695,-0.26341534,-1.4241184,0.06358723,2.513183,2.0293884,0.1985733,7.1365433
1.129549,-0.28394604,-1.3973184,0.61478764,-0.9303959,-8.872513,-13.0319,3.9996283,-2.889595,-1.1883652,0.9410062,-2.0182745,-1.4422578,9.335383,-5.2206783,-0.7299115,-3.885074,-0.07707282,0.2506307,-0.63055575,23.098793,-0.10448175,-1.2223011,-7.8684,-3.7720027,-0.9073321,-0.07444535,-1.2279443,0.7220427,-1.0372055,0.51303697,-0.74292046,-1.5927563,-10.008253,1.1413121,-2.5073884,9.947417,1.355578,-2.6471024,3.3095999,0.16874954,-1.4477443,-0.027022345,2.0383084,5.9449058,0.2601275,6.209127
1.1481564,-0.17869431,-1.7890542,-0.82627434,-0.6105239,0.5115732,-4.988829,-10.868067,-5.281493,-1.4476129,-0.5764558,0.57718563,0.91531646,-12.676643,-1.8992085,1.1612364,0.579996,0.2689066,-0.13952662,1.0723063,-0.058659706,-0.56684184,-2.0366926,-18.417742,-1.3580761,-0.2664108,0.006781664,-0.12572402,-0.2530367,-0.7213554,-0.20517616,-1.7213848,-1.9539031,-5.58205,-0.9120943,0.37656063,-5.870421,-0.6201417,-0.8097595,-4.32861,-0.9671016,-1.0775689,-0.05589316,-2.0080993,-3.1431723,-0.8090727,-10.769634
1.309088,-0.04359197,-1.725764,-0.8036114,-0.7526954,1.8715547,-4.8761725,-8.324608,-5.050081,-1.4779315,-0.45657316,0.06970728,0.4306091,-12.706089,-2.0588567,1.1205477,0.40920302,0.29108113,-0.116318785,0.5599808,-0.7861413,-1.0091375,-2.043943,-18.600695,-1.2417498,-0.013321909,-0.218383,-0.076346375,-0.1559133,-0.6072379,0.05976959,-1.3815702,-1.8046225,-5.1706724,-0.93461215,0.012042128,-6.7171474,-0.7314555,-0.8755717,-4.29861,-1.419692,-1.008096,-0.060361885,-2.3204567,-3.019565,-0.8035605,-11.86646
1.2932537,-0.06673975,-2.714565,-0.8065175,-0.6708557,0.27210826,-5.296151,-8.393946,-5.32374,-1.396441,-0.56435895,-0.10455601,1.2440474,-13.038642,-1.9721347,-0.07091026,0.64476556,0.09905506,-0.13293277,0.748189,0.002687186,0.29136425,-2.0116906,-18.279081,-1.1399759,-0.045141358,-0.2616481,-0.14059855,-0.168802,-0.60678166,-0.3653449,-1.4168496,-2.1829212,-5.339966,-0.75879514,0.19294949,-6.0505953,-0.7424253,-0.9774269,-4.6940937,-1.214541,-1.1214836,-0.18039888,-1.1130282,-2.965705,-0.629225,-11.080678
1.2561235,-0.2755224,-1.6905458,-0.8243131,-0.6865381,0.09857509,-6.5495677,-7.957416,-6.025162,-1.1013849,-0.52681786,-0.02919227,0.6045693,-12.375492,-2.019502,0.99683297,0.49241513,0.62233585,-0.17379782,0.58730084,-0.32628295,-0.9535389,-1.5869104,-18.43562,-1.1215155,-0.038935494,-0.10148909,-0.09358112,-0.14437293,-0.51993424,0.034943823,-1.0739346,-1.1681712,-4.9262357,-1.1151022,-0.11682606,-7.0779204,-0.76445484,-1.7192367,-3.5638418,-1.5248098,-1.2310504,-0.01054178,-1.8739266,-2.9579794,-0.77407205,-10.83525
1.3256637,-0.49475265,-1.5961107,-0.82575047,-0.7331565,0.16293703,-6.4588866,-7.8342023,-6.488298,-0.8900528,-0.58704394,0.075833514,0.02267612,-13.201061,-2.0481613,1.5476817,0.34327918,0.2924077,-0.48723832,1.8721538,-0.63590604,-1.072576,-1.7450006,-18.550585,-1.1019433,-0.09548248,0.08075043,-0.051070902,-0.09599187,-0.55854464,-0.27594298,-1.4128473,-1.6491151,-3.15434,-1.192229,0.31578907,-6.1402836,-0.16142872,-1.8375351,-4.5084796,-1.0633184,-1.4360535,-0.11930177,-1.165093,-3.8048158,-1.1710428,-10.824736
1.5025604,-0.20694016,-1.4068575,-0.37974265,-0.6081508,0.81484485,-4.5622964,-7.603098,-7.3095284,-0.64461577,-0.4090608,0.13396674,0.22189891,-13.984892,-2.1781216,2.2748642,-2.6546586,0.8011411,-0.01001139,1.6605854,-2.5697532,-0.8927068,-1.9045093,-18.91767,-1.182651,0.048247397,0.029509116,-0.04210865,0.13387252,-0.6648647,-0.19451913,-1.4091952,-1.5620664,-3.5944211,-1.1239424,0.54456884,-6.6089735,-0.18169273,-1.8630238,-4.1377277,-1.1722932,-1.2705938,-0.0776772,-1.5416263,-3.4322612,-0.5385623,-10.987751
1.194758,-0.12027616,-2.1132262,-0.54655284,-0.58278435,0.23736325,-6.1099253,-7.82169,-5.7186694,-1.3428477,-0.33827308,-0.22526091,-0.2242397,-12.490121,-1.7299695,0.8467407,-2.5715094,0.16562656,-0.22670582,0.6160738,-2.2333884,-1.0392311,-1.1954277,-18.422733,-1.2217764,0.21336193,-0.0049379156,-0.113035604,-0.08347172,-0.3496103,0.5401086,-1.072709,-1.6862338,-4.655464,-1.0655447,0.2041776,-5.9316797,-0.95513165,-1.0753043,-4.1804175,-1.128306,-1.0028864,-0.18603277,-0.8557368,-2.220931,-0.5878403,-10.459925
1.7392583,-0.59677255,-1.031035,-0.4300169,-0.6656839,-0.5779521,-5.6293764,-8.986547,-5.743911,-1.0432228,-0.66434145,0.14797464,2.4874027,-12.1576805,-1.8459891,1.9502449,-3.6354446,1.253419,0.18295446,1.5419391,-2.6792672,-1.0465451,-1.2427444,-17.126278,-1.0397823,-0.062462214,-0.28970775,-0.016567247,0.42521694,-0.7466098,0.048619375,-1.892605,-1.5577989,-4.3495173,-0.8623442,0.075846,-7.0256376,-0.17161706,-1.9194487,-1.614646,6.6699266,-1.5178167,-0.090346426,-1.7765671,-2.8353524,-0.6351392,-11.011251
1.4657248,0.09097705,-1.2511919,-0.10885618,-0.67143023,0.08240917,-5.825197,-7.0044146,-6.7841687,-0.81682324,-0.7834457,0.3179417,0.9199006,-11.7664995,-2.7998195,0.002255684,-2.8233635,0.079575315,-0.07652062,1.7553148,-3.4767272,-1.0725526,-1.2946954,-17.847471,-0.6122483,-0.07085814,-0.13484429,-0.14929254,0.32877523,-0.687921,-0.23837197,-1.1162815,-1.3810581,-3.398267,-1.7819135,0.3075386,-5.978138,-0.58041173,-1.9798139,-2.007979,-0.80146646,-1.2241831,-0.3097669,-2.330806,-3.2851198,-1.0001575,-11.005914
0.74180055,-0.23820743,-0.9894579,-0.76905715,-0.75790906,-1.8887862,-6.2415113,-7.668346,-5.6387806,-0.9658861,1.1074424,0.55457485,-0.40630832,-12.013715,-1.0261272,1.3939623,0.34270042,0.073660195,0.044006463,0.14636177,-1.3581424,0.057508484,-1.3559,-17.410856,-0.85713696,-0.12854898,0.39837453,-0.071669176,1.9157012,-0.7941077,-0.4102512,-0.92613876,-1.8106698,-8.626782,-1.0567654,-0.06613126,-0.3366272,-1.3378487,-1.0511756,11.167146,-0.85697174,-0.18552193,0.27089953,-1.3329394,-3.2950053,-0.23386976,-10.209163
2.201436,-0.41001865,-1.3017427,0.9770397,-1.8501582,-4.9613156,-8.412279,-6.304939,-2.389419,-0.71154517,0.3885616,0.4645347,1.4288238,-9.39484,-4.896607,0.32426482,-0.077947445,-0.04157146,0.45843828,0.36138216,2.3292742,-0.45382762,0.07508063,-14.398923,-3.6334677,-0.4886982,-0.32875437,-0.36714494,-0.64317334,-0.2814245,0.27562797,-2.161217,-1.8825576,-4.1353374,1.6958365,0.83189315,-6.627511,0.45210263,-0.4541304,8.659183,-0.029479457,-1.0672278,0.084291615,4.6176286,9.590665,0.030216895,16.801205
2.2576387,-0.3189472,-1.1961428,1.0648018,-1.7422308,-4.364968,-9.925031,-6.111323,-0.963146,-0.5111875,0.8424071,0.63793486,1.6354928,-9.108863,-2.2355893,0.33742356,0.11732008,-0.085117646,0.47282872,0.04244355,2.153415,-0.45900467,-0.06522864,-14.507581,-4.642639,-0.6982701,-0.19544455,-0.22305559,-0.23071203,-0.6484227,-0.1802493,-2.1632984,-1.4377207,-4.2219915,1.2504811,1.0577855,-6.69294,0.6456516,-0.5097571,8.710018,-0.15158696,-2.0209315,0.20767285,4.716726,9.262847,0.13807566,16.101719
2.1483903,-0.4400957,-1.1819447,-0.9756747,-1.6872082,-5.613597,-8.086055,-3.854996,-1.0790753,-0.78426373,0.48819047,-0.07613383,1.5976245,-5.848988,-5.8430123,-0.3967109,-0.097289376,0.10318521,0.4940089,-0.5302119,27.516987,0.6205184,-0.22865736,-13.751944,-4.305817,-1.0735096,-0.51800036,-0.20811243,-1.0031167,-0.34685984,-0.086912446,-1.9454644,-2.340153,-4.8268085,1.3843094,0.44044358,-7.1411543,0.059255626,-1.6792458,9.24825,-0.34650236,-0.78671443,0.13645859,0.9519232,1.663641,-0.0916897,6.9329453
2.596181,-0.3787415,-1.7082282,-0.568125,-1.7791731,-6.770813,-10.011238,2.3590639,-4.2651534,-0.3517314,0.5384873,-0.23863268,2.0501788,-9.403029,-6.042908,-0.078901775,-0.040999305,0.14276956,0.09051548,0.76374763,29.49058,-2.0156283,-0.7869526,-12.873231,-3.520162,-0.4187085,-0.9429728,-0.1948493,-0.55223465,-1.0920004,-0.63176054,-1.7194856,2.1269546,-6.364237,1.5543225,0.06318514,-10.746246,0.90696883,-0.7991439,8.984985,0.13131027,-1.6870743,0.008819047,0.8425891,2.993317,-0.028741674,6.685737
1.7580448,-0.4350896,-1.4905379,-1.5616667,-1.65387,-4.3581095,-8.097362,-4.7296047,-4.364502,-0.63009995,0.3898549,0.009284927,1.2351213,-8.783023,-6.2633123,-0.32860333,-0.004021755,0.09894036,0.4821483,0.24800953,31.681622,0.5112457,-0.15136707,-14.358522,-3.437883,-0.75441337,-0.532573,-0.16602412,-0.86636055,0.14438926,-0.259546,-1.9347422,-4.4404564,-4.6519146,1.2710387,-0.1262521,-6.7029514,3.7053537,-1.3938625,11.041029,-0.20000514,-0.86016685,0.03202067,0.67564183,0.2748746,-0.100949675,6.2539644
1.5822303,-0.25709984,0.2360616,0.2905029,-1.4107167,5.105731,1.2213889,-9.950127,-8.537332,-0.021795923,-0.7985218,0.25386956,2.4106083,-15.215401,-1.9404318,0.74882275,-1.3353113,0.6669,0.37042135,1.4184605,-4.4947553,-0.8856998,-0.99214613,-19.32132,-1.0198153,0.2565254,0.46448916,-0.033403013,0.53238326,-0.97205013,-0.30769566,-1.1907429,1.9055492,-0.6688924,0.2384671,0.33295262,-7.3835883,-0.66527236,-0.8118066,-4.624399,-0.6961788,-0.6585763,-0.64153665,-2.6171277,-4.6177416,-0.92541766,-14.722711
1.701823,-0.22885972,-0.058957603,-0.12714349,-1.4665487,4.5739536,0.9436386,-10.109865,-6.204947,-0.25164554,-0.5234628,0.22690794,2.762851,-15.592367,-1.7455616,-0.15348382,0.07312242,0.25234225,-0.21233273,1.4895244,-4.0453444,-0.010072467,-0.98556286,-19.118633,-2.066266,-0.5248877,-0.40622383,-0.060303815,0.14460646,-0.7834255,-0.25562385,-0.66715574,2.250128,-2.1755865,-1.3245686,-0.22674991,-7.4057746,-0.50579476,-0.9475667,-4.516907,-0.31943333,-1.3600664,-0.4996144,-3.0644422,-5.4155703,-1.0031108,-14.919822
1.293406,-0.41143936,-0.5444339,-0.17088173,-1.3039979,5.0451665,0.51139927,-9.868422,-8.20326,0.2802715,-1.014665,0.19238229,2.5923343,-16.127596,-1.9878465,1.1278716,0.022516698,0.5673738,0.048980042,1.3202603,-3.4587052,-1.325934,-1.130625,-19.468405,-1.2918708,0.12113583,-0.3483275,0.026776655,0.32914588,-0.7991686,-0.44617382,-0.4628077,1.9681978,-2.1690502,-0.6249329,-0.050916407,-7.2665353,-0.60957783,-0.68999475,-4.7671423,-0.5307207,-0.7528949,-0.65868133,-3.208331,-4.3426,-0.9598426,-15.404173
1.1571074,-0.1941918,-0.77131486,-0.051713705,-1.3248131,4.4767857,0.64595085,-8.057453,-7.605152,-0.37682614,-0.627247,0.20367222,2.566536,-15.934886,-1.7443308,0.68186986,0.22240917,0.18786792,-0.04008761,1.6426808,-3.5933297,-1.0351734,-1.1073035,-19.164074,-1.2751793,-0.096280694,-0.6290085,-0.014647468,0.32893273,-0.59138,-0.3283111,-1.1661613,1.8558716,-3.425531,-0.42581204,-0.15711847,-7.2737136,-0.64860904,-0.92795986,-4.48557,-0.37667778,-1.3160484,-0.45443824,-2.341142,-5.9641666,-1.4496707,-14.764486
1.314126,-0.29673508,-0.27088973,0.07585798,-0.6391173,3.8864787,-0.07454117,-8.63565,-5.918307,-0.6358476,-0.58798593,0.17485583,2.6487362,-14.611407,-1.6588155,0.9275013,0.06252518,0.29768053,-0.24894561,1.6708679,-3.8582532,-0.93120813,-1.2355914,-19.771132,-1.8966241,-0.5873005,-0.3123288,-0.016680136,0.23989324,-0.5318832,-0.36829886,-1.0595397,2.584756,-3.338001,-1.322956,-0.4848007,-7.731592,-0.6578708,-0.8518576,-4.944567,-0.46487033,-1.4084436,-0.7745942,-1.8813828,-4.8228154,-1.0484197,-16.188684
1.8437108,-0.18965092,-0.084874734,0.13791092,-1.5496753,4.6092486,0.3461418,-8.498497,-8.279189,0.1550103,-0.64990735,0.07708831,2.234177,-15.963544,-2.4030242,1.1848567,0.051458746,0.70733297,-0.6229115,1.6427028,-4.119635,-1.3426355,-1.2711359,-19.245628,-0.90735924,0.20246154,0.5381569,-0.047396425,0.37969556,-1.0454005,-0.39246118,-0.9623922,1.3940772,-2.5381927,-1.1086931,0.3110796,-7.705519,-0.6557011,-0.895597,-4.596171,-0.24761304,-0.86299604,-0.46292424,-1.5481554,-5.148408,-1.059133,-16.225813
1.976386,-0.20616485,0.29811302,0.32626146,-1.1940228,6.8851857,2.8658643,-7.1843467,-11.368025,-0.36125284,-0.81204283,-0.0049808626,2.1694126,-15.00298,-0.8919481,1.1273018,0.04688043,0.7766382,0.009994665,1.7087493,-5.545263,-1.6675202,-1.0990329,-18.9236,3.9912112,0.20692909,1.8340074,0.053128753,-0.02579735,-1.140763,-0.12716335,-0.91045576,1.5292493,-2.0325515,0.043045007,-0.090547554,-8.1096115,-0.5503569,-1.5830407,-5.0503216,0.09477252,0.121745534,-0.5243476,-2.5243742,-6.438838,-1.0025827,-18.855062
1.9308375,-0.13053952,0.24209914,1.6033865,-1.3314146,4.6682096,-0.551102,-6.023708,-10.150136,0.05201474,-1.0455276,-0.29169866,1.0149541,-14.203142,-1.8375043,0.79793745,-1.4911067,-0.0508444,-0.45290047,1.5810354,-4.271413,-0.85544574,-1.1944098,-19.731874,3.8139813,-0.27298984,0.61780256,-0.21508987,0.22823733,-1.6205767,-0.20648283,-0.54146004,1.9123514,-0.55044985,0.41879565,-0.50454134,-7.9806232,-0.36978975,-1.95865,-4.218512,0.014980646,-0.5036759,-0.56855935,-3.720622,-8.657717,-1.1192479,-17.071999
1.4891982,-0.12519307,0.39338776,-0.027663156,-1.334583,4.470024,0.39417872,-8.640765,-2.555435,-0.9913363,-0.66212046,0.106504574,2.826506,-15.233606,-1.8737724,-0.5646796,-1.439977,0.2432191,-0.4435314,0.7435115,-3.2939014,-0.5339371,-1.2702276,-18.190172,-1.658158,-0.3471954,-1.3841443,-0.033452474,-0.18784413,-0.8392371,-0.14761437,3.0911727,2.8294513,-2.7091868,-1.0522169,-0.9090935,-7.6391444,-0.23512036,-0.81200254,-5.931608,4.8292975,-1.2248524,-0.19508186,-2.0486321,-4.1899505,-1.0859809,-15.881577
1.5867743,-0.019102069,-0.079726525,0.14099978,-0.7408439,6.870365,1.1826924,-7.2294846,-8.435992,0.44838282,-0.86736715,0.1006016,2.0243962,-13.210092,-1.5970082,1.157171,0.06880776,0.10450631,-0.25745457,1.5439403,-6.413699,-0.79124653,-0.77765185,-18.828358,-2.293123,0.17242314,0.34573585,-1.2511015,-0.03040736,-1.0679914,-0.279469,-0.14280358,2.7792015,-1.169243,-0.26835388,-0.31163073,-7.5771713,-0.5290002,-2.72195,-6.924983,-0.124149665,-0.712252,-0.78847164,-3.6167462,-5.41157,-1.0647684,-17.751482
1.5047048,-0.109943114,-1.2705244,-1.0717714,-0.5674151,0.53833526,-5.5767074,-7.286773,-8.278205,-0.8032344,-0.6265823,0.06951886,-0.0170443,-12.402901,-1.3454149,0.5790276,-3.545074,0.1373067,0.06416863,-0.29243925,-2.1396148,-0.9012098,-1.6259445,-18.569231,3.5646253,-0.029163405,-0.24660131,-0.07985288,0.3102287,-0.86361104,-0.02534152,-1.035588,-1.1481487,-5.562801,-1.312946,0.69986206,-6.9626584,-0.39824387,-1.362545,-2.0720243,-1.1479647,-0.8813578,-0.1768549,-1.1589615,-4.7899876,-0.57070154,-12.372225
1.5312337,0.03419019,-3.7951293,-0.7573762,-0.5199624,0.74951017,-5.017169,-6.750009,-7.870178,-0.8389861,-0.42281705,-0.022943495,0.5091224,-11.504287,-1.3257037,0.6669598,-3.5414562,0.23920514,-0.02408275,-0.3027449,-0.3606648,-0.8088693,-1.5128732,-18.984875,2.0761595,-0.004524456,-0.107778944,-0.056033056,0.29440933,-1.097488,0.06115309,-1.111689,-1.1817423,-5.3521357,-0.497925,0.3844455,-7.223349,-0.7338525,-1.0465506,-3.9760826,-1.0143471,-0.893251,-0.17328705,-2.1558297,-5.3191857,-0.56016636,-10.924009
1.4842973,-0.109825805,-1.2383302,-1.0728774,-0.5211223,0.57416236,-5.4908457,-7.331691,-8.269932,-0.80611235,-0.6140066,0.06252411,0.016243832,-12.335848,-1.3507802,0.51432806,-3.5762458,0.09955662,0.041718468,-0.3570758,-2.1654534,-0.9052977,-1.6248915,-19.341232,3.6309814,-0.029385453,-0.364271,-0.15820237,0.27860698,-0.87147313,-0.26169682,-1.0539548,-1.2282418,-4.8243265,-1.3086474,0.55422336,-6.947663,-0.41779062,-1.3308738,-2.0305681,-1.120287,-0.80073106,-0.17001626,-1.2107611,-4.768642,-0.5791332,-12.198717
1.4488333,0.008694245,-1.2851745,-1.1882203,-0.4378267,0.24200724,-4.757599,-7.241366,-7.381686,-0.6865155,-0.6527797,-0.26498723,1.4597754,-13.343062,-1.2218378,0.5728782,-3.352653,0.18898875,0.25199968,0.33922833,-2.4093683,0.6168515,-0.99773115,-18.469198,1.1241132,-0.119560264,-0.2891579,-0.14193457,0.1927666,-1.1158637,-0.047446683,-0.9492995,-1.0962229,-5.600865,-1.6315184,0.4840188,-6.69099,0.035479892,-1.7958008,-1.740942,-1.7055182,-1.0955696,-0.12079411,-1.0136663,-5.5260253,-1.0933064,-10.16141
1.4880239,-0.07178086,-1.2204167,-1.1005572,-0.5291793,0.5733251,-5.4907923,-7.3235245,-8.098924,-0.78890675,-0.6091119,0.07619433,0.03915927,-12.33444,-1.3426725,0.53335357,-3.546627,0.09597204,0.054915357,-0.34842604,-2.1398044,-0.8561196,-1.6391711,-19.334621,3.6344101,-0.026469996,-0.33959255,-0.15815537,0.27732655,-0.8734436,-0.26266822,-1.070642,-1.2448804,-5.1310267,-1.4645786,0.5671931,-7.0053673,-0.41149077,-1.3249954,-2.0319335,-1.1284572,-0.802456,-0.19719626,-1.2148218,-4.765435,-0.58762634,-12.189494
0.6867766,-0.3138408,-1.7379013,-0.7795892,0.20851807,-1.0684385,-7.2781744,-8.488009,-6.6596913,-1.4957008,-1.214467,-1.4752907,0.7731028,-8.742949,-1.5010247,0.98289347,-1.4769298,-0.54081607,-0.0066073686,-0.24604052,-1.9324931,0.2987271,-1.0662329,-17.185537,-1.7991416,0.17826888,0.060419094,-0.07168641,0.091098435,-0.54012203,-0.3694156,-1.177832,-3.5135736,-8.946183,0.78559166,-0.35616678,-6.884032,-1.0388821,-1.7503567,7.265932,-1.6238654,-1.0768528,0.26925957,-1.972008,-2.2979853,-0.7026352,-9.819517
2.1125088,-0.065331995,0.34399456,1.9003512,-1.1740695,5.7773314,2.6708086,-7.6574254,-10.407568,-0.3372214,-1.9199455,0.07309633,3.2733119,-17.259598,-1.166847,1.1045806,0.07785905,0.5638011,-0.08820907,0.72393143,-4.9310975,0.06924556,-1.1976155,-19.811121,5.3466845,0.2298354,0.5525977,-0.0684412,0.25163144,-0.7963697,-0.18700646,-0.2866378,1.6269022,5.274016,-0.18777916,0.17677522,-8.320114,-0.29245645,-0.8507607,-7.02575,-0.08621637,-0.59533554,-0.4655159,-3.8433075,-9.267782,-1.1608166,-16.977219
2.0191858,-0.075474076,0.26714462,2.0860012,-1.2043347,7.2838235,2.3541586,-6.969994,-11.523477,-0.1188177,-1.9784594,0.09493165,3.400803,-17.17189,-1.2184117,1.0837995,0.03824429,0.5936319,-0.062661596,1.4839789,-4.9542413,0.007914148,-0.937703,-19.631924,5.2062907,0.20703658,0.53100616,-0.020115783,0.43119636,-1.054104,-0.13411713,-0.2586782,1.585486,5.0292835,0.035982493,0.2942551,-8.682932,-0.3945615,-1.0894016,-7.109184,0.080190904,-0.14556748,-0.40847412,-3.9660926,-9.32839,-1.0317905,-18.73669
2.099704,-0.21637577,0.24145442,0.66784346,-1.1299309,4.9605813,1.2087682,-6.9001546,-9.693961,-0.9644287,-0.71726805,0.009877727,3.684605,-16.791313,-1.4422721,1.1639469,0.041332424,0.5544049,-0.1354059,0.047342848,-3.653035,0.42258906,-1.4150906,-19.353636,5.865343,0.20156293,-0.1413236,-0.035915077,0.038894035,-0.677056,-0.07432914,-0.28118777,1.9109919,1.6271037,-0.3202199,0.013353347,-7.205173,-0.34791988,-0.70662385,-4.04374,-0.18168572,-0.66010743,-0.36029202,-3.1843853,-9.794571,-1.1390367,-17.315832
1.3656112,-0.37262687,-1.0265778,0.041099127,-1.2898399,3.9981642,-0.36033273,-7.306863,-7.525602,0.602877,-0.41271788,0.39362636,2.7751315,-15.877719,-1.6579332,1.0799661,0.38514242,0.6128776,0.4453339,0.20690796,-2.4917207,-0.82256097,-1.6516634,-18.923054,-1.3291147,0.03576284,-0.47937566,0.26889464,-0.37006977,-0.18124367,-0.144449,-1.9409533,-1.3373736,-3.974213,-0.5692832,-0.28347751,-3.46511,-0.53353816,-0.94567114,-3.3599958,-0.4270868,-1.0092096,-0.12228657,-2.1369438,-5.440217,-1.0508703,-14.434268
1.1671783,0.040838737,-0.86467034,0.11745682,-0.72005624,3.2185452,-0.5665042,-7.5580573,-6.9517074,0.6140849,-0.9078857,0.42511478,2.6812005,-14.082803,-1.6926109,0.96715367,0.37255082,0.5684367,0.17769529,0.15646851,-2.7489557,-0.6096961,-1.5865964,-18.998848,-1.487469,-0.0023108984,-0.4661376,-0.13536653,-0.43548778,-0.24654202,0.08374743,-1.8328773,-1.5723026,-4.259042,-0.09046002,0.22573532,-3.726055,-1.0681733,-0.79990566,-2.1852052,-0.39512995,-1.0467235,-0.1977314,-2.131284,-5.6195407,-0.9491058,-15.580812
0.37409934,-0.20237605,-3.221088,0.018433,-1.3850124,3.7164304,0.55068535,-7.5859184,-5.976201,0.19778153,0.013666653,0.4157187,1.123659,-14.720705,-1.6758505,0.49581715,0.47456896,0.5203157,0.0061553363,0.10376816,-0.19698443,0.07723296,-1.983309,-18.32857,-2.1823704,-0.20128538,-1.2565805,-0.14020523,-0.6325079,0.012654554,-0.4107027,-1.3092839,-1.2240926,-4.506678,-0.59870607,0.11893676,-2.8847625,-0.983318,-0.6704161,-1.2951789,-0.3655444,-0.88704246,-0.4597499,-2.7251809,-4.757987,-0.38716766,-15.277693
1.2800726,-0.2660853,-1.006214,-0.16695207,-0.95605034,0.74054945,-4.6054864,-6.9395328,-8.915456,0.6973839,-0.12647475,0.5033283,1.6608015,-14.768194,-1.7137676,1.3627304,0.3944993,0.70989764,0.13852504,0.14613058,-2.811866,-0.7241524,-1.6931096,-17.726921,-1.5804832,-0.018176267,-0.44357646,-0.30335227,-0.57939994,0.5404361,0.085711285,-1.1613919,-0.95872146,-6.9876685,-0.5472264,-0.6657201,-2.6933293,-0.96375394,-1.1796467,5.4770384,-0.35106835,-1.1421341,-0.14350058,-2.2654426,-3.8950243,-0.22680058,-13.229841
1.0757966,-0.063317545,-0.6169478,0.17974089,-1.0156568,4.5575547,-1.5062516,-6.7125325,-8.289807,0.6226238,-0.66413164,0.51307905,2.218766,-15.70278,-1.5071243,0.4446451,0.100050755,0.1600312,0.14038777,1.5327774,-6.449094,-0.69814223,-0.8843154,-18.634052,-1.1042669,0.28432518,0.30611336,-0.15647505,-0.46964854,-0.2267131,0.27205807,-1.517035,-0.7247612,-2.8041437,-1.2673887,0.1976724,-3.169006,0.029874863,-2.200888,-2.5258007,4.5624394,-1.3730656,-0.1574202,-1.9130616,-4.2834954,-1.0242702,-13.090638
-0.9913639,-0.2908876,-1.7970337,-0.15721859,-0.89682776,3.4873054,-2.3496563,-6.8362956,-7.3934717,0.485271,-0.3990238,0.39949992,2.6637328,-15.262156,-1.9435372,1.1629945,0.3964904,0.65834975,-0.07465508,0.23850878,-2.513098,-0.7782334,-1.6675706,-16.802744,-0.9316987,-0.11124915,-0.42157924,-0.036761403,0.053448975,-0.5200596,-0.16222486,-1.5278592,-1.1335622,-5.202392,-0.57985944,-0.37875542,-3.955771,-0.5975442,-0.9638465,-2.398359,-0.14382935,-1.1113545,-0.64285684,-2.2407756,-4.1933208,-0.8897352,-12.162427
1.0647364,-0.26518214,-0.61436427,0.08190689,-1.5696474,3.028088,0.59358907,-6.4638467,-7.7806826,0.696146,-0.6571144,0.42741203,2.487359,-15.817073,-1.5737709,0.9488936,0.24246535,0.5882752,-0.025630735,0.2917783,-3.2076423,-0.8398402,-1.5239749,-19.04001,-1.6573609,-0.06635226,-1.5024698,-0.16612165,-0.5586059,-0.27817073,0.048457183,-1.7433711,-0.8191453,-4.2899685,-0.66675293,-0.1322627,-3.4130347,-0.72368187,-0.8154866,-0.0603326,-0.4756202,-0.8675211,-0.19446711,-2.1257653,-4.802152,-1.276905,-14.790449
-0.05162831,-0.7140584,-1.8978004,-0.5063733,-0.5983184,-0.8220543,-4.37979,-7.1493964,2.062191,-1.0390582,0.7596203,0.518567,0.33948782,-11.4042635,-2.6381817,0.32813096,0.08483697,-0.47064084,0.7633986,-0.9461263,3.0029447,0.56518304,-0.23422654,-13.28728,-2.0313172,-0.40975335,0.23815575,-0.3735576,-0.4130361,-0.87782174,0.241239,0.48773342,-2.3969617,-3.421699,1.6450857,-0.9387971,-5.6827106,-1.2199646,-0.92945284,7.398001,-0.433861,0.5388693,-0.027751835,-1.4493955,-1.5878375,0.11388585,9.9255085
-1.5397941,-0.4184934,-1.4566178,-0.5345856,-0.7772132,-2.4138608,-3.2879665,-7.4142027,1.343059,-0.7811694,1.0151327,0.6298017,1.1911523,-11.267226,-4.110105,0.3254148,0.09497994,0.101137586,0.43294176,-0.51360595,2.653448,0.31893185,0.89885306,-15.335508,-2.540557,-0.35075578,0.04378985,-0.06577067,-0.4495461,-0.3689773,0.20060411,-0.15852992,-1.4228847,-2.300321,1.7455615,-0.25901464,-5.0662055,-2.1743412,-0.3524839,7.049795,-0.48502907,-1.0431068,0.04643242,-0.08311888,6.43508,-0.013429986,-1.1831028
-1.3629417,0.078788616,-1.5867456,-0.3558161,-0.61983746,-1.9910511,-4.824849,-8.71056,1.0896297,-1.0906954,1.4015777,0.4832462,1.1932781,-11.082356,-1.0042977,0.5230926,0.19307935,0.17965528,0.4440912,-0.22266854,2.7456586,0.020793006,1.3833946,-15.528228,-1.218359,-0.21272185,-0.07208331,-0.025028804,-0.4957566,-0.42635503,0.122728676,-0.8816031,-1.0447049,-3.2262886,0.62316453,0.83511007,-5.1854897,-1.2417347,-0.54155415,8.955729,-0.92277205,-0.8985536,0.11397329,0.4599444,1.0702895,-0.061916884,-1.6647141
-5.369787,-0.75628567,-1.5297006,-1.5372757,0.12465457,-4.0195355,-8.68505,-7.4607406,-1.8454168,-2.265483,1.3209178,0.94920754,-1.1485342,-7.279133,-3.1285243,0.44037965,-0.17235585,0.22026625,0.74384016,-0.4577408,29.2387,0.4008827,-0.3042981,-11.638476,-2.3636234,-0.3209212,-0.93009675,-0.057312816,-0.42471558,0.27256605,0.34019902,1.3864743,-1.3490814,-2.578919,1.2067807,0.054122463,-1.6997274,-3.1684692,-3.3261437,7.7233763,-0.20019068,-1.5347886,0.21709448,-0.8060723,-2.5931582,0.07875709,-2.567269
-3.1739557,-0.42533097,-1.7485476,-0.48945683,-0.55608726,-3.7530663,-3.2564764,-8.129163,-0.4556779,-1.1107292,0.537362,0.4004006,0.1033381,-10.718832,-4.639078,0.06202706,-0.015546795,0.11434232,0.77358264,-1.0820591,2.5422397,-0.091450796,-0.19918697,-13.463395,-3.231011,-0.6266812,0.011574062,-0.17252259,-0.5777417,-0.38180533,-0.37890238,-0.25165427,-2.501008,-4.3281045,1.324881,-0.6488081,-4.4520373,-2.1243062,-0.9819435,8.030429,-0.35288197,-0.6697576,0.005366467,3.820448,6.019014,0.17893462,7.0692616
-1.5241071,-0.36889789,-1.499309,-0.8698451,-1.0185074,-1.0603775,-1.3421556,-10.21844,2.2463832,-0.84523916,1.026149,0.6386498,2.4528959,-11.953027,-4.1826644,0.24553014,0.16451901,0.0646586,-0.13685468,0.8037846,2.5904472,0.06832287,3.891463,-16.04084,-3.0973656,-0.42206824,0.18383336,-0.07862746,-0.4540408,-0.9067567,-0.1638963,-0.25537407,-1.000568,-3.722445,1.1712885,0.55798656,-9.373438,-1.9001789,-0.3708279,7.540246,-0.5625061,-1.8583096,0.23354916,0.13542214,7.6686854,0.049681533,-1.2294823
-1.4313455,-0.50959533,-1.6193601,-0.37961587,-0.7743498,-4.0479674,-7.7606053,-5.9577913,2.6194386,-1.1827122,1.5391006,0.21729892,1.7804881,-10.92445,-0.9781538,0.38066688,0.13317749,-0.22296731,0.33266652,-0.14528401,3.137851,0.104466274,1.1400492,-13.544235,-1.476458,-0.049294814,-0.037089862,-0.104920074,-0.23284352,-0.6581955,0.1262242,-0.9180011,-0.9443261,-4.418983,2.0364013,1.055615,-4.55592,-1.2181531,-0.5173336,9.660116,-1.2037829,-0.7563289,0.118945226,0.13305679,-0.26496857,-0.13211782,-1.8778453
-0.06485324,-0.50017023,-1.5226967,-0.7211247,-0.7483214,0.008366143,-4.0586114,-7.456709,2.2228448,-0.7421639,2.076628,0.69391143,1.1276569,-11.155871,-1.034809,0.4233692,0.14155549,0.068305455,0.3727741,-0.5502059,2.7150812,0.391224,1.1442587,-15.953531,-1.8611625,-0.09708586,-0.12847468,-0.09321519,-0.052034505,-0.7750927,-0.26001748,-0.10278749,-1.3974309,-3.1643171,1.9434028,0.05516994,-6.340241,-0.9222785,-0.525856,7.4010468,-0.2201326,-0.8965888,0.0753388,0.31559682,0.5224678,0.004135015,-2.827722
5.617505,-0.047058064,-1.6156691,0.46328512,-1.0395863,-2.8106112,-0.6817864,-8.202253,1.4413553,-0.71434784,0.68565875,0.7881019,1.2944548,-10.261767,-3.9962015,0.16102976,0.13142073,0.019077772,0.645511,-0.7943161,2.4319274,0.24065426,0.43108845,-16.579153,-3.1766195,-0.345183,0.08006193,-0.03535786,0.07036919,-1.3631389,-0.25595608,0.027894178,-2.227222,-4.457386,1.1295995,-0.22592922,-6.699859,-2.9393122,-0.7634296,7.593411,-0.905904,-1.8156139,0.019644707,2.726195,5.702477,0.057605557,2.8451269
-0.14146796,-0.08836304,-1.5578462,-0.4467053,-0.5622111,-1.1359972,-4.683779,-7.4859915,1.5776173,-0.79337144,1.9211074,0.55268717,1.1397555,-11.245803,-1.0695198,0.30638906,0.1991666,0.1010061,0.38242495,-0.66562855,2.5721402,0.26407254,0.9667535,-16.323893,-1.3766364,-0.11970429,0.010083058,0.02140428,-0.48641726,-0.5390154,0.2675712,-0.24450181,-1.4313167,-2.9029124,1.4946065,-0.18136728,-4.1867743,-1.1495003,-0.31561953,7.17728,-0.5142208,-1.3096743,0.07250198,-0.07420974,0.33195564,-0.006108336,-2.614923
-2.1705441,-0.5910596,-1.6939194,0.04383669,-0.69668454,-8.09668,-7.2734203,-9.501784,-0.82668513,-1.1824193,0.20273738,0.66355973,-1.9226917,-5.8460875,-8.746413,-0.32416654,-0.11891469,-0.14555514,0.82369345,-0.1697478,26.752863,-0.023150913,-1.0465516,-12.491193,-4.3410773,-0.49117982,-0.37057838,-0.39564484,0.30526817,-1.1099625,-0.43601918,2.6130912,-1.9754711,-5.9310565,0.92683494,-1.2085478,9.612027,-2.1164875,-2.809078,6.994003,-1.0426563,-1.7819635,0.09927122,-1.7924294,-2.648356,-0.04421155,-1.961608
-4.552842,0.14314513,-1.707274,-3.5357826,-0.09588852,-7.743264,-11.940711,-9.025846,-0.6462072,-1.1670215,0.8669024,0.86195934,-2.6949956,-1.8433416,-7.243981,-1.0086666,-0.35197067,-0.095114544,-0.7254551,0.061138842,29.730616,-0.479158,-0.713486,-11.454357,-1.8485494,-0.9917461,-0.6038393,-0.57348555,-0.4471822,0.23370208,0.060745217,1.3092362,-2.060897,-8.182158,1.6548245,-2.5010166,9.266369,0.2997426,-2.0456057,9.198537,-2.138763,-0.83293134,0.07804948,-0.18533596,1.5406967,0.36664623,-2.6471717
-5.053433,-1.5328805,-1.8452588,0.5243509,-0.6113633,-7.451694,-7.6511617,-7.3420444,-4.334361,-0.039111137,0.2519324,0.4453928,1.3995166,-12.701069,-5.729277,-0.01402986,-0.003287856,0.17593125,-1.709751,-0.78621525,1.632345,-0.120347954,-0.44474965,-11.897642,-2.4891615,-0.2588403,-0.68143797,-0.18486595,-0.83179253,0.028006544,-0.49593925,-1.1259557,-2.222209,-8.709178,1.0216391,-2.0947082,-4.317509,-3.3632393,-0.10356907,7.2526126,-1.6935109,-2.4259746,0.124061435,2.3123746,-2.5496075,-0.21776338,10.543448
-3.8632386,-0.45516783,-1.9356844,-0.1953872,-0.414929,-7.030957,-9.541813,-6.9830613,-10.36232,-1.3343334,-0.88118964,0.3586052,0.50819796,-11.045246,-3.1092482,1.1019506,0.025691608,0.096468896,-1.3771586,0.11291543,1.247138,0.053622242,-0.2596884,-14.268494,-1.8842031,-0.17757274,-0.016497903,-0.0990723,-0.7062135,-0.045956906,0.08800482,-1.4621583,-1.9502876,-8.104725,1.491158,-1.2412128,-5.3943863,-1.5237323,9.759883,6.066006,-0.43402082,-0.9873287,0.005355854,-0.40312454,-0.059956122,0.12817284,6.0318546
-0.1428162,0.037883326,-1.4918584,0.13536467,-0.34815952,-2.2476933,-7.5879164,-8.0121,-6.462813,-0.47981948,-1.0105358,0.4213904,1.6581911,-13.701319,-1.3527749,0.05283332,0.15805824,0.38786864,-0.6221499,0.114941925,0.8720044,0.07144158,0.6177011,-17.832558,-1.7348405,-0.03301343,0.014762485,-0.040213,-0.3190282,-0.5080774,0.19141906,-1.371111,-3.2309556,-4.8480115,1.1769195,-0.8285258,-6.560415,-1.3381817,-1.6557698,6.7019877,-1.1369457,-1.0983298,-0.03634616,-0.2407619,-2.2046356,-0.30438045,-2.9186296
-1.7428014,-0.24915755,-1.9641875,0.64794797,-0.47536045,-5.8065577,-8.749913,-7.2354746,-9.081777,-1.5405383,-0.8254267,0.40965703,0.8786322,-11.923178,-2.660339,1.0659738,0.07000203,0.049088243,-2.6156774,0.28911558,1.5789235,0.27785152,0.2740256,-14.53158,-1.6709087,-0.105680995,0.057475783,-0.04148045,-0.4400675,-0.6914546,-0.17368455,-1.400086,-2.7821357,-6.829359,1.0494347,-0.8259223,-5.5064673,-1.4543449,-1.6439209,6.966492,-0.45619497,-0.64514166,-0.20293134,-1.4036579,-2.4166305,-0.12082436,7.3184795
-1.9434073,-0.34275848,-0.32879734,0.88586587,-0.43533853,-3.7986705,-9.206333,-7.9271426,-6.8500733,-1.5815089,-0.9466639,0.41807753,0.5088138,-12.84768,-2.5269938,1.109302,0.01213747,0.021102598,-2.3204286,0.06759063,0.7813861,0.13728225,-0.3660513,-15.500007,-3.102908,0.24120784,-0.17382476,-0.032207817,-0.47151193,-0.59346867,0.20734923,-1.0956383,-1.9508684,-9.233435,1.3797333,1.2538389,-5.8381395,-3.1467373,-1.5642276,8.017653,-0.41104615,-1.1332481,0.18240398,-0.56914204,-2.2415032,-0.02693637,12.565953
1.6070157,-2.6739295,-15.170837,2.497776,-5.632059,2.3251266,17.932518,-25.061903,-14.704155,-0.6401733,-1.7853217,-0.3196555,-3.6432643,-15.814165,-0.22008635,1.374807,-0.82911944,0.17319047,0.6772001,6.094539,-10.47031,-0.5286067,-0.43484434,-15.584646,9.463937,0.061636265,-3.9733539,-2.6554744,0.07596413,-1.5044514,0.59414154,0.09853017,1.2222363,4.9136286,-1.7500697,0.3793774,-4.7532406,-0.17962268,-1.3859279,-7.8658047,2.3493276,28.680023,-0.9792047,-3.7764535,-7.8440895,-1.1631788,-13.27994
1.7811605,-0.13674779,-2.1342735,2.2695782,-0.38784122,7.5960393,2.9444869,-6.252049,-13.838366,-0.14757252,-2.0354455,0.016077198,3.2196026,-17.299658,-1.7024477,1.2904435,-1.5503223,-0.017995195,0.2704558,1.6441923,-5.146703,-0.7696486,-0.48008734,-19.543371,3.047802,0.096379355,1.1452137,-0.2215832,0.10287603,-1.5003808,0.29331776,0.046112843,1.5017327,6.2767267,1.4065276,0.29176825,-8.605494,-0.25648358,-1.7268888,-9.271911,1.989988,5.8996253,-1.3771768,-4.737909,-9.414504,-1.1398852,-17.613853
-5.111597,0.18181403,-1.739162,-1.5697947,-0.26597872,-12.956116,-13.516699,3.953093,2.667853,-0.24183837,-4.278415,-1.3576317,-3.7901702,13.336614,7.6253557,0.60091007,4.603671,0.09399366,0.27846318,-1.5151582,19.908588,-0.18099193,-2.4513135,25.302652,-2.620724,-0.55973774,-0.032753546,1.8708094,-1.4785565,3.610944,-0.70663774,-1.214631,-1.0461724,10.945073,-0.11653736,-1.6662208,10.122776,-0.7279907,2.3755069,4.3488655,-2.3398995,-0.6688608,1.0590768,1.5530573,6.2707133,-0.0836515,7.331099
-6.550055,0.41923743,-1.0511748,-1.620415,-0.99669385,-16.221308,-15.612758,3.5733385,-1.2216288,-0.5915434,0.2016042,-2.2267046,8.316526,12.826192,6.080552,-1.2409717,3.070397,-0.16340338,-0.66277826,-1.6971576,18.991882,0.26932722,0.33158758,21.614597,-3.2826061,-0.90768105,-0.044067793,1.1245021,-1.5246189,8.187198,-0.7055551,-1.9241698,-0.90011317,16.076635,1.4601256,-1.3354925,13.843321,-0.12677585,1.9285344,7.8925405,-2.3744688,-0.7551121,1.4283714,1.8077334,5.237894,-0.12494115,6.2348127
-5.935438,0.14969659,-1.8578606,-0.033117477,-0.36939552,-9.648978,-14.806555,5.4943805,-1.521318,-0.8753176,0.46669826,-2.0815523,-1.4301537,14.294695,5.206547,0.3461521,3.6101403,-0.16725397,0.19274597,-0.8674062,1.7202857,-0.19802772,-3.0016634,21.166752,-3.642286,-0.46082053,0.14345685,1.3609226,-1.7941468,6.205524,-1.3634226,-1.3145735,-0.95473087,10.8485565,1.8275198,-2.9192722,15.535985,-0.5347891,2.6448445,5.755616,-1.1478903,-0.52049166,1.1270866,2.408796,9.385384,0.088256195,18.781971
-8.501036,0.33964667,-1.3932265,0.72529894,-0.94727015,-11.610684,-10.747359,3.9369652,9.670539,-0.5822633,0.73362845,-1.0613562,10.49608,17.536156,4.4444003,-0.60392493,2.2148728,-0.17994522,-0.2841194,-1.5158793,20.066504,-0.79935455,-5.350849,20.554415,-9.937693,-1.0662978,0.03722083,1.2582455,-3.3942595,5.0108433,-1.053186,-2.7574887,-0.64317346,15.009533,2.2675006,-1.2827674,17.077526,-0.7419231,3.091085,7.381205,-0.4836084,-0.65649205,2.506805,2.1364717,5.880599,0.13309559,6.3003488
-5.954156,0.13315958,-1.5674291,-0.08932349,-1.0161363,-11.563673,-15.746545,2.8951223,7.558066,-1.2286763,-4.1368737,-1.2287872,2.547406,15.120648,6.6378098,-1.0158435,1.8097261,0.18388982,-0.043283205,-1.2709101,20.683273,-1.060515,-2.829955,23.384216,-5.234564,-0.66500044,-0.12895302,2.5086849,-1.4263629,5.4230328,-0.8059561,-1.2978369,-0.66385317,17.411264,1.4486526,-2.6536438,14.402059,-0.837666,1.1649115,8.969075,-0.49802244,-0.6408507,3.4949522,2.254444,6.552533,0.045815602,8.045147
-1.9316097,1.121211,-1.635984,-0.0005021639,-0.8394326,-8.125022,-10.171932,1.7803783,-1.6373447,-1.6641738,0.2797988,-1.7710624,2.0119436,8.903662,4.5536275,-1.1916095,1.5224903,-0.18887371,0.26996484,-1.5379229,11.256383,0.49858,-2.8371384,22.956669,-4.0072064,-0.79468215,0.1727877,2.562719,-1.4282521,1.5780126,-1.0658637,-2.2090957,-3.0094361,11.98916,2.6200855,0.53446954,16.942184,-0.21996386,3.4859257,0.9832584,-0.52845013,-0.78294325,1.432548,2.0369384,6.0942097,0.22252183,7.658106
-2.0822053,0.6506025,-0.9614964,-0.48200288,-0.4096473,-9.4364605,-9.598282,2.6631205,-2.7559562,-1.1390688,1.0357147,-0.8144199,1.8820244,6.694255,7.8422217,-0.6190061,1.5713621,-0.08463299,-0.117340595,-1.3113021,18.180405,-0.66684514,-2.938921,22.506983,-2.6054223,-0.8682975,-0.0014754811,1.7178637,-1.1175666,6.726031,0.32198352,-2.2984874,-0.8375286,-7.760312,2.4583347,0.46352383,13.694098,0.12660217,2.8991072,4.4268146,0.3456107,-0.2925121,0.502913,1.8793977,6.8451285,0.5789595,8.7021475
2.2214506,0.30146646,-1.0690091,0.21213134,-0.055869874,3.2406325,-3.2370346,-6.752229,6.225716,-0.28475335,3.53937,0.85444957,4.13453,-12.468502,-2.014604,1.0654045,3.1410656,2.1129427,-0.40928152,3.3424475,4.4580703,0.7729703,-1.5357126,-12.711489,-1.1272528,-0.26331633,3.7352312,0.2395109,-1.424097,1.5061361,0.8600481,-1.1387728,8.037041,14.990082,3.2007303,1.6154313,-2.0963557,-0.62504363,16.926104,-3.1889365,9.074422,-2.2689164,1.9800801,-0.76746684,1.1670038,-0.036733508,19.11878
3.2944539,-0.81479,-1.8542845,0.85552824,-0.8156727,-7.683353,-11.643373,0.32662436,-2.8980618,-1.698268,0.42996296,-1.4886703,1.9342623,-5.346856,3.7367816,-0.7591654,2.1995978,-0.10455318,-0.543298,-2.0683,19.593164,-0.77472603,-3.186528,18.132471,-3.5957048,-0.1672315,-0.71506685,1.363449,-1.092124,5.2563667,-0.53797233,-3.602351,-0.5917315,-5.3340044,2.0271864,-1.5677295,-4.882487,2.3761601,0.18176302,9.049298,-0.42607182,-0.86797863,0.9584856,3.8331437,8.25439,-0.27379888,15.71712
0.06793693,-1.0477245,-1.8090328,2.0987973,-0.09695722,15.6675825,1.9661084,7.844749,0.26179728,-1.8967341,1.3274825,-0.30193645,8.283576,0.968809,-0.21935125,-0.16344702,-1.6598613,0.06053935,-1.6156571,-3.187275,2.0546794,-0.6119682,-2.7284546,-4.407325,21.953707,-1.4348297,-0.37309375,-1.9569056,-0.97093594,-0.62996745,-0.30871713,3.2553167,-4.8211775,20.435104,1.2564875,2.3912995,-8.33245,1.3503692,1.5407937,14.448351,-1.6362519,-2.5695894,0.27844128,11.703133,9.249564,0.044527404,34.931118
-6.524771,-0.39936537,-1.479632,-3.2570217,-0.15191305,-8.652866,-7.5713596,2.1339483,-1.6898077,-5.2838025,0.9649702,-0.98367846,-1.3081124,-8.919752,-9.161712,-0.86042345,-1.9012517,-0.29179427,-1.4484752,-0.38671243,22.006088,0.13217023,-2.1408975,-9.339819,-5.67686,-0.7127858,-1.2117552,-0.62363213,-0.26599506,-1.7438267,0.55681014,-0.9939866,-2.514178,-9.908022,1.0531502,-3.349948,-7.5567164,-4.940803,-0.11018042,3.2352488,-2.7589722,2.0112944,0.20404343,-1.8172281,0.47796348,-0.0059043206,-4.749203
-5.3929815,-0.34154123,-1.5752707,-3.1797066,-0.39825648,-10.129377,-7.8590946,3.305615,-2.0398061,-5.003596,0.8889057,-0.7821303,-1.0385506,-7.833894,-9.625055,-0.7973571,-1.9410886,-0.3318808,-1.3863577,-0.049683433,22.523998,-0.14380923,-1.9171247,-10.213137,-5.2700405,-0.6516222,-1.1540856,-0.5785091,-0.15461081,-1.3292751,0.533401,-1.2357702,-2.9545293,-8.1002245,1.6360934,-3.2628143,-5.5348883,1.1218933,-2.4983237,5.6432967,-3.2638135,-0.79683065,0.27247566,-1.902405,3.0739136,-0.009803842,-0.7230815
-3.4938629,-0.1700384,-1.672407,-0.7050647,0.31496617,-3.5710394,-5.6330457,2.924763,-3.2679074,-1.9431608,0.46983182,-0.13532719,0.057297472,-13.280148,-7.036344,0.16072792,-0.31444144,0.027788619,-1.5697702,-1.1919007,1.9331399,0.03492978,-3.8162568,-17.03644,-2.1252868,-0.15489154,-0.60200125,-0.35495493,-0.14277714,-0.7815623,0.032908816,-1.3834925,-2.765568,-8.268957,0.5550264,-5.6003213,-6.670744,-1.4970416,-2.5978196,3.8159356,-2.4431155,-2.0346138,0.1739817,3.5058658,-6.1000767,-0.029214486,5.329763
-4.041372,-0.7686772,-1.6878589,-0.5027758,0.116852276,-3.816327,-12.038931,1.4371951,-2.4847205,-1.8764782,0.28443813,0.021614663,0.10974351,-13.160595,-6.462997,0.1236208,-1.948766,-0.7586764,-1.6682976,-1.1995716,2.0594673,-0.009695898,-1.5944095,-16.81362,-2.2544632,-0.2522785,-0.7247345,-0.8976581,0.70072216,-2.1779387,-0.65440565,-1.0006887,-2.932411,-8.754063,-0.26639128,-0.66492134,-6.5128636,-3.0312574,-2.7371032,3.8718321,-2.5442388,-2.7699587,0.10248287,3.4176838,3.384513,-0.10876614,6.0521197
0.514374,-0.55097705,-2.615089,-3.4031796,-0.8570189,-7.5077386,-9.514933,1.1580722,-0.8034068,-5.584865,0.91968536,-0.9948774,0.25110334,-7.621618,-7.0736046,-1.4123275,-1.8989515,-0.34197742,-2.0695682,-0.7368066,21.93391,0.22278634,-2.2650144,-11.824793,-5.9694777,-0.88222545,-1.4055128,-0.48493782,-1.3945475,-1.5374101,-3.052865,-1.2531708,-3.583469,-8.818556,0.963518,-3.5397637,-6.5167956,-3.705397,-3.4349513,3.2619314,-3.608391,2.1309302,0.23334,-2.8946717,3.164196,-0.06252797,-3.2351208
0.9167955,-0.12907326,-2.526722,-0.32613394,-0.43438354,-2.2093494,-5.871566,-7.6486545,-5.329637,0.16187444,0.9265878,0.76164407,1.0958133,-11.992411,-2.1338851,-0.05531404,0.4240894,0.48827285,-0.6361936,0.13657215,1.729833,0.8719416,2.3077104,-19.204004,-1.0215809,-0.14553833,0.068541974,-0.07669596,-0.20406896,-0.029074665,0.0040157046,5.620584,-0.44486293,-1.2728366,0.6529811,-0.40137374,-3.8496087,-0.58596146,-0.20885098,-1.8551501,-0.20966825,-2.117256,0.17364271,-1.016396,-3.4585118,-0.2695889,-8.85236
1.1925073,0.07249313,-2.8306317,0.06473524,-0.46480507,-1.6817739,-4.6708517,-7.692019,-6.6954246,0.5440712,0.37486017,0.56993467,1.5638095,-14.718727,-2.0413127,1.3224847,0.41132578,0.62092805,-0.44507697,0.49005583,1.2026342,0.5887207,1.5350908,-16.876259,-0.79689234,-0.14002796,0.20920807,0.008019989,-0.059947636,0.12401163,0.10931849,0.9886067,-0.011255772,-0.4619198,0.68704414,-0.15651903,-2.7129996,0.3495135,-0.53917533,-1.2311798,-0.37460342,-1.323719,0.048185248,-0.94334245,-3.7558866,-0.7105865,-9.809228
1.3284895,-0.032011308,-0.96094435,-0.62687343,-0.46498287,-1.4428343,-4.328096,-7.858438,-7.2046247,0.52931595,-0.47480622,0.72155213,1.8408102,-14.15057,-1.5247138,1.3382211,0.41077104,0.7284339,-0.40675792,0.49336228,0.64815784,0.68327034,1.5108672,-17.160122,1.7492111,-0.016853636,0.633062,0.0658017,0.007017337,0.09730055,0.13965335,1.3629291,-0.32462594,-0.24937402,-0.16494423,-0.23828709,-4.368863,0.36762428,-0.51426154,-2.2699785,0.1566293,-1.5089145,0.036453832,-0.75097257,-5.643108,-0.6019768,-10.120455
1.4961855,-0.009069249,-1.0268264,-0.5879847,-0.54986686,-1.5761969,-5.80719,-7.8520722,-6.9394627,0.61562896,0.51340544,0.7035872,1.9236816,-14.062812,-1.2091454,1.1301092,0.37759987,0.57514626,-0.15610106,0.0019458252,0.3432624,0.863339,0.5439385,-16.902573,2.0008128,0.34339905,0.87390417,0.08838122,-0.074757494,-0.2288699,0.19307788,1.4558973,-0.4379285,-0.31015855,-0.23785248,-0.3782034,-4.7925754,-0.12865072,-0.5601198,-1.47377,0.18525712,-1.2630885,-0.03113701,-0.68478984,-5.9490614,-0.5469395,-10.331999
1.4723232,-0.0073245075,-1.0017354,0.09010598,-0.54664403,-3.2892568,-5.6082535,-6.992217,-7.1700854,0.41383082,-0.0879015,0.47733492,1.4705715,-15.343143,-1.7129439,1.1328194,0.24595536,0.6888292,-0.574722,0.4389199,1.0285617,0.12536661,1.1973531,-16.01353,0.06624971,0.03850813,0.09564035,0.035974536,0.19066447,0.32629308,0.11411029,1.6615565,-0.014955445,-0.28612992,-0.2750744,-0.07176934,-3.396978,-0.5414,-0.28786188,-0.09380329,-0.054629594,-1.3302369,0.2181697,-0.90088266,-3.3920765,-0.50382555,-10.170516
1.6514139,-0.327852,-1.1588907,-0.39114538,-0.74307233,-3.6451743,-9.114561,-7.591107,-9.873836,-0.6267861,0.5799174,0.5297434,1.9614077,-15.045296,-1.2465212,0.90692705,0.10928612,0.4406773,-0.58324873,0.5994199,-2.1049907,-0.39398825,1.1337403,-16.443296,-0.2295588,-0.27804855,0.092043184,-0.10696669,-0.18028574,-0.08269191,-0.10690563,1.764019,-0.62351656,-3.499686,0.3861772,-0.020359231,11.993493,-0.76867133,-0.47442347,8.102945,-0.32419375,-1.1260746,0.104967795,-2.6115084,-3.1880455,-3.1619787,-12.106276
1.4950985,-0.5317127,-0.55387026,-0.45293495,-0.40517142,-0.79201853,-4.8975587,-8.053505,-11.753478,0.17311601,-0.21211474,0.4737232,3.0016356,-16.202843,-1.5743623,1.1452378,0.040470466,0.51453364,-0.4723944,0.44909498,-5.063849,0.13559835,-1.3207438,-17.956072,4.6338296,0.063115455,-0.57732433,-0.013638679,0.47738272,-0.5158751,0.31243172,-0.41550556,-1.358119,-1.0497465,-0.6355489,0.42481712,-1.6608104,-0.05294894,-1.0460804,8.251466,-0.60053015,-1.1163286,-0.12927698,-1.9102525,-5.556784,-1.522623,-13.383296
1.2810177,-0.014806806,-1.3700359,-0.21445148,-0.6246555,-2.2973616,-8.071171,-9.653362,-9.211923,-0.99668264,0.25108126,0.3376666,3.0481336,-14.705902,-1.0733337,0.237226,0.019619068,0.10342013,-0.35632035,-0.15770534,-2.1149337,0.2251892,-2.8013477,-18.249294,2.232836,-0.33855808,0.07163487,-0.08809124,0.01325131,0.1467496,-0.007061132,1.4171438,-1.3475515,-2.7349896,0.53830665,0.27049312,11.602854,-0.21645087,-0.40692157,8.754352,-0.66241217,-1.2250631,0.23614393,-1.3811313,-4.348549,-3.1049592,-11.0602665
1.0382261,0.21805441,-1.1625326,-0.6624765,-0.500198,-1.7439681,-10.116385,-9.197667,-12.424195,0.38280368,0.7964481,0.47912535,2.278743,-13.706368,-0.9601648,1.0731778,0.095666885,0.6008043,-0.21980253,1.5071676,-3.6137886,-0.056645587,-3.5372407,-17.63433,4.6138864,-0.006753538,-0.06731225,0.01966863,-0.09131066,-0.6164042,0.20235269,1.0685354,-1.5354198,-3.6274328,0.55835485,0.6358254,12.528551,-0.00974421,-0.7911911,9.089335,-0.52021587,-1.0955415,-0.19301353,-1.1263672,-4.209761,-3.0905805,-12.72556
1.4603336,-0.21955827,-1.2914467,-0.5405093,-0.83296204,-1.8772979,-6.599066,-7.546834,-7.3049326,-0.31904376,0.39539075,0.7204094,1.6913706,-11.650377,-2.9164467,0.2278763,0.063410476,-0.263546,-0.6951949,-0.369242,2.1196272,0.58255786,1.4121922,-17.844116,-0.63291186,-0.48430267,-0.5065839,-0.10709509,-0.45380637,0.1030213,-0.058026765,5.6940355,-1.1991504,-3.852337,0.26944,-0.8607929,-3.7497973,-1.1926473,-0.5783033,6.619567,-0.56633824,-2.4964988,0.21287489,-1.0433757,-2.6426234,-0.11743625,-8.785337
-1.6325614,-0.43274266,-1.5707601,-0.39402017,-0.47386524,-2.155885,-4.633291,-8.130993,1.6051193,-0.8658695,1.5344435,0.7098382,1.5134672,-11.267641,-0.93113196,0.29957885,0.104020834,0.09348465,0.4265572,-0.52102673,2.630779,0.37736404,0.89675623,-15.369533,-1.9323112,-0.049066205,0.013700817,-0.09240387,0.0022866905,-0.31896862,0.18996143,-0.018738203,-1.3339775,-2.6871486,1.6471133,-0.27100688,-4.7565446,-1.208243,-0.8885207,8.041822,-0.47752368,-1.342024,0.06962794,-0.09501781,0.32341802,-0.024064863,-0.5853497
-1.8121979,-0.2976883,-1.5442562,-0.33335608,-0.7028772,-1.8558322,-4.1257014,-7.716608,2.0780458,-1.2585392,1.4235244,0.4818989,1.1012994,-11.238049,-0.6838936,0.4959289,0.18883795,0.113122955,0.37878433,-0.44979358,2.8141935,0.12953539,1.3461242,-15.876231,-1.2371725,-0.09657378,-0.056237295,-0.10068217,-0.49757916,-0.30098638,0.13222094,-0.8331091,-1.1620005,-2.7755466,1.5664266,0.954785,-5.169922,-1.2001456,-0.40232748,8.682658,-0.91779476,-1.5159446,0.013171095,0.3548529,-0.44952545,-0.076015286,-0.6986242
-1.6236038,-0.38504127,-1.5129741,-0.3979231,-0.47327444,-2.1092396,-4.5639315,-7.388903,1.3223724,-0.7927149,1.5127331,0.63202655,1.5562414,-11.265526,-0.91403604,0.3017095,0.10022727,0.097390145,0.43036395,-0.5306292,2.612537,0.31778744,0.9124899,-15.341369,-1.4455637,-0.1117204,0.010385793,-0.069460645,-0.44211966,-0.3208126,0.21661307,-0.040170327,-1.340785,-2.9560168,1.6651545,-0.23999591,-5.0956216,-1.1854185,-0.38277882,8.159938,-0.4868244,-1.3279673,0.08390181,-0.17731765,0.32908458,-0.008523725,-1.2228801
-3.1713717,-0.7109447,-1.7110914,-0.25391442,-0.58498067,-3.0422611,-4.74851,-6.3254027,1.7492474,-0.8173568,1.1440086,0.6458844,1.4716556,-11.260421,-1.2722063,0.11013842,0.051124383,0.08575147,0.7154388,-0.726688,2.790217,0.13556632,0.95887685,-13.194897,-2.119977,-0.66731656,-0.009975783,-0.18763857,-0.19605425,-0.601374,0.21797194,0.017866092,-2.349741,-3.2104623,0.59825885,0.15980053,-5.0649595,-1.458309,-0.46875358,8.7248535,-0.71132934,-1.2083728,0.07888351,3.5090468,-1.327519,-0.076159626,0.21043849
2.065126,0.16977106,0.4980686,2.8049889,-0.34361798,7.995908,3.3653903,-5.807817,-11.186771,0.115316205,-1.8158183,0.107006,1.6315717,-18.292282,-1.1901507,0.511805,-1.4906356,0.1778916,0.034363627,1.5261544,-5.481245,-0.6436949,-0.9446333,-19.542404,5.3509297,0.2541659,1.0400207,0.0021487214,-0.25245968,-1.0742402,-0.07606601,-1.1599027,-0.8493828,6.820389,0.25209215,0.07816001,-7.1963754,-0.31124282,-1.3513255,-7.647498,3.1096272,-0.092276186,-1.5839764,-5.1297426,-9.445447,-1.0895716,-18.15342
2.1246085,0.00021348445,0.2058233,2.8496425,-0.5136531,7.1077285,3.3581257,-6.281872,-11.483678,-0.008539637,-1.9183553,0.118019976,3.2049701,-18.335922,-1.1580294,0.51134384,0.109723635,0.36986908,0.031841613,1.5436546,-5.796217,-0.32109636,-0.977415,-19.587517,5.282728,0.19093654,1.1124438,-0.00035991718,-0.27671346,-0.880202,-0.085654445,-0.13619821,1.6857499,6.4745836,-0.4209935,0.095764436,-8.654973,-0.24547139,-1.2322147,-7.2731185,-0.2621846,-0.12576468,-1.2458625,-3.9530509,-9.474602,-1.1742722,-18.730633
1.5142623,0.18884495,-1.4247209,-3.1010118,0.17768836,6.016834,6.7634487,9.297426,-2.8830411,-1.0714589,0.51583594,-0.82515687,-0.72698134,21.151703,5.624757,-0.03155664,-0.5314749,-0.27962756,-1.0394536,0.20868008,20.70987,0.79811203,-0.026922662,36.569252,-4.2354064,-0.37659767,0.38455254,0.2660299,1.105831,-1.8959132,-0.5303557,-0.21083713,-0.82803404,10.969728,0.91497827,3.9374855,15.557129,-0.60876125,0.7858521,6.4755726,-1.0116414,3.9903662,0.72040325,2.4884605,8.53228,0.2583794,19.016218
2.975482,-0.4468301,-1.21475,-2.124139,0.23296373,5.663833,10.105582,4.24137,-2.411088,-1.4576265,0.558193,-0.6420281,0.17423725,29.74258,5.7876883,-0.23464528,-0.4766264,-0.4582926,-0.33649462,1.2229978,19.85534,0.57902384,-3.3861551,33.857067,-4.3773093,-0.32264173,0.004979202,0.030588033,0.47404703,-1.6479431,0.09531735,-0.51344806,-1.2833043,0.814972,1.0454707,4.06516,16.534214,-0.056286365,4.845013,5.4550433,0.18844412,2.8152897,0.43427122,1.9730266,11.444772,0.40708202,19.14626
-5.186429,-0.67436475,-1.3922324,-3.076279,0.23845433,-4.8320155,2.860136,3.334743,-0.4246686,-1.737735,0.9701194,-0.54884523,-0.73051274,-1.6146833,-8.845943,0.14742099,-0.38335642,0.38235778,0.5076251,-0.39041504,28.171484,0.08442671,-2.6875515,-8.365039,-5.4143133,-0.58949095,-0.50784945,-0.3798845,0.54417264,-1.0842967,-0.4000791,-1.1121895,-1.0042267,-7.7637234,1.2032974,-4.514307,-4.3091235,1.3379406,-3.1955566,8.351244,-1.973703,2.0060532,0.7719122,2.6328168,7.3742957,0.16550411,-1.8925855
-7.1340194,0.2661622,2.0317426,-3.2092826,-0.013985755,-21.888817,-0.713647,4.7361712,-6.370979,-1.9256945,-2.0103433,1.237395,-2.671476,10.521811,-8.090685,-0.61382896,-1.3982978,-0.33933297,-0.6913738,0.08028594,19.989428,0.088692576,-3.6898675,15.357523,-3.500373,-1.3618757,-0.39509353,-0.112531915,0.353874,-2.4459338,0.14831966,-0.8919297,-1.5880296,-8.181103,0.3763722,-6.3055162,11.578604,2.924988,0.03248853,2.8886278,-2.1124096,3.6796906,-0.41006687,1.8874527,6.015757,0.034313105,11.085887
-7.0450115,-0.47739485,-1.6265002,-5.4860415,-0.11108177,-16.53319,-2.8472826,7.940651,-3.2848957,-1.3560812,-2.3519168,-0.5397561,-2.9061077,6.8399267,-8.279074,-0.8939983,-1.2363787,-0.32973328,-0.3557669,-0.95639557,20.123562,-0.5972686,3.1770236,14.168917,-6.320602,-1.0749959,-0.7010862,-0.3072049,-0.3988571,-2.9628253,-0.43374863,-1.05709,-1.8034533,-10.062197,0.18202075,-3.0168169,11.470984,0.67978746,-3.195926,3.356312,-3.958668,3.1477592,0.28897196,0.5748015,5.2379146,0.35138968,1.7647692
-7.456171,-0.86030036,-0.9017005,-2.8343797,0.044622656,-15.96944,-1.9012604,5.106101,-3.1048725,-2.0074596,0.32811415,0.16633777,2.9879405,8.014571,-8.998909,0.63515,-0.5196122,0.37889567,0.52227366,1.1742026,23.7269,-0.083017424,-2.5114374,19.962423,-4.8994894,-0.52063227,-0.33562934,-0.2663239,0.7960577,-1.5638009,-0.33933273,-2.4310434,-1.2126454,-15.903326,1.6607994,-5.4902453,-5.2723117,-2.3405416,-3.701151,2.2910151,-1.8330559,-0.5370255,0.5499514,2.0936153,4.8324647,0.12316688,4.6206217
-3.1062806,-0.27369285,-1.1994636,-1.1348813,0.7390979,0.3662029,12.662247,2.893204,-1.7787222,0.776878,1.2812278,0.21819577,0.43369895,-11.1826935,-2.7527864,1.2560923,-0.43096268,0.1301098,0.92739654,0.78837144,28.529806,0.25298652,-2.0017838,-13.302184,-2.2500246,-0.08079653,-0.4947105,-0.40307525,1.5618289,-1.6120334,-0.42655513,-1.087339,-1.7456938,-8.935068,1.8562924,-0.14495759,-4.825036,-3.0735846,-2.889114,4.843288,0.1341172,-3.4307115,0.3176345,-0.60661876,8.202471,0.12813346,5.72337
-9.197783,-0.08474369,0.64829385,-0.7523966,-0.6009733,-8.180141,-15.736783,50.269394,43.434753,0.17650594,0.8079117,-0.7416151,0.25953296,39.615616,5.6481466,1.832901,0.8410941,-0.76447153,0.09782721,3.4217935,18.727339,0.41095442,7.765078,49.88573,10.181558,-0.542003,1.5513924,0.25234008,-0.56979656,2.8784883,-0.36243057,2.7967997,-1.0311106,0.7977193,0.6845405,0.11494043,22.229296,1.0360463,0.5415114,3.7245374,-0.53435063,3.9286597,-1.3006926,-0.5309195,5.229279,2.5348315,18.39874
3.879914,0.07405578,3.0463972,-1.5170835,0.37687021,-4.2889614,1.0018691,11.174514,33.25373,0.22652675,0.81821835,-1.05163,1.8323733,37.26923,9.058056,2.475959,2.4263103,-0.5713196,-0.33785877,2.3675678,20.636963,-0.29324874,12.376803,43.844246,-7.4881053,-0.10897629,0.04217158,-0.023051392,-0.61000335,5.947595,0.28526738,4.120203,-1.2236816,0.8067556,1.4444731,-1.0726682,23.572994,1.1993731,2.8272634,5.2288566,-0.6636801,2.8983238,-0.61813176,0.74518055,7.0688815,-4.635337,19.81898
3.7787561,-0.09435166,0.886281,-1.1403955,-0.035152774,-3.8002276,-1.8466513,14.656969,34.40474,0.095693804,1.0287865,-0.6024844,0.6313792,36.85633,13.169972,1.9964002,2.7095363,-1.0414703,0.06872587,1.6495801,19.268555,4.0936913,8.649566,45.834118,-5.973399,-0.19249544,0.8979875,-0.002947825,-1.3555224,4.9173884,-0.79007906,3.9389625,-1.1061863,1.1893414,0.6757875,-0.8722502,22.70212,0.7286696,2.0681598,4.3801537,-0.72286475,3.5591636,-0.78994334,0.83468443,6.949995,-4.720132,19.5382
5.164511,0.18505478,1.2265964,-3.1459434,0.5510327,-7.32136,0.74486923,14.385107,35.14123,0.4221402,0.85399574,-0.85628545,0.86232835,34.26128,10.499892,3.334184,2.9975765,-0.5503557,-0.4178737,3.62877,21.191484,-0.020254375,12.559625,43.18759,-8.526225,-0.3574257,1.0329136,0.33728814,-0.392146,6.096162,0.029904347,4.3147,-0.66068166,0.6281213,3.249731,-1.2406349,20.95674,-0.15920156,3.1425378,21.226744,-0.37236616,2.5467079,0.0860969,0.31872582,10.204913,-0.3134353,22.179213
-3.6482518,0.08638974,2.2840865,-0.6231253,-5.8848124,-2.9148073,-2.5753326,31.489746,26.829678,0.82546586,0.91052544,-1.2570535,5.1431584,47.79604,20.823524,-8.817174,2.7167504,-0.76478326,0.1671477,-19.750204,15.744532,0.39858142,1.5686865,49.033085,4.3222833,-0.48330382,1.3129145,-0.4579507,-0.18173681,9.612699,0.75229007,-0.6821722,-3.8752165,-1.1551828,-10.352728,-0.23725417,19.031773,1.3077863,1.3293548,41.24018,-0.96390843,4.356534,-1.065212,0.17047176,17.053417,0.29949376,22.394903
2.3196313,0.904995,-0.33859864,-3.2426715,-0.15133391,4.915254,6.9203677,13.022606,11.390306,-0.7388088,0.27201578,-0.87594813,1.551017,31.249414,11.221033,1.9742429,0.44432014,-0.494445,-0.5040615,-0.19458207,21.53875,-0.19458449,20.379543,47.1976,-0.16816191,-0.29178688,0.54524773,0.09646214,-0.54882926,6.895034,0.14809068,5.176722,-0.84242666,-5.694332,0.8620239,-3.291898,22.337315,2.8500698,1.7862793,7.589505,0.64460015,2.8396993,-1.7979432,0.40557674,11.470383,0.44262567,18.334112
4.687133,-0.29112643,-0.37568843,-2.193167,0.32033992,-6.1466236,2.2520618,15.923104,36.544292,0.070710026,0.93592286,-0.830838,1.2136999,28.444614,11.345562,1.1112314,4.6466846,-0.54366386,-0.41399252,2.2806087,19.694168,-0.33476543,11.808155,44.34758,-5.5739245,-0.40330908,1.397792,-0.3332288,-0.04354598,4.5590415,-0.088634335,4.8546243,-1.2286321,-1.0029734,1.6870737,-2.5546262,20.604418,1.577321,2.9692507,3.8556516,0.31007856,2.6749218,0.87204236,0.87313294,7.7183514,-0.010939436,20.153955
4.981063,-0.26299772,0.11310305,-1.4978266,0.011890649,-6.6647573,-0.9262096,17.287697,37.79268,0.05190582,0.88972074,-0.9673502,-0.16806291,29.708035,12.244561,0.60107434,5.124709,-0.7363705,0.011098389,2.4680738,20.539982,0.11989065,16.912218,48.029808,-0.21810015,-0.36639413,1.5739508,0.06980856,-0.9830657,6.834936,-2.3793995,4.743999,-1.0795912,-0.39306146,2.20593,-0.9665547,18.654228,2.5293791,3.221669,4.2702193,-0.15099289,2.0337236,1.3898358,1.0696555,10.0595455,-0.28669256,19.83742
2.753183,-1.1189507,-1.2808616,-1.0375795,0.1668602,10.663153,13.186075,0.35881603,4.8999786,-1.9400824,0.7377433,0.26308534,-1.3063182,22.810385,4.600988,0.057034176,-1.4541541,-0.24103124,0.49627945,-1.70137,22.682919,0.15678276,-4.3441753,31.58575,-0.767515,0.38662115,-0.5310551,-0.108499095,-0.68730295,-0.60184723,-0.1738814,-4.75906,-1.6338278,-2.55889,-1.205038,-4.9565673,-3.533627,-2.0636659,1.0804812,4.4693837,-0.672744,-3.9153714,0.44375396,3.1466703,6.957839,0.29246047,9.681412
7.414676,-0.44592848,-0.27304012,-1.2823298,-0.61106676,10.415545,19.745913,0.615245,-2.7359846,-0.6098521,0.9695002,0.3844322,-1.0956622,25.412102,-2.7827787,-0.11237843,-1.163243,0.018280499,0.8525855,-1.0835298,1.4106699,-0.5815496,-2.8781512,27.122128,-1.5023229,-0.056938875,-1.2140009,-0.29473868,2.2326245,-0.8234131,-0.35915938,-3.780891,-2.0007496,3.7136958,-2.9846375,-3.6982896,-5.2544866,-1.0081452,2.254661,9.268192,0.47382897,-3.1268032,-0.3377926,0.4652958,-1.7304535,-0.2566095,15.109555
3.157564,-0.6592096,-1.8523941,-2.947574,0.35272574,11.729305,10.836693,4.3234253,8.33696,-0.994435,0.6339437,0.016306413,-2.7556167,25.346952,3.9612362,-0.21490784,-1.4771811,-0.2795017,0.53415734,-1.7985165,23.932325,0.39807105,3.0623093,31.72711,-4.2615542,0.38610473,-0.31828874,-0.19282421,-0.6905948,-0.79625535,-0.95106566,-2.3126454,-1.0408698,4.449061,-2.9280186,-2.8129685,-4.8672714,-2.4137297,3.9748669,1.9750007,0.12950519,-4.220057,1.7607281,6.0978847,9.601493,0.07580737,11.773772
2.1307979,-0.26660424,-0.7263342,-2.7692144,0.40685028,8.172694,12.776462,-4.753502,-1.0660032,-0.99134034,0.31410033,0.13889036,-0.23811117,21.312973,0.3466443,0.14398313,-1.4364587,-0.1591527,0.36477464,-1.745477,23.92287,0.13087364,-3.3742242,22.537558,-2.6442075,0.2521098,-0.1861697,-0.33829895,1.229159,-0.63859946,-0.18036124,-5.2096076,-1.3497566,-1.4634229,-1.7633528,1.1661305,-5.90009,-0.93324685,4.7809687,4.1691575,0.1938323,-4.539765,0.49806958,5.2564898,5.4570107,0.29189163,10.28354
2.552,-0.41007155,-0.8822703,-1.1120024,-0.64999044,12.21761,17.846794,3.7663903,-4.3792176,0.107645735,0.52818656,0.4764219,-1.4671174,17.984505,-2.1061466,-0.33151603,-1.394151,-0.074550286,0.5832193,-1.7811038,4.930515,-0.47340208,-2.0673223,25.142658,-1.0877914,0.21977971,-0.9116332,-0.30390728,1.4142656,-1.0650921,-0.47079933,-3.879467,-3.446083,9.642571,-1.6555953,-2.8367782,-4.744489,-0.70440024,3.371299,7.717098,0.14033823,-4.132972,-0.049833514,4.8670526,8.037814,0.13802819,13.641191
2.8684938,-0.47074324,-0.50509495,-1.9943476,0.43565318,11.583998,10.771413,2.1864362,-2.108252,0.13086496,-0.79602563,0.395562,0.22386698,23.97747,-3.5368922,-0.47285068,-1.4357691,-0.05424907,1.5481831,-0.15123713,1.5404993,-0.41561985,-2.0199158,24.787773,-1.5690907,0.35784695,-0.92479026,0.03449964,-0.046275437,-0.91573346,-0.4024049,-4.051164,-1.7653102,3.7514052,-2.3495283,-2.9919107,-6.1813583,-0.6901775,5.4135942,3.0639274,0.01832003,-3.2114303,0.03383209,5.8709803,9.981717,0.15376016,13.469549
2.8782828,-0.44796023,-1.091509,-1.8714067,-0.0068593235,9.337641,13.41394,3.603493,-3.1884456,0.109807596,0.3461289,0.5617425,-0.69756454,24.145658,-0.37578976,-0.46108523,-1.4211414,0.09909386,0.56175154,-1.2008889,1.3224485,-0.5519669,-2.4796283,26.843578,-0.84710217,0.3088402,0.1070623,-0.18760067,2.7667515,-0.95353043,-0.36054784,-3.3259828,-1.1383821,2.9036152,-1.6954285,-2.6016223,-5.705206,-0.5515029,5.630474,5.0800653,0.6505107,-3.2409751,-0.13402654,3.2398276,7.9971695,0.08688867,14.290532
3.8640614,0.14700176,-3.049321,-5.597406,-0.059414983,11.179471,9.920038,3.169731,6.5543737,-1.1594096,0.72569907,-0.854437,-3.5424747,30.348646,-5.2643247,0.29197776,-0.91443896,-0.16843852,-0.68567806,0.3355682,23.724388,0.26675388,-3.9460716,31.770247,1.6452757,0.28184357,0.22257455,-0.23055027,-0.27986377,-1.1272072,-0.4078509,-2.4783466,-1.3973663,4.569805,-1.9126588,-2.2033958,-5.442202,0.4450834,4.0701876,2.4056098,1.5284319,-5.615741,1.6154382,5.006615,9.054152,-0.19422238,10.122703
2.1021886,-0.20436025,0.2218785,0.6637647,-1.1202652,5.0239367,0.7663871,-7.0074806,-9.951243,-0.80463934,-0.9187955,-0.0041154893,3.7037816,-15.601236,-1.3814948,1.1002913,0.042118218,0.59902734,-0.14319694,0.033730514,-3.5823133,0.52905524,-1.2988666,-19.353504,5.623199,0.19767663,-0.13430868,0.091198,0.04450135,-1.4358422,-0.1651416,0.16180791,2.1777682,1.7161366,-0.39040968,0.01925348,-7.277864,-0.14578709,-0.9795844,-4.067007,-0.11614829,-0.6232548,-0.4676061,-3.3247106,-9.97487,-1.1592124,-17.206915
2.0971057,-0.23094009,0.23234715,0.66819996,-1.1301541,4.964736,1.1470875,-6.900669,-9.673115,-0.8685026,-0.7162792,0.009765071,3.6845088,-16.713234,-1.4413242,1.1409869,0.043313038,0.55508995,-0.1343369,0.035095382,-3.6344004,0.41826198,-1.4014612,-19.384989,5.8635035,0.1983684,-0.1392385,-0.039067786,0.039347466,-0.67560625,-0.07457586,-0.24897382,1.9449095,1.6137701,-0.34306398,0.0135682495,-7.1288753,-0.34749764,-0.99065936,-4.048286,-0.16610639,-0.6620042,-0.3752397,-3.1846983,-9.790482,-1.1387498,-17.287062
2.099704,-0.21637577,0.24145442,0.66784346,-1.1299309,4.9605813,1.2087682,-6.9001546,-9.693961,-0.9645289,-0.71726805,0.010707813,3.684548,-16.791313,-1.4422721,1.1639469,0.041332424,0.5544049,-0.1346034,0.047342848,-3.653035,0.42258906,-1.4150487,-19.353636,5.865343,0.20156293,-0.14123201,-0.035915077,0.038894035,-0.677056,-0.07432914,-0.28118777,1.9109919,1.6321546,-0.32825267,0.013821551,-7.205173,-0.34791988,-0.70662385,-4.04374,-0.18168572,-0.6565994,-0.36029202,-3.1843853,-9.794571,-1.1390367,-17.315832
2.0193863,-0.07156993,0.29891753,0.6691018,-1.0697562,4.893819,1.0902622,-7.0079103,-10.29859,-0.97461,-0.7100615,0.01318672,3.7386487,-16.786865,-1.3913629,1.1201025,0.049742427,0.59119046,-0.14170568,0.06239632,-3.7156703,0.46431208,-1.294994,-19.279718,5.452375,0.19016528,-0.15040615,-0.052420218,0.4933945,-0.9551225,-0.114356175,-0.38325801,1.8661708,1.693724,-0.31053913,-0.004247238,-7.123033,-0.105745,-0.68468374,-4.112411,-0.449746,-0.25529188,-0.36779976,-3.236909,-9.936008,-1.1588569,-16.685232
1.9151292,-0.08134517,0.20841697,2.9413676,-1.1494312,5.11031,2.1839023,-6.7860346,-9.654937,-1.0655949,-0.72481847,-0.029142573,3.491256,-17.325281,-1.4561826,1.158752,0.11842734,0.5281377,-0.10880198,-0.031129826,-5.040517,0.39239427,-1.3781112,-19.569483,5.726842,0.16752484,-0.19539277,-0.21528071,-0.08243439,-0.65304875,-0.11717848,-0.27225035,1.9174664,1.5156914,-0.3577536,0.09461721,-8.083868,-0.32905424,-0.8532044,-4.029045,-0.06865765,-0.51206434,-0.3767143,-3.1788511,-9.914881,-1.1364219,-16.555277
1.4085689,-0.16101687,-0.6150188,0.22071896,-1.2777745,3.3069305,0.14760555,-8.3865595,-3.3195834,-0.5394384,-0.5461868,-0.047424726,2.324908,-14.526537,-1.7779608,0.45495245,0.20236619,0.40586877,-0.10365004,0.14444341,-4.227603,0.14480218,-1.2753683,-19.498491,-1.868765,-0.019132765,-0.68263453,-0.050174836,0.32842368,-0.5177636,0.005462942,-1.7330927,-1.4919235,-1.9578334,-1.6026238,-0.62722605,-5.855154,-0.3983016,-0.65262556,-4.051592,-0.43871835,-1.2528623,-0.26861495,-2.780839,-5.699222,-1.6144707,-14.034617
1.4121372,-0.17230308,-0.6587828,0.21448983,-1.2614971,3.1555247,0.020615704,-8.415643,-3.3160686,-0.5172262,-0.54992765,-0.04902676,2.3221357,-14.443639,-1.7438266,0.4351152,0.20334108,0.40553492,-0.110391244,0.12775895,-4.2383966,0.08606728,-1.2031236,-19.493464,-1.8989402,-0.079122655,-0.6777516,-0.05214748,0.33174923,-0.59273875,0.011869246,-1.4808502,-0.95247054,-1.9666861,-1.5711088,-0.63175625,-6.9310656,-0.39585665,-0.9927471,-4.101731,-0.42477348,-1.24626,-0.29989946,-2.2713768,-5.6812353,-1.6117469,-14.050847
2.097233,-0.21631588,0.24057582,0.66824615,-1.1302092,4.960518,1.172862,-6.8999887,-9.671325,-0.96331745,-0.7163823,0.009390872,3.6838384,-16.793371,-1.4422629,1.1651907,0.04190019,0.5549544,-0.13455725,0.05053565,-3.6344004,0.42204365,-1.4141912,-19.365755,5.8468976,0.19846429,-0.14119913,-0.035867207,0.039144572,-0.67631525,-0.074256584,-0.24859537,1.9126697,1.6140443,-0.34825155,0.014060534,-7.201098,-0.3480268,-0.7192991,-4.04472,-0.18272403,-0.66295904,-0.36567208,-3.183874,-9.790992,-1.1393399,-17.282032
1.1260173,-0.28218088,-0.09495982,0.17498614,-1.0160503,3.672799,0.08683929,-7.6561785,-6.729035,-1.0277516,-0.44717285,0.04334657,2.868773,-13.877877,-1.8470469,0.07462644,0.04004048,0.5693416,0.013788516,-0.6061408,-3.0342784,0.9345622,-1.7052372,-18.619713,3.813713,0.2078784,-0.3365983,-0.03214061,-0.046303242,-0.41378823,0.483697,-0.6454361,2.5948846,-0.7856748,-0.6450385,-0.23923945,-7.121119,-0.37651712,-0.8951339,-4.032531,-0.36304498,-1.3518194,-0.3487637,-2.437101,-7.7243123,-1.0291677,-14.92293
1.4506778,0.04678774,-2.3443487,-0.5598243,-0.7758957,2.6225305,-1.8310615,-6.605119,-6.999943,0.8302608,-1.1437217,0.403175,3.0871272,-6.9687376,-1.9869499,2.473184,0.55758834,0.62962705,-0.3850821,2.654948,1.9154315,0.2438823,0.870114,-14.001343,2.2142916,0.2693126,1.7922676,-0.0051164282,0.5390064,-0.79227674,-0.42876565,-0.08707299,-1.1108418,-1.3265457,-0.33850825,-0.09611276,-4.9845886,-0.47565687,-0.20257135,-3.1341374,6.2536716,-1.1009965,-0.048790574,-3.0312366,-2.7765095,-0.9528306,-11.546725
1.5264462,-0.24741288,1.0520278,0.036016125,-0.7573304,3.5637403,-0.90401554,-7.425304,-7.1699357,0.6348717,-0.5138996,0.0783645,3.1730165,-12.756232,-1.7882315,1.3153876,0.1666061,0.553683,-0.12306033,2.1177595,1.9749461,-0.7793862,0.54127604,-15.072896,2.096175,0.23381472,-0.59693885,-0.05749677,0.28474155,-0.76861715,-0.25914288,-0.4943722,1.9206585,-1.105988,-0.82292527,-0.030803736,-7.2273326,-0.452641,-0.699101,-3.654587,5.796836,-1.5040573,-0.33248726,-2.2041483,-3.0868473,-0.8479584,-13.028099
1.5624052,-0.26933882,1.2041262,-0.35263437,-0.65932536,3.2493072,-1.8168097,-4.5763626,-8.027558,1.1341166,-0.26414344,0.46957764,0.71657026,-10.432916,-1.790158,0.86186993,0.16326934,1.130434,-0.1737671,1.8256099,2.7167516,-0.31397712,0.87703,-15.293162,1.4098711,0.28774458,1.383551,0.002981786,0.44523284,-0.75545067,-0.14572982,-0.37693867,-1.0819135,0.12218393,-1.0446328,0.06438989,-5.3249164,-0.486697,-0.6102446,-2.671288,2.0918214,-1.277926,-0.19868311,-2.9964118,-1.9094206,-0.8587324,-11.849635
1.3904935,-0.06769678,1.4711542,0.10238473,-0.7385946,2.5015898,-0.9770924,-7.183943,-6.8679214,0.7961032,-0.9972565,0.12011788,4.675736,-7.9118733,-1.6532665,1.6710321,0.23730198,1.1258082,-0.29740864,0.6716863,2.608747,-0.41354138,0.57664883,-16.3266,0.6634143,0.2873275,1.1449457,-0.039517865,0.38841686,-0.62314355,-0.27592432,-0.27743542,-0.7446259,-0.48515853,-0.870531,-0.47165385,-5.347148,-0.7151733,-0.6804891,-2.7048182,6.7889767,-1.1264244,-0.18651687,-2.0170784,-2.5748158,-0.83895886,-10.93768
1.1698124,-0.14787221,0.81591153,-0.038466573,-0.33964163,2.2320588,-1.8087785,-4.659137,-7.6467032,0.8864818,-0.9336999,0.17352372,5.832382,-5.394053,-1.5273678,1.6553843,0.25855076,1.0983214,-0.12786756,1.085758,4.4268656,0.07911846,0.38718414,-15.0391655,1.8402545,0.17561336,-0.48627892,-0.034076106,0.06496927,-0.5361358,-0.25277415,-1.1657423,-1.2800173,-0.63598573,-0.90087044,0.9752377,-2.290699,-0.12515062,-0.58509386,-1.4782252,6.7010093,-1.2794474,-0.25980172,-2.3274162,-3.7538357,-0.88788533,-9.936217
1.5759741,-0.008555701,0.7184982,0.056979984,-0.80413765,4.1745644,-1.4896684,-4.5496616,-6.6171327,0.6279618,-0.64025134,0.5316523,2.0148404,-11.392857,-1.8664969,1.105171,-0.08934635,1.1472243,0.0033645877,0.006699364,-3.7517767,0.4624304,0.44586197,-16.570604,-0.8894166,0.35226133,2.467556,-0.036359347,0.07916176,-0.47838774,-0.19423518,-1.0970471,-1.2061924,-0.04080802,-0.14298229,-0.3114611,-1.9713379,-0.44374081,-0.55847895,-1.909916,2.1024697,-1.3368667,-0.1687543,-1.7762357,-2.5353336,-0.797225,-11.26424
1.6587638,-0.10048859,0.9732062,0.06765078,-1.2599405,4.309846,0.021986734,-4.082428,-6.426507,0.62698376,-0.561616,0.3172042,3.3871076,-12.058829,-1.3941762,1.0464356,0.26333338,1.2370939,-0.09550504,0.41926095,-3.3562331,0.68125165,0.8758375,-16.174135,0.6139006,0.3626735,3.1548054,-0.038507022,0.05849462,-0.35436517,-0.1704289,-0.667484,0.69158936,-1.245854,-0.012847244,-0.11917956,-1.0227056,0.1259504,-0.4710335,-1.737163,2.2988577,-1.2846874,-0.058493093,-1.7705232,-3.0671585,-0.8626153,-12.044669
1.9999149,-0.07632196,0.36597174,-0.025850493,-0.2059735,4.128868,-3.865314,-8.028608,-10.375381,0.5392618,-0.25365716,0.3811439,3.6833453,-14.729531,-1.1972773,1.536572,0.22655267,1.1611153,0.011571714,1.8316184,-3.3426735,0.0998185,0.5230677,-17.56379,-0.36742,0.4243319,3.1196964,0.017740952,0.27149162,-0.1893984,-0.11876951,-1.0913541,-1.3589034,-0.13355902,0.1889184,1.0641732,12.393299,0.31087774,-0.32022172,-1.7853981,3.744788,-1.5503018,-0.123999655,-3.457162,-1.5876769,-2.2193887,-11.211474
1.6613455,-0.27151063,0.7698795,0.8019324,-1.0493888,5.095725,-0.28354466,-2.4017477,-8.3738575,0.31502837,-0.43139222,-0.08969313,3.44485,-15.242428,-2.0225232,3.803534,-1.2918172,0.74924535,1.4847835,1.8279849,-2.6575482,-0.6727354,0.33496425,-18.542654,-0.6135875,0.2827853,2.3782296,0.30779755,0.45793554,-1.2608687,-0.020637503,-0.6026564,2.6196291,10.1219845,0.6178915,0.4704782,-0.8709126,-0.12656699,-1.6800762,-9.022675,3.4157424,-0.9539147,2.2173789,-1.592276,-3.5187633,-1.1115358,-15.832697
1.4569563,-0.38236517,-1.14957,0.7333352,-0.8635784,2.9522233,-0.61357653,-4.3242807,-8.226028,-0.87761307,-0.34010342,-0.10457084,3.9310617,-13.831069,-1.8105825,2.9075503,0.05329497,1.1601201,-0.35425863,0.8762979,-2.2770824,-0.4806381,-0.945927,-17.413355,-0.9991121,0.35921705,2.417469,-0.10103188,0.32715803,-1.0303844,-0.17164628,-0.42724684,2.866376,1.304257,-0.4492112,0.4350954,-0.53870374,-0.39239582,-1.2245467,-3.8735895,7.7723823,-0.63544124,-0.29158413,-1.8633258,-3.4743931,-0.9205243,-11.5917
0.5188097,-0.33506456,6.3262563,-1.592288,3.1791136,5.661896,2.950639,38.863033,5.7168393,-1.0219561,0.7653673,-0.94840145,8.713077,43.346645,9.13898,0.12888576,-0.7107343,-0.29625398,-0.31201953,1.1883419,20.384474,2.5306208,11.649777,51.959503,1.3214647,-0.5348415,-0.6722351,-0.041601315,-0.044171605,-2.443106,-0.4994678,-0.48774862,-0.9931357,-0.932114,0.23292543,-1.4731607,24.19306,2.8871644,11.8367815,4.948505,-1.3952696,7.284492,-0.20349559,-0.8779118,9.4776325,-0.23997493,20.754467
-0.018588727,-0.48863652,6.1539373,-0.28207675,2.8958015,-1.9753641,-4.8198547,46.474125,27.221462,-0.5981774,0.5645011,-1.0372854,6.1864095,43.61768,11.455295,0.5962732,-0.9106853,-0.05610353,0.6957328,1.5139389,20.069414,-0.22410552,9.920034,48.26635,-2.9680607,-0.6458763,-0.58011377,0.022216989,0.3232413,-2.3841407,-0.35612994,0.28026018,-1.0400162,-0.9720358,1.7399995,-1.222903,24.420723,1.5353268,12.165816,3.3410375,-0.9504859,5.707571,1.1097401,-1.4079213,5.5017633,0.18707857,21.511377
2.2322786,-0.5010515,-1.0869515,-1.8501021,-0.18075849,8.583122,12.245773,0.51293486,-4.580137,-1.6883384,0.18398976,0.00900703,-0.31757906,25.809326,-0.71631145,-0.411019,-1.071581,-0.014041089,0.091373295,-1.7094692,20.763472,0.50330544,-3.8128684,26.907724,-1.8695196,0.24750979,-0.4245718,-0.16365784,-0.46428674,-0.7389074,0.24204955,-3.2533855,-1.594307,-0.6618431,-2.5526829,2.1971042,-5.9805126,-0.5973787,0.7330467,2.7268462,0.6937028,-4.5346637,-0.4668367,4.124112,8.306758,-0.24224539,8.25176
2.1367068,-0.14153999,-0.816784,-1.5385649,-0.34728494,11.883022,17.438906,1.11726,-4.4740696,-1.0612421,0.35567433,0.009675593,-0.42941874,25.39502,-0.03857364,-0.28019905,-1.4003726,-0.0759422,-0.005821558,-1.7271181,21.94539,0.35638112,-3.3530793,23.756264,-2.0421097,0.26920012,-0.4194376,-0.1146271,-0.21051405,-0.6286289,-0.12622342,-3.0610127,-1.5030774,-0.65139353,-2.289154,0.544457,-4.7164807,-0.93900985,1.282658,4.7718253,0.22791351,-4.553091,0.020463835,2.8026679,6.0122623,0.14121069,7.788286
2.345399,-0.08902687,-0.90128493,-2.0374784,-0.03161161,11.513181,15.928794,-0.035914015,-3.419412,-1.0048255,0.31551152,0.13263418,-0.3619627,25.451275,-0.013672686,-0.21418011,-1.3671676,-0.07731939,0.24529895,-1.7066592,21.924044,0.24133365,-3.3284132,24.608662,-2.2627065,0.17558984,-0.60333866,-0.31374976,-0.33549842,-0.4699943,-0.26409283,-3.2032895,-1.5229234,-0.69432163,-1.9321064,-1.3419521,-5.023002,-0.7317544,1.5959322,4.716614,0.11713622,-3.9958942,-0.18448831,2.9200184,5.666097,0.12418969,6.242614
2.3380902,-0.7271059,-1.4301301,-2.1181104,0.4139617,11.537198,9.691503,4.372932,7.349229,-1.0712233,-0.00669304,-0.7575625,-1.2486358,21.769552,3.1548555,-0.36478773,-1.4327986,-0.15256156,0.5452766,-1.6796199,23.886734,0.18047181,2.7820516,34.135155,-3.4291613,-1.0661463,-0.29158723,0.008532955,-0.6266934,-0.44493327,0.23971356,-2.262953,-1.114346,-2.9828637,-2.4369962,-2.661408,-1.8280101,-2.1575937,4.353289,2.0625348,-0.5211098,-3.9701364,0.13060375,5.6968493,10.325519,-0.15369047,11.068738
4.188793,-0.49317718,-2.115648,-1.8804309,0.37507495,12.244878,11.506483,3.3565755,-1.8876534,0.1913172,0.39416176,0.44675136,-0.6579168,24.080544,-4.179829,-0.3190783,-1.4035925,-0.05516673,1.0723332,-1.3524176,1.38925,-0.38737428,-1.7838142,25.595686,-1.1626776,0.34979025,-0.898962,-0.14422993,1.4395181,-0.8550814,-0.05143156,-4.2757845,-2.37488,3.8521261,-2.950572,-3.128445,-6.639123,-0.80388486,3.088107,3.7557445,0.55833405,-3.3607192,-0.065238915,5.896594,9.849266,-0.0853994,13.32508
5.985628,-0.31094986,-2.368315,0.805036,-1.3030373,15.637086,18.81122,2.3895373,-1.410641,0.3042319,-0.9084899,-0.90405226,-2.1877968,10.237427,-1.7817117,0.29623315,-0.5677816,0.011142575,0.6660891,7.381518,0.4003976,1.6490965,-3.3214023,21.43541,14.530238,-0.35047746,-0.86246616,-0.18927227,0.9081889,-1.6300893,-0.17063984,-4.070205,0.8226895,15.483988,-2.1135235,5.594773,-8.324488,-0.89412194,2.7177517,8.099197,1.5783277,-5.1587043,0.039630607,5.7503057,10.303493,-0.047986414,13.086465
3.485482,-0.54362875,-0.6984166,-1.7768185,-0.08144328,11.674056,11.661497,1.607792,-1.6954825,-0.94742507,0.6771588,0.21271181,-0.6160695,23.106995,4.760678,-0.9696878,-1.4050498,-0.12183047,-0.49054635,-3.5408425,0.32140508,-0.5311466,-2.843365,25.506538,1.2077467,0.50515044,-0.113048226,-0.07881555,-0.15906857,-2.1327136,0.0852094,-3.9778426,-2.0007102,4.123352,-1.6547148,-2.9012306,-7.2169023,-1.3471075,2.881112,5.2009783,0.6522947,-4.6841173,-0.15959516,5.8981304,9.202857,-0.38702315,14.266803
1.4082409,-0.14575131,-0.5980439,0.20832294,-1.2797602,3.1549003,0.051986475,-7.6379128,-3.3744931,-0.5874023,-0.5489842,-0.055444125,2.3181612,-14.550044,-1.7558013,0.46615377,0.17193359,0.41257814,-0.11706269,0.14504795,-4.251063,0.07804629,-1.6178246,-19.499496,-1.9141707,-0.0745195,-0.6818297,-0.048680954,-0.077426426,-0.6756738,-0.12376838,-1.476585,-0.95007217,-1.9410881,-1.2640462,-0.6153249,-6.941916,-0.4153415,-0.69197786,-4.044507,-0.4407542,-1.2469813,-0.27826455,-2.2670507,-5.6883287,-1.6139119,-13.994584
1.1001046,-0.060347877,-0.9430069,0.42122614,-1.2715448,3.9467995,0.4312044,-7.0084167,-7.425437,0.6983747,-0.41178524,0.38700968,2.7248785,-15.819177,-1.647027,0.9650466,0.3935611,0.63173205,0.17156442,0.24385563,-2.6103454,-0.80499005,-1.6000828,-18.894089,-1.4325298,0.027049027,-0.4885189,-0.056259315,-0.05013029,-0.4672713,-0.18691882,-1.8364434,-1.2293553,-4.059706,-0.5679871,-0.23570529,-3.6331186,-0.5974349,-1.0194817,-2.500854,-0.32420275,-1.0440851,-0.07276174,-2.1614053,-6.2667513,-1.0993361,-15.095142
1.9562205,0.5563303,-0.014341744,0.11010762,-0.5187252,9.341848,5.951639,-8.839784,-9.089088,0.40283662,0.2155814,0.26882336,2.7878504,-12.412035,-1.623701,1.0851963,0.3361162,0.30540612,0.14289132,0.37971264,-5.211959,-0.9444475,-1.0505296,-18.814037,-1.418433,-0.34480077,-0.70866144,-0.116698965,0.8446204,-1.492265,-0.16606158,-1.9326556,-1.3551434,-4.4397426,0.17602405,-0.20956478,-3.889917,-0.6619274,-0.6831685,-2.1262903,-0.7918805,-0.54956293,0.021530317,-2.1018717,-4.564329,-0.8643288,-15.254673
0.73861504,-0.39344466,-0.4828232,0.31315646,-1.2870513,4.4643645,5.490763,-7.7115283,-8.281936,-0.676556,-0.4414361,-0.151436,2.5654404,-14.11929,-2.1241302,0.15506901,-0.12975621,0.5094879,0.12889874,-0.36415553,2.581341,-1.993206,-1.524068,-18.351948,4.934975,0.22739321,-0.32513526,-0.1357029,-0.2584566,-0.7596125,0.069277406,-0.35257667,2.2381868,-0.64181215,-1.4385042,0.05597271,-7.85401,-0.4827622,-1.372811,-4.858115,-0.41806087,-1.4335936,-0.48181134,-3.9077156,-6.80076,-1.064843,-17.328276
2.1280227,-0.20316865,0.18751915,0.38966748,-0.96917385,5.1851377,4.1568546,-7.1532474,-10.081254,-0.91901636,-1.3412555,0.093573056,3.3966415,-17.175524,-1.3417002,1.151231,0.11423496,0.58294094,-0.15401618,0.6331553,-4.522695,0.038782854,-1.2027453,-18.835651,5.5529222,0.26709348,0.57211274,-0.021503102,0.19406018,-0.89160097,-0.050712153,-0.24731709,1.9803761,1.8986508,-0.2808137,-0.3522919,-8.247708,-0.34625036,-0.80790514,-4.69207,-0.15454225,-0.6112422,-0.3778902,-3.0925174,-10.325178,-1.3188621,-16.96326
1.027246,-0.28132272,0.32227957,0.19263822,-1.0283836,4.3361826,0.60926354,-7.4398327,-7.268174,-0.700894,-0.48599845,0.120066226,2.9401433,-14.332778,-1.8309243,1.0926079,-0.0051556807,0.58291876,0.08630109,-0.31683376,-3.1103747,0.41044912,-1.4594393,-19.003836,3.609712,0.18579865,0.59999377,-0.050046295,0.08095327,-0.35944223,0.17251325,-0.02258757,2.3071043,-0.63825125,-0.5604782,-0.19005789,-7.486691,-0.27865875,-1.1699058,-4.2204995,-0.14849901,-1.3030399,-0.4073617,-3.0684485,-8.371297,-1.7383498,-16.556593
2.2240787,-0.22539976,0.25464508,1.719793,-1.0905776,5.1995087,1.6760867,-6.957839,-10.026667,-0.83857965,-0.9546205,0.054529328,3.2977574,-16.820515,-1.3996935,1.3420907,0.09602095,0.5910443,-0.24891822,0.41729265,-5.023414,0.30257645,-1.299525,-19.161766,5.5746493,0.26121476,0.31184757,0.02972092,0.32379824,-0.43973392,-0.022637907,-0.018203944,2.3540752,1.6109966,-0.14912297,-0.29459164,-7.9723554,-0.38296428,-0.73315245,-4.029965,-0.5541851,-0.71047485,-0.40040419,-3.2802598,-9.21403,-1.1510878,-17.010103
1.3643131,0.10102909,5.4626817e-05,0.41535777,-0.955534,2.7558491,-2.5293822,-6.9471107,-6.365234,-0.9090522,-0.17491488,0.046143997,2.4031396,-13.135201,-2.211032,0.111700185,-0.19670205,0.40520823,-0.032215953,-0.22700866,-2.5382347,0.94066495,-1.6566551,-19.134186,-0.8856955,0.018176755,-0.5041059,-0.3338184,0.013457172,-0.05099918,0.18139297,-0.43117237,2.859918,-1.81567,-0.38582543,-0.1681571,-6.8244762,-0.03751776,-1.2645295,-3.6341276,-0.69016427,-0.94980764,-0.4308735,-2.418961,-4.662775,-0.29011086,-13.068348
1.2039216,-0.34937868,-0.10583936,0.44114634,-0.8545073,3.4753206,-1.8151995,-7.5370703,-6.992127,-0.6259332,-1.0261854,0.20898876,2.788047,-12.895863,-2.051125,0.02959917,0.07326677,0.65143764,0.03849154,-0.4805817,-2.6787856,0.5003903,-1.581814,-18.524067,4.3765492,0.2983307,-0.38595816,-0.006173833,-0.14563204,0.12757047,0.20215349,-0.6442617,2.1012506,-0.71215606,-1.1037757,-0.44938004,-6.614741,-0.35155547,-1.1369915,-3.4614282,-0.41009477,-1.3815744,-0.5094907,-2.1989956,-6.230264,-1.2047836,-15.819231
2.2460527,-0.030104943,0.24957252,2.303199,-1.1749218,7.3247643,2.8246405,-6.2732544,-11.93674,-0.3285225,-0.8538184,0.00024815908,3.5150905,-17.269129,-1.260161,1.1696376,-0.03334165,0.61188847,-0.07876381,0.9289525,-5.1784725,0.08662209,-0.9220985,-19.488667,5.339333,0.22183962,0.48110592,-0.08031775,0.30352852,-0.84346145,-0.06304097,-0.38057336,1.9729518,1.4064394,0.26521838,0.1254442,-9.174511,-0.4259995,-1.2495909,-4.6731634,-0.224367,-0.24714337,-0.49076968,-3.491742,-9.306516,-1.0414551,-18.930225
1.1036597,-0.27167588,-2.2090387,0.47592485,-0.63110393,2.559874,-1.7078645,-8.111639,-7.2513676,-1.0074489,-0.9214227,0.22049211,1.0665051,-4.6178384,-2.3031821,-0.9226317,0.22707208,0.110846676,0.14149907,-0.16676381,-1.5535941,0.67287445,-2.0052977,-17.076498,4.4744186,-0.07197214,-0.36219373,-0.8483588,-1.01059,-0.18582481,0.23864505,-0.56068134,1.6183572,-0.5019252,-1.7368637,-0.47060898,-8.147281,-0.034819614,6.406818,-4.093225,-0.934181,-0.9122779,-2.8456392,-4.2652006,-8.155664,-2.946666,-14.485178
1.1763542,-0.31557563,0.4975745,0.114773534,-1.4908463,2.8510501,0.31517246,-8.063645,-2.3828886,-1.0891395,-0.49738693,-0.2818573,0.8450504,-13.782909,-1.336724,-0.8506627,0.01753327,0.5893999,0.026102422,-1.9259468,-3.2566652,0.6300721,-1.7178704,-16.770748,7.3864894,0.25847694,-0.4685559,-0.019352343,-4.9892983,-0.30994484,-0.16344528,-0.5286966,1.881263,-0.5080785,-1.5478594,-0.3833546,-5.353583,-0.17329127,-0.8690902,-2.1385665,-0.61177534,-1.2891424,0.008193964,-2.540914,-8.747942,-1.3126893,-15.575325
0.87686205,-0.3594461,0.044761598,6.5513973,-1.3457289,7.2970166,3.1529894,-7.402793,-9.115052,-0.8853201,-0.91255707,0.095584475,2.2150257,-13.165587,-1.3595527,0.07113301,0.012262364,0.6021113,0.15671082,-0.23356071,-4.9297624,0.28926957,-1.5952134,-17.98659,4.4699078,0.3107214,0.3038498,-0.15203272,-0.5232224,-0.22342046,0.216248,0.14233762,1.5416577,-2.7690425,-0.18086626,0.08063922,-8.395873,0.5156018,-1.2610623,0.7086758,-0.5019161,-1.0754491,-0.21656609,-3.8578732,-5.9906793,-0.7994164,-18.638647
1.9888185,-0.23061857,0.16047911,0.42288902,-1.0455905,5.5152445,3.4624467,-7.7552714,-10.358365,-0.80000657,-1.9174786,0.09438423,2.1204307,-16.79823,-1.589069,1.1652182,0.06290873,0.70123,-0.15562817,0.34206626,-4.6738877,0.4795434,-1.1389673,-18.901022,5.2201014,0.23008277,-0.21034063,0.0059560933,-0.30182424,-0.79248786,-0.09322386,0.30891034,2.0288215,1.8524923,-0.27061206,0.12293108,-8.137795,-0.3430631,-1.0441078,-4.356999,3.0429864,-0.6308391,-0.39867952,-3.2011118,-8.908382,-1.3190624,-16.70833
1.9677602,-0.24512817,0.039595883,1.1504332,-1.1092361,4.8914604,1.2442827,-6.9660883,-10.822091,0.10527803,-1.4248223,0.03959706,3.295735,-17.72145,-1.3117355,1.1004045,0.016339364,0.5465234,0.15552849,0.74516237,-3.5178337,-0.06499179,-1.2422035,-19.146776,4.9993324,0.22598553,0.7128502,-0.048286464,0.4413459,-0.9833706,-0.104689665,0.029282812,2.1001823,2.0790021,-0.4885663,0.116587,-7.2138953,-0.31831357,-1.1347684,-3.8020265,-0.24997905,-0.32140538,-0.44268715,-3.8821933,-9.914125,-1.1552294,-16.749628
1.1395864,-0.32744527,0.20511684,0.4918891,-1.1208888,4.0821776,1.8835758,-7.120567,-9.182882,-0.72217125,-0.73975486,-0.043029245,3.999285,-15.663261,-1.519401,1.0872731,0.042082828,0.3999593,0.13027745,0.6483759,-4.8075724,-0.61727345,-0.89637345,-18.98332,3.3354766,0.26183042,-0.37142476,-0.011028209,0.23116906,-0.8141126,-0.2683366,0.27973142,2.2244103,0.7393174,-0.6691064,-0.11622664,-7.3126893,-0.2684195,-1.183344,-4.3709483,4.801442,-0.7947782,-0.49525473,-3.0901814,-7.369318,-1.1006169,-16.271301
0.94730014,-0.29445928,0.14335683,2.144591,-1.1637609,4.6644464,1.6173452,-6.6698403,-9.833495,-0.88076603,-1.1300117,0.04578661,2.3290884,-17.15261,-1.4158505,0.6619891,0.0025389362,0.43082592,-0.11959608,1.7950438,-5.2316785,0.01822244,-1.118384,-19.7514,4.324998,0.24923049,0.71062434,0.046374485,-0.007010224,-0.98080206,-0.1418664,0.17838779,2.1499486,1.780694,-0.48198688,-0.051234584,-8.177435,-0.059610862,-1.0682043,-3.9633534,2.963545,-0.67404854,-0.47983688,-3.4938278,-8.327776,-1.0566676,-17.590935
1.9430356,-0.25005156,0.21314058,1.9292362,-1.1976616,5.202014,3.0567157,-6.680401,-10.913105,-0.8710958,-0.17142572,0.06809917,3.4069753,-17.349773,-1.5808164,0.63887274,0.08031559,0.5159391,-0.2501954,1.7342204,-4.8003035,0.65040976,-1.3303133,-19.704967,5.2230473,0.26326218,0.5574579,-0.1870916,0.4673345,-0.9613108,-0.1312324,-0.38020566,2.085799,2.013007,-0.3730947,-0.04069103,-8.729495,-0.27977094,-0.99401075,-5.140071,-0.38395756,-0.27119052,-0.48689595,-3.1867237,-9.661089,-1.1232057,-16.872849
1.2669276,-0.09183053,0.3943792,0.35278302,-0.97170895,4.0253015,0.96796906,-7.2885437,-7.439678,-0.7274618,-0.35930297,0.042069525,2.6296446,-13.085559,-1.594954,0.10038976,0.16690332,0.5954885,-0.2669125,-0.3950005,-2.9232821,1.054705,-1.2556014,-18.96975,3.6901076,0.069777675,-0.5788264,-0.011560605,0.23375604,-0.8326488,-0.05260829,-0.7562131,2.2621064,-2.769395,-0.5598446,-0.14150107,-6.9274454,-0.07495393,-0.99321485,-4.1438737,-0.5824372,-1.3086354,-0.2908152,-3.0403287,-6.9847445,-1.1649857,-15.702316
1.8765846,0.17496465,0.38964787,1.9663112,-1.2170895,5.514821,1.3948481,-8.0404,-10.59885,-0.21399209,-1.1691767,0.022642307,3.4159932,-16.529615,-1.423284,0.25199017,0.082250044,0.588748,-0.08522498,1.5731969,-5.1201153,0.750314,-0.8426156,-19.396057,5.200338,0.1830178,-0.24697506,-0.15069166,0.09056204,-1.5791788,-0.15111853,-0.35773614,1.899459,1.6508905,-0.23484638,0.022653231,-7.5886106,-0.22750215,-1.200604,-3.7170184,-0.24570167,-0.22780117,-0.5561868,-3.6822429,-8.774302,-1.1624134,-16.576487
1.9387349,-0.1992716,0.5068631,2.309789,-1.1192437,5.9282994,2.604531,-6.741717,-11.06819,0.062120147,-1.4851308,0.09263779,3.3095605,-17.519615,-1.3866318,1.1078321,0.09740123,0.6143998,-0.12838158,0.3439158,-4.658181,0.58735806,-0.7153244,-19.548098,4.6790247,0.17277373,-0.3400245,-0.18103464,0.36544928,-1.4495407,-0.007931941,-0.010842098,2.121599,0.97011286,-0.0831216,0.5119495,-8.934201,-0.25560802,-1.4100093,-4.766613,-0.26652426,-0.3451078,-0.50344634,-2.2366593,-9.301166,-1.1263853,-16.763332
1.6406001,-0.18509798,-1.482684,0.45632717,-0.43550006,6.0287166,-1.9701608,-6.8293066,-6.6076417,-1.0438597,-0.8677581,0.14750616,3.714255,-8.304203,-1.878475,1.2442951,0.36980632,0.32971558,0.076116085,-0.046991237,-1.6933385,0.6333754,-1.6610665,-16.881598,-0.4343216,0.6130486,-0.45158625,0.050004862,-0.21643656,-0.5808445,-0.114765175,1.6283013,1.855436,-5.247674,-0.74186224,-0.18705739,-11.837239,-0.3673815,-1.137346,-3.763774,-0.41406345,-1.5228295,-0.44066384,6.9799237,-4.660303,-0.32865265,-15.44302
-2.5832448,-0.24538682,0.5003895,-0.89562255,1.1945702,-6.19848,-0.7929708,18.831053,35.66298,0.1139729,0.9086226,-1.0958798,1.461433,35.672253,12.4001,3.4301224,3.04297,-0.90302813,-0.43171024,4.5111732,20.824072,-0.26179966,12.004357,39.70489,-9.5736685,-0.40475985,0.60943466,0.49520785,-0.6802162,4.269892,0.08974086,2.3645418,-1.1034957,-6.3031826,-0.20522295,-3.3091543,21.239758,-0.31840473,3.7241848,14.616648,-0.3529787,4.337672,1.72922,-0.1756649,7.99607,-0.47193787,21.359396
3.987803,-0.41213042,-0.8012346,-2.1387968,-0.47931978,17.03591,11.419406,7.164012,12.560684,-0.47455972,0.8738815,0.42217305,-1.2044019,26.26197,8.379829,0.50393397,2.3950255,-0.19347934,-0.14005527,-1.2664589,22.937492,-0.1841872,20.809269,40.91445,0.80792576,0.065388605,0.1662932,0.13835092,0.3323786,-0.3956768,0.28305683,-0.2552386,-0.7127005,-4.3481236,3.4890757,-4.35624,19.467422,1.3979837,1.7573482,5.435187,0.1886085,7.36611,1.6750399,2.7769718,11.9808855,0.32114777,20.971773
4.655393,-0.18879308,-0.44744197,-2.1995003,0.038166445,14.74998,5.940898,15.753534,12.2906,-0.33339408,0.73383945,1.5066936,-0.63714224,31.391638,8.066946,0.6367323,2.5808752,-0.10242922,0.44222385,-0.97202176,4.2321577,0.48616764,23.094328,50.27288,1.1920044,0.35401264,0.1463711,-0.27091047,0.45073268,0.2452694,0.5853914,-1.7959026,-0.345806,-1.9037263,3.0086052,-3.0711727,23.826824,-0.5397493,-1.9677414,3.61359,0.47243097,5.502361,1.6680312,2.8536851,12.463461,0.579303,17.940498
4.4343133,0.09431234,-0.66964513,-1.7511978,0.22183664,16.134163,9.190899,9.945162,10.879125,-0.6844133,0.6405478,0.9462782,-1.23865,26.481623,6.462415,0.7177685,1.0963912,-0.20356753,-0.027853366,0.03386964,21.904501,-0.022039477,22.184338,42.444893,-0.94249463,-0.069953,0.66652626,-0.3291063,-0.20708327,-0.40269652,0.38339445,7.0512033,-0.22965346,-6.238058,3.3923476,-3.5448818,21.691122,-0.316806,-1.3555015,6.5652404,0.50866634,2.21329,1.0216547,2.320619,11.358961,1.4008298,22.71567
6.631783,0.45726353,1.6421335,-0.67501897,0.622567,-9.7119665,-6.1818795,18.506691,7.0321746,0.3841685,0.9742166,0.1295256,-0.72820854,32.473297,11.37815,1.4626703,0.2376443,0.04538631,0.006267636,0.75528914,22.20336,0.5264441,21.222263,47.400818,0.21190892,-0.08959038,1.9417918,0.09518608,-0.3182255,10.476538,0.32198748,5.288358,-0.5634881,-6.612421,3.1766782,-2.5185783,18.039484,1.5236918,1.7441792,10.86676,0.5412067,-0.696669,2.5420592,1.3619705,8.989475,1.1889129,22.275665
4.359458,0.09767114,1.3510127,-3.7360396,0.7383833,6.06303,7.4104195,13.596041,12.960524,-0.5128364,0.61833704,-0.7084884,-1.9632981,28.065702,9.977121,1.2772857,0.6907209,0.16525799,-0.3639699,0.95620525,21.138649,0.03971717,20.91824,48.53982,-1.8606932,-0.11759137,0.5383366,-0.21758926,0.07709282,6.1524897,0.21736869,5.027307,-1.2760205,-5.960686,1.2833004,-3.153361,23.474174,-0.6528214,0.76142335,3.2526248,0.2685231,5.032655,1.8037281,0.50480735,10.196755,0.5812962,19.475246
4.510533,-0.40540606,1.0259482,-2.6352687,0.29524007,6.73837,0.3849121,16.536722,8.742686,-0.18841895,0.82759744,0.04512363,-1.8809924,31.080305,11.306338,1.1052135,2.6796582,-0.4821295,0.0889497,1.0210804,21.856627,-0.15906627,23.334461,47.015244,-2.5555925,-0.06718372,0.65227544,-0.09576241,-0.17653231,7.6360974,-0.0914909,3.8323596,-1.0225273,-7.9888372,0.66708493,-3.1817634,21.18337,1.3886724,1.368647,7.7885475,-0.19431774,2.862455,1.771354,0.7564731,10.817532,0.17171626,18.956717
3.8947759,-0.33635652,-0.5186105,-3.0057857,-0.94432676,8.444095,2.4210093,19.054419,31.80132,-0.27111506,0.83087224,-0.73418415,-0.77271634,31.654613,7.5662494,1.1770889,-0.62011915,-0.6211317,-0.36458188,1.1384072,19.845112,-0.3019428,16.238043,42.274376,0.20012407,-0.44377926,0.25721425,-0.14681786,-0.39996424,0.3739465,0.27137104,6.6104827,-0.8726889,-6.0757313,1.5047609,-3.6167507,21.002455,1.3979424,4.5314727,5.632711,-0.15552528,-2.1756012,-1.5429265,1.5124586,7.383605,-0.73220754,22.975668
-1.8281238,-0.35010034,-1.4919727,-0.049224872,-0.46215567,-1.9309261,-4.1638846,-6.024552,-0.47343862,-0.6713566,1.4560691,1.0593292,0.83033854,-11.008092,-0.9659884,0.2660677,0.11948405,0.10068629,0.42880982,-0.5483822,2.6128635,0.2589195,1.0098916,-15.290239,-1.3328604,-0.11053491,0.013018366,-0.044628356,-0.44338712,-0.23991127,0.31171653,-0.09795276,-1.2800198,-2.9550123,1.4463466,-0.1086331,-4.395859,-1.2273239,-0.16114797,8.219442,-0.53915584,-1.3649648,0.084224045,-0.23069145,0.07862703,-0.018791832,-1.5700433
-2.7716417,-0.3570626,-1.4914263,0.016389726,-0.43813905,-4.540528,-4.5538564,-6.3904977,0.7277705,-0.7654941,1.4869884,0.68696135,1.4923805,-11.383324,-1.0665858,0.27650547,0.107614465,0.08657204,0.43680438,-0.43827254,2.600152,0.28684482,1.2411704,-13.390591,-1.2577866,-0.07431021,-0.020713553,-0.046655264,-0.43634185,-0.25509864,0.19492632,-0.124660686,-1.2932054,-3.7752182,1.4349623,-0.09558738,-3.822596,-1.3107339,-0.9538523,8.741111,-0.46083844,-1.0118709,0.027470035,-0.15820768,0.40958863,-0.03880536,-1.98602
-2.1386907,-0.40794706,-1.5350347,-0.37934935,-0.47374436,-2.1683085,-4.586518,-7.486768,1.42195,-0.802269,1.5122931,0.6072734,1.5246197,-11.417309,-1.0626554,0.27110645,0.06937634,0.091998905,0.42974615,-0.5333613,2.7312415,0.30219436,0.58168817,-15.328276,-1.5015756,-0.07997846,0.036221735,-0.110225044,-0.48594254,-0.32120168,-0.03977439,0.015874635,-1.3052294,-1.9127483,1.6787022,-0.28784922,-5.1448307,-1.1907735,-0.3893603,8.086876,-0.4352629,-1.345771,0.07067905,-0.21170874,0.324705,-0.01762365,-0.99548835
-7.443896,4.156937,-1.5401388,-3.5305014,-0.335447,-6.2979035,-7.8028145,-4.8333225,-1.1958578,-2.1484997,0.8285745,1.4115591,-1.7569348,-6.0969267,-9.79986,-0.41756544,-0.30407867,0.11248448,0.4082649,-0.11914185,26.707098,-0.22861537,-1.112305,-12.507049,-4.247848,-0.76189965,-0.13867475,0.12895796,-0.57845634,0.6097448,0.24042825,0.7609301,-1.3476261,-5.9031396,0.99598074,1.6870013,16.749416,5.8956337,-3.2909765,7.642291,-1.1800566,-1.2676952,0.35955122,-2.4601045,1.0635034,0.1620368,-3.2301152
-6.0681357,-0.11806611,-1.3397253,-0.83040667,-0.8662091,-3.9999723,-3.592958,-12.262247,-1.645288,-0.81899357,0.59004074,0.75762665,-1.2421231,-5.951856,-9.036344,0.1421277,0.144986,0.09063179,0.605343,-0.3163991,5.304648,0.3747641,-0.5906606,-16.697916,-3.5587962,-0.5806458,-0.49418068,0.06626944,-0.51862645,0.2516259,0.13232698,2.3762424,-1.5790672,-5.6712923,1.5743978,0.25733468,-3.8446248,-1.2084564,-1.5525827,7.830515,0.5029939,-1.5691746,0.24556258,3.4312987,7.7511816,-0.033975523,8.483515
2.0627162,-0.21162353,0.26149023,1.8531398,-1.020863,5.064284,4.0121193,-7.7176485,-10.394335,-0.27764827,-1.8413612,0.036142696,2.1284053,-13.749028,-1.1266774,1.1060643,0.0419211,0.548233,-0.15172832,0.71552485,-4.7159395,-0.012767155,-1.1540493,-18.945055,5.380917,0.23285435,0.63060427,-0.057521496,0.20001318,-1.0324556,-0.20674567,-0.044424783,1.8774228,-0.48394814,-0.42243302,0.15635622,-8.19321,-0.2353969,-0.72654957,-4.571854,-0.053998288,-0.47382694,-0.516704,-3.4132597,-9.678318,-1.3096566,-16.542896
1.1748329,-0.3088707,0.21662298,1.5122781,-1.1120076,4.579029,1.4649581,-8.426089,-7.896547,-0.4599956,-0.67094976,0.00041357471,3.2259095,-14.849199,-1.3101832,0.067312375,0.079092175,0.68323827,0.07190121,-0.16262329,-3.6672857,0.4617573,-1.1797857,-18.76193,4.7838025,0.28209364,-0.34011424,-0.06992919,0.3235282,-0.7675257,-0.081534445,-0.7559968,2.5630486,-1.7511237,-0.43263924,0.4343612,-7.684377,-0.106731765,-1.0805553,-4.0881824,-0.2874704,-0.6254284,-0.34571356,-2.744177,-7.5595593,-1.0777452,-17.71807
1.102593,-0.27229807,0.45121446,0.46867663,-1.160274,5.187941,3.0988402,-8.265623,-7.9856052,0.2058929,-1.1177652,0.021655386,2.813365,-14.446135,-1.430569,0.18642257,0.15576142,0.60491353,-0.16953625,-0.04312413,-5.116526,0.35990474,-1.166902,-18.727652,3.6020296,0.30996862,-0.19893241,-0.015192714,0.17811228,-0.92697763,-0.07881893,-0.41519448,2.1283884,-1.4453545,-0.39270929,-0.040728487,-7.767482,-0.3588941,-1.0901731,-3.9647357,-0.22136654,-0.24859922,-0.3896178,-3.1224964,-7.474411,-1.0307314,-16.277254
1.2757977,-0.06495798,0.21041922,2.1384823,-1.0573491,5.0199065,1.1925571,-9.04076,-10.120931,-0.122400984,-0.8187912,0.06524847,3.6387956,-18.220806,-1.6076556,1.1603545,0.023449976,0.58493876,-0.18964563,0.45042488,-3.7021039,0.237703,-1.2462997,-19.436052,4.85197,0.19271953,0.43261817,-0.038344417,0.39806142,-0.8686276,-0.17657185,-0.030172568,2.3100357,0.95842314,-0.19697453,0.29723895,-7.896265,-0.29070592,-0.9063577,-3.9114652,-0.092445046,-0.23452263,-0.3727817,-3.2016811,-8.007408,-1.1618549,-16.598894
0.9261772,-0.2235806,-0.21197082,1.1164812,-0.93769073,3.4465432,-0.39678106,-6.7732654,-6.1813884,-0.60594565,-0.21318437,0.18601827,2.4354603,-13.910336,-1.5960737,0.009617622,-0.04530555,0.05654051,-0.29581946,0.100378156,0.015098249,-0.09434092,-1.1356956,-17.860739,3.611616,0.06738464,-0.55322343,-0.07169988,0.07815358,-0.63386256,-0.1354375,-0.9683046,1.9774905,-2.985704,-0.6167527,-0.2197376,-7.2466516,-0.2611704,-1.13729,-4.327598,-0.38278165,-1.4167659,-0.3510993,-2.1321132,-7.471098,-1.1517262,-15.462814
2.1566248,-0.19795318,0.18637829,0.73925555,-1.0660688,4.1404843,0.26643538,-7.591732,-8.1925125,-0.49653125,-0.32041728,0.16649473,2.8729877,-14.528953,-1.5357772,0.07198275,0.19568196,0.60530084,-0.0059323697,-0.73695916,-3.2649913,1.0322999,-1.598838,-18.661608,5.805794,0.27471474,-0.3097758,0.0058419546,0.32905155,-0.5480581,-0.024563678,-0.64538294,2.387186,-1.9708987,-0.8489619,-0.058308616,-7.2203407,-0.24375293,-0.6154091,-4.3507996,-0.44261554,-1.3353788,-0.2835797,-2.4232352,-9.2488365,-1.0499748,-16.070398
2.021533,-0.07853638,0.44637826,3.0285103,-1.1602402,5.07069,2.1891906,-8.914652,-9.386219,-0.17794842,-1.1796246,0.04667278,1.7061709,-15.475437,-1.4199629,1.2719448,0.09763296,0.5983041,-0.1892163,-0.02126547,-4.8900814,0.37966332,-1.282371,-19.251005,5.9020157,0.216011,-0.2079142,-0.19456623,0.03479739,-0.7862879,-0.09755764,-0.3466056,1.8719811,-0.57778007,-0.10996144,-0.06161589,-8.045891,-0.29401487,-0.8312555,-3.6722577,-0.11577031,-0.5553423,-0.44463056,-2.8281841,-9.084082,-1.1441157,-16.14613
1.4956039,-0.39948753,-1.1049389,0.20185915,-0.7291643,4.4662576,-1.5709705,-7.38198,-8.322427,-1.486382,-1.1186519,-0.6585319,1.7152481,20.823917,-2.56399,-0.2962458,-0.8770201,0.54471743,-0.52419597,-0.6631685,-1.8638629,0.26238257,-1.7334312,-14.746405,-1.6129459,1.453768,-1.4090586,-0.14790453,-0.05272111,-0.41086507,-0.27751216,-1.4176803,1.3074667,-2.7983773,-0.8046851,-1.1077367,-5.7498198,-0.2543043,-0.9877949,-2.6143537,-1.0900663,-6.277094,-1.1998643,6.886358,-4.55086,-1.2145337,-13.52328
2.1431,0.16514806,0.7711768,2.1705122,-1.2235539,4.7029905,2.234927,-6.003415,-5.819134,-1.021329,-0.8086925,0.13266309,3.0252593,-13.293186,-1.46445,0.7763385,-0.06183436,0.36594722,0.1453732,-0.13404053,-4.7239943,0.22863786,-0.44204172,-18.65542,1.9629148,0.19241446,-0.3252051,-0.1329951,0.52082366,-1.5582813,0.09311443,-0.51439965,1.8551015,-1.4995477,-1.5744913,-0.16754085,-8.396747,-0.22121571,-0.94328797,-6.6674767,-0.80642915,-0.8756062,-0.08472638,-2.2808821,-9.004998,-1.0430281,-15.886389
2.0282307,0.03160044,0.5146999,2.0737083,-0.043409847,8.922333,2.0474842,-5.457443,-12.422811,-0.10192959,-1.9028214,0.01613893,1.5313352,-18.335386,-1.3060805,0.7147677,-1.3669734,0.052954547,0.14124723,1.5175275,-5.82575,-0.8313496,-0.6555811,-19.395782,5.255209,0.15994328,1.0813402,-0.18331486,0.2171009,-1.0296022,-0.049950883,-0.13763234,1.5099624,6.1503277,1.610822,0.110510066,-8.359102,-0.479609,-1.0050752,-6.9963818,3.332937,0.03410509,-1.2675887,-4.6677284,-9.291595,-0.98617226,-18.8273
2.0526936,-0.02156543,0.23201546,2.4824462,-0.4561695,7.1432266,3.0985394,-6.5654426,-12.09025,-0.13217127,-2.134246,0.07036921,3.3480625,-18.192842,-1.1822815,0.47146013,0.07593156,0.4428356,0.028574698,1.4680604,-5.8352785,-0.19076292,-0.7971175,-19.74218,5.383744,0.24310537,0.6465885,-0.007560805,0.18266137,-1.0089791,-0.053200215,-0.053832896,1.5595391,6.115273,-0.32194415,0.15140031,-8.591484,-0.21391496,-1.0724738,-7.178903,0.616864,0.032962117,-1.2424546,-3.9301033,-9.2270355,-1.1962147,-18.7502
2.0156627,-0.18937705,0.20497057,0.6716556,-1.1276627,7.1207647,1.1983795,-6.865846,-9.838137,-0.9641161,-0.7195868,0.013665773,3.610257,-16.903078,-1.4416052,1.1605457,0.042668566,0.57261497,-0.12849922,0.04742444,-3.655884,0.42806488,-1.4251856,-19.3246,5.6263065,0.19785377,-0.14725564,-0.029714495,0.04009554,-0.67679095,-0.074164525,-0.28343457,1.9162545,1.6337055,0.06961517,0.013259771,-7.2161603,-0.3487595,-0.7114767,-4.009915,-0.22563225,-0.423616,-0.35813653,-3.1837375,-9.985467,-1.0203784,-19.48396
1.999646,-0.102127306,0.291697,0.6631654,-1.1292133,5.6100426,1.826874,-6.924674,-9.975033,-0.9646942,-0.7270128,0.012965062,3.70213,-16.830442,-1.446901,1.1351323,0.106679015,0.60755944,-0.122891515,0.15061113,-4.618844,0.3814334,-1.229787,-19.321848,5.3826337,0.20255078,-0.12578183,0.011239025,0.30170444,-0.77244073,0.21966808,-0.1140777,1.9483961,1.644339,-0.34007835,0.0037318312,-7.2953563,-0.33028364,-0.7502369,-4.041495,-0.22853829,-1.2745663,-0.33959374,-3.3074596,-9.891656,-1.1442183,-16.94099
-0.8725203,-0.5992489,-2.5189126,0.10180361,0.17985679,7.088185,-5.4814453,6.61149,-4.696272,-1.6038827,1.0487752,-0.8556845,-1.1694288,25.144915,2.3750992,-0.026799481,0.044876482,-0.18357006,0.67654335,-1.6792539,1.0194193,-1.2722576,-3.4509869,27.575508,-2.5410314,-0.65211046,0.15982258,0.0071062036,0.25119707,0.12143565,0.4337824,-1.7875977,-1.956783,1.2274305,1.8891466,-0.6112544,17.292368,-0.25725895,-0.41778067,3.2925653,-2.2140377,-2.6289608,0.5857768,2.460834,9.901825,0.19160573,21.319448
-4.009368,0.52803737,1.0463573,-2.261823,-1.8199333,-14.075023,-5.235916,11.857111,2.4672997,-0.88371235,0.5278635,-0.80957955,2.1066418,26.198694,5.761827,-1.2142516,0.4505102,-0.9795339,-0.7227876,-1.41169,17.727213,-0.7971805,-0.7646712,29.736473,-4.980059,-1.5164564,-0.09569024,0.12627657,-0.83050096,2.5951738,0.23431894,-0.014547137,-0.88651085,-7.359432,0.08707703,-3.820899,13.039665,-0.2648399,1.9057391,8.931984,-1.3688896,2.2169058,0.59189117,1.0844796,6.0791345,-0.03955526,14.884182
1.757286,-0.08166489,-1.1315157,2.577765,-0.36204657,7.051752,2.5386968,-5.6747637,-13.894497,-0.07622109,-1.9829694,0.004991638,3.2176917,-17.264898,-1.6985908,1.1688615,-1.5698867,-0.018976055,0.21809033,1.5923293,-4.4263277,-0.8133526,-0.4782127,-19.516808,3.0651093,0.09435488,1.1485934,-0.15454653,0.048788298,-1.5227252,0.3085029,0.023051675,1.5854411,6.584993,-0.29680175,0.29897344,-8.850226,-0.27080175,-1.7165295,-9.181858,2.122271,5.8768115,-1.3601792,-4.73292,-9.407046,-1.1414437,-17.794918
-0.70459825,-0.39655232,-0.93671316,0.5542825,0.12124303,-6.0761914,-14.037436,3.8560646,-1.0838318,-0.64954,1.6745033,-0.812289,0.6233794,16.76985,-4.4763446,-0.122555114,-1.3542747,0.028928634,0.622044,-0.63517267,23.697695,-0.40348014,-1.0426497,-6.561176,-1.3997911,-0.6745201,-0.11810796,-0.08243171,-0.24010235,-0.7140894,0.29014036,-0.516158,-0.64040625,-0.874314,1.0056893,-2.4654295,11.248811,-1.3176985,1.6205606,3.3706043,-1.4874014,2.5566075,0.2074321,3.2935774,5.282001,0.35379615,15.857649
-1.299696,-0.7407806,-0.9180426,0.4715584,-0.276738,-6.2629104,-9.785022,3.8530252,-1.4946302,-0.7922004,1.424088,-0.91386914,-0.9562614,15.133898,-4.5897675,-0.22670004,-1.4475126,0.05526306,-0.1340927,-0.54983836,23.540007,-0.46828145,-0.9127464,-7.4608965,-1.0660648,-0.64579296,-0.01193524,-0.26624566,-0.30368948,-0.51020265,0.35686895,-0.3514269,-0.91353965,-0.5694605,1.4928521,-2.3230836,8.530469,3.0010762,-0.23104809,4.0118194,-1.6391793,0.0012219637,0.22748001,3.2053452,6.3877234,0.4238395,18.777588
-3.3056407,-0.7713951,-1.2808242,0.36529863,-0.638375,-4.9108233,-8.50711,0.82230836,1.0076524,-0.7618684,0.71766996,-0.6661237,-2.5888886,-3.5249486,-6.7244854,0.24934214,-0.9879208,-0.13673145,-0.54502547,0.1830576,26.378147,-0.402559,-1.3678464,15.513373,-3.075264,-0.53305376,0.9419009,-0.15993719,-0.2159351,-1.675054,0.42454106,-1.7776281,-1.9944253,-0.40082312,0.72929394,-1.3050462,-4.358971,1.6214339,-1.9627193,7.2283807,-1.301875,2.209814,0.8486126,4.0788074,6.1110697,0.014645799,14.966286
-4.616283,-0.39569762,-1.1561687,1.4797684,-0.3950886,-12.821231,-7.4721107,0.6712697,1.5464559,-1.279214,1.0919118,-0.67101246,-1.3713284,-3.468564,-9.187278,0.70395404,-1.0011345,-0.117405355,-0.5927869,0.209424,27.371101,0.07212852,-1.4679432,17.044485,-3.0090199,-0.5057733,1.4969977,-0.012880291,0.14815047,-0.7886574,0.18924013,0.4320491,-1.9084388,-0.24832878,1.2233657,-2.8290431,-5.0467,2.165686,-2.4352345,8.1658745,-1.636089,3.7029185,0.20141274,2.7312899,6.5746217,0.17901565,15.162403
-3.4102721,-0.8872857,-1.5175871,0.21568027,-0.12628643,-10.1294565,-11.056542,0.6065469,1.886089,-0.80577147,0.67255795,-0.37514323,-1.2399284,-3.2704012,-6.8204107,-0.07183587,-0.9024437,0.1247473,-0.558349,-0.020693118,27.135662,-0.07268546,0.048995465,16.647684,-1.8197592,-0.54782027,-0.3981091,-0.26706475,-0.07210359,-2.0345297,-0.033393193,0.20105034,-0.6569196,-0.73892367,0.9142366,-2.0532615,-3.698695,1.5568626,-1.1363189,7.48868,-1.7501019,2.2420888,0.5681283,3.7295072,5.563853,0.045898248,15.131713
-6.598082,-0.4420387,-0.35726547,-1.0857986,-0.66288996,-16.38357,-12.219848,2.77364,1.5233469,-0.6075909,1.001565,-0.732593,-2.5065355,7.8950596,-4.2683663,0.0026162288,-1.9349254,-0.09814083,-0.515615,0.257508,20.415222,-1.1659837,-0.029507568,16.652655,-2.8628232,-0.80991155,0.44859186,-0.15596291,-0.085800715,-0.9849386,0.076889955,-0.3502093,-0.7717337,-10.575218,0.56585723,-2.7031124,8.7299,3.489484,-1.7323426,3.929872,-2.1614017,4.8884425,0.67396945,2.1422865,5.175035,0.21604675,12.87953
-3.7764037,-0.12010969,-0.53843796,0.12315802,-0.68763065,-9.94892,-8.265569,-8.227305,4.367759,-0.7957444,1.0242335,-1.0211686,-1.1399314,-7.871701,-5.08751,0.16568859,-1.045103,-0.4158724,-0.36154282,0.40946484,33.669624,-0.19963302,-1.7632865,16.22134,-2.780302,-0.5858766,0.8886714,0.27582845,0.048775714,-0.0006034276,-0.040388867,-0.8272853,-0.9216856,-5.0181603,0.5029175,-2.3592253,-2.2340875,4.4629703,-1.4640512,8.758468,-2.1819613,4.2398543,-0.4105326,0.67440563,1.8910413,0.007047513,15.34129
-3.6292276,-0.5730642,0.044481292,0.3592712,-0.6282388,-13.136146,-7.860562,0.76308364,2.0983052,-0.7681703,1.4431864,-0.9654852,-1.8823876,13.594089,-5.121237,-0.14339595,-1.6101846,0.13768871,-1.0336396,-0.5944001,24.72814,0.26078156,-1.3041933,16.298292,-3.457777,-0.582757,0.7885333,-0.20185933,0.14138937,-1.1517739,0.1297059,0.81101626,-0.16149235,-9.507636,-0.23383978,-2.118362,-2.3309417,3.1320872,-3.0119834,2.9158154,-1.8363719,3.7640998,0.6053304,2.2417116,6.103891,0.46490848,13.687936
-6.9806747,-0.16707899,0.7513851,-1.1492616,-0.68134844,-16.716888,-13.58459,2.9352515,2.8396153,-1.1418754,1.2255595,-1.3804563,-2.8925831,12.96849,0.53840107,-0.660067,1.2481639,-0.6625483,-0.6073435,0.14333703,19.850605,-1.2052362,-1.2002279,18.042969,-2.393767,-1.2703544,-0.0469092,-0.30406195,0.12330728,0.09698789,0.1193537,-0.98698986,-0.7106198,-10.273364,-2.6623974,-2.0498264,11.145458,1.3411623,-1.8847232,3.785363,-1.8113636,3.8498518,-0.15026179,1.7230884,6.1981726,-0.19506088,13.302015
1.1292453,-0.016406797,-0.96103567,0.4201796,-1.278627,4.055001,0.5489368,-7.879687,-8.10061,0.7335596,-0.413426,0.35232136,2.6994855,-15.483417,-1.6484131,0.94455004,0.45645297,0.67567617,0.4600403,0.24692073,-2.5691717,-0.8648273,-1.3421837,-18.648542,-1.2734914,0.04557965,-0.48096752,0.022197284,0.48114282,-0.6183484,-0.19150531,-2.115071,-1.4139807,-3.9513438,-0.5549197,-0.26023555,-3.774252,-0.46949193,-1.1396753,-3.6483774,-0.3754084,0.392961,-0.2176962,-2.221793,-6.222308,-1.0845653,-15.245808
1.1596751,-0.018412061,-1.0188957,0.312905,-1.2601413,3.9706247,0.18126066,-7.763621,-7.4578705,0.5586649,-0.38919988,0.41859183,2.361096,-13.285297,-1.6317425,1.0376894,0.41440937,0.65829426,0.049749818,0.283904,-2.4453063,-0.80878246,-1.2868142,-18.09994,-1.3096083,0.0038693752,-0.505481,-0.031644132,0.4126081,-1.2833052,-0.16072065,-1.9697856,-1.378033,-5.1503797,-0.6832147,-0.05575643,-3.6056173,-0.7829093,-1.1456714,-3.3763742,-0.29995984,-1.0376194,-0.13863736,-2.7312777,-6.1290355,-0.9008386,-14.940599
2.0269,-0.41459414,-1.6184481,0.9009014,-0.020893883,16.241385,-4.9919147,-8.843163,-1.8848648,0.37651232,0.55379087,0.4241502,4.3524365,-13.248282,-3.329377,0.20996937,-0.87324286,0.16939875,0.1958627,0.37742898,2.5527103,-0.75298554,-0.099783994,-12.182383,-1.2855575,-1.6638294,-0.67385215,-0.09696248,-0.9755146,-0.20565501,0.24168578,-2.351378,-2.0319974,-2.40519,2.1088288,1.194746,-7.2746897,0.4870526,-0.3530852,9.099364,-0.15659273,-2.527313,0.2926103,5.078275,10.175839,-0.024574798,28.314814
2.0085697,-0.040912222,0.9570854,2.9095428,-0.75333196,22.833532,21.287277,-4.3295565,8.338727,4.061701,1.999907,1.5425547,4.3999443,-6.497692,0.141394,0.8835456,0.40621784,0.41995,-0.62697995,5.5696034,0.8361984,0.35797432,-1.1522992,-10.726459,22.422829,-0.10312642,-0.5975202,0.1297454,1.1701163,-0.8010153,-0.23072284,1.125624,22.457735,-2.2336328,0.8711395,0.9926854,2.411217,-0.31671277,19.48213,18.125978,0.07203297,1.1774466,-0.029528566,6.6474886,4.37006,-0.08843694,38.799698
-0.4053982,-0.30601904,0.68558323,4.514423,-1.090134,20.901144,12.69985,-4.017925,1.2590497,-0.7967947,1.4899237,0.35693544,-0.0097008245,1.6052943,-2.8827233,0.97043115,0.78420645,0.08371513,0.8058838,4.700793,2.9174552,0.7578863,-0.99563384,-9.167919,18.447937,0.046163883,4.2604594,0.2090897,0.6044146,-1.3100623,-0.5220114,-0.28834045,15.916273,-0.06785506,2.443803,-1.3337992,16.716532,0.116808385,15.35554,16.206062,1.347593,-1.5213405,0.19013675,9.050151,20.45007,0.41754934,39.46043
0.97903293,-0.79802406,-0.2825404,5.1921906,-0.6424234,20.688042,17.060421,-3.7927988,7.851949,1.722099,1.0153745,1.738976,3.9345014,-6.8771105,-0.7421399,0.96792835,0.08350785,0.42742375,-0.5845208,5.3302345,0.06550629,0.45677686,-1.1632569,-11.3440695,22.347145,-0.0664183,-0.60955983,0.5797239,1.9683484,-0.8349168,-0.23254628,0.80908823,21.824396,-2.228831,-2.375182,1.0862573,2.0071967,-0.09874118,19.186543,16.34306,-0.029901017,-0.8615545,-0.0083035035,6.4439445,11.013846,-0.0547858,34.26528
-2.743472,-0.4061737,-1.1886712,0.8131444,-0.5847531,4.549683,-1.6660967,-6.661425,-1.1531217,-0.9441222,1.5086005,-0.2664558,-0.21113594,14.576891,-5.904145,0.3082125,-0.8468708,-0.16760328,0.48989728,-1.2925805,27.21148,-0.4081931,-0.9746876,-11.621662,-3.4425905,-0.2697456,-0.081704326,-0.5193867,0.46171397,-1.0846739,0.05281198,-1.2546955,-1.9416802,-9.128971,3.1737154,-1.6394211,16.400696,-1.7342767,10.3040085,2.6197684,1.3216115,-2.1423573,0.512764,2.0012238,2.7078798,0.30690873,5.889336
1.051454,-0.27789694,-0.08627414,0.14710659,-1.018463,3.5419617,-0.090905696,-7.5235944,-6.2470636,-0.7522536,-0.46840218,0.02621676,2.8616998,-13.7947855,-1.8039244,0.079432644,0.0529247,0.50919944,0.07293955,-0.59512347,-2.7293186,0.9212888,-1.696321,-18.716116,3.7577126,0.04761347,-0.52459437,0.0019283529,-0.026375473,-0.3616424,0.2513776,-0.78592974,2.072868,-0.8267437,-0.66027665,-0.069773376,-6.7778535,-0.15970899,-1.122827,-4.0107536,-0.39020255,-1.3503432,-0.31512573,-2.3281195,-7.5983863,-1.0664178,-15.280519
2.1320884,-0.2299378,0.33114636,1.2744766,-1.1481576,5.0562983,2.1632488,-6.7354946,-9.98374,-0.8471863,-0.8991629,0.06521306,3.4265904,-17.748266,-1.417832,1.2994341,0.099511296,0.63585913,-0.18640104,0.45274848,-4.8745174,0.29429388,-1.4068409,-19.073744,5.4547353,0.2218165,0.33857128,-0.03826867,-0.0050589154,-0.7728844,-0.036239497,-0.28939363,2.109927,1.8646772,-0.09863477,0.031867735,-7.6716547,-0.33913344,-0.9100627,-3.8055391,-0.27543432,-0.7002231,-0.37300226,-3.5261147,-10.270592,-1.1458696,-16.582762
2.001678,-0.2740283,0.2895154,0.6696279,-1.1222867,4.7574105,1.1886475,-6.8751917,-9.666649,-0.9444793,-0.7324915,0.010060084,3.7143261,-16.779623,-1.446346,1.1561768,0.04908033,0.536496,-0.12179017,0.04269566,-3.713991,0.39922813,-1.3562653,-19.418674,5.450365,0.22676003,-0.17119648,-0.06346423,-0.058088746,-0.66276366,-0.07782389,-0.28439072,1.9178466,1.6270778,-0.29633945,-0.0011897496,-7.332841,-0.33935,-0.74169254,-4.0743876,-0.18100868,-0.25222555,-0.35179192,-3.192791,-9.270882,-1.1366249,-16.797415
1.065293,-0.17984617,0.37090504,1.2438848,-1.2203515,4.8741317,0.81612056,-7.7838187,-9.6917925,-1.011873,-0.7179818,0.022308158,3.7533913,-17.164013,-1.6451938,1.1281165,0.08197537,0.5771877,-0.122464806,0.05273936,-3.7234726,0.3774663,-1.2752836,-19.382473,4.90133,0.19410737,-0.21023136,0.0064885365,0.17829828,-0.7747596,-0.08629269,-0.29382542,1.90283,1.6365973,-0.35976774,0.075596,-7.6483912,-0.33241898,-0.750809,-4.050519,-0.183082,-0.49823573,-0.3840404,-3.2127514,-6.7468014,-1.1341866,-16.821865
1.999359,-0.1375871,0.34011114,0.70815986,-1.208656,4.928624,1.0318458,-6.912219,-9.667258,-1.04741,-0.7314457,0.005186048,3.7002044,-16.827267,-1.443167,1.1392922,0.08723286,0.6035521,-0.123876564,0.06388672,-3.7067943,0.42169163,-1.3381206,-19.393398,5.527312,0.18705364,-0.21722855,-0.04749963,0.19244912,-0.8149953,-0.04597327,-0.2182355,1.9008243,1.6439832,-0.27505958,0.16813277,-7.130646,-0.3656714,-1.0887547,-3.993961,-0.17392008,-0.4234289,-0.37649807,-3.5790944,-9.717642,-1.132972,-16.745468
1.9958892,-0.22628132,0.2923384,0.677052,-1.1260725,4.8914046,1.1153826,-7.0752325,-10.270296,-0.98786634,-0.71996003,-0.0011511701,3.6919494,-16.777096,-1.4457942,1.1856202,0.05419949,0.60288435,-0.12602536,0.05787345,-3.7148328,0.43026474,-1.3195815,-19.361528,5.606791,0.18830933,-0.16472171,0.008377088,0.42728359,-0.7985303,-0.20234217,-0.29480594,1.9022819,1.6317896,-0.3295944,-0.008173695,-7.176195,-0.3365966,-0.7281079,-3.9512184,-0.17290305,-0.24055552,-0.36685228,-3.2305195,-9.792073,-1.1348672,-16.678055
2.1962826,-0.14811894,0.32548153,0.3778882,-1.1059903,4.7702546,2.2333095,-7.941081,-7.796023,-0.77042216,-0.6022532,0.017914046,4.211444,-18.180592,-1.454532,0.13920243,0.09961261,0.20290554,-0.1984682,0.1739958,-4.5660887,0.0022246607,-1.3168384,-18.995033,5.5808673,-0.123791516,-0.30854917,-0.0068733077,-0.039749548,-0.62479174,-0.13869411,-0.3185633,2.0493283,1.7650739,-0.18099816,0.26233295,-7.1566787,-0.30731592,-0.71991915,-4.266454,-0.2803514,-0.47187233,-0.34562474,-2.6865346,-9.981253,-1.1707149,-16.521408
1.3485053,-0.0939379,0.61633074,0.2716937,-1.1406993,4.6618533,0.9876127,-8.428696,-8.618067,-0.7864428,-0.72361034,0.050477147,3.4112632,-17.460836,-1.7101854,1.1831161,-1.1125937,0.48561797,-0.44807255,0.74134266,-2.9667916,-1.1135024,-1.4918303,-18.775064,5.133094,0.24518995,-0.42069864,0.047432415,-0.10440898,-0.7170782,-0.093905605,-0.47193983,1.7776265,1.1259861,0.31611508,0.10079017,-7.3336706,-0.309408,-0.6788375,-4.0487247,2.174461,-0.6534965,-0.4338315,-2.1464114,-8.3940935,-1.1126436,-17.252596
2.2562435,-0.21491437,0.46011212,0.3821735,-1.1375018,4.524219,1.1458569,-8.838367,-8.144631,-0.7286485,-0.38129258,0.12833138,2.8868368,-14.229829,-1.5375963,1.1962888,0.055426806,0.57804763,0.0038973824,-0.6531349,-3.4383984,-0.7995635,-1.4461793,-19.273998,5.8730392,0.043721948,0.77869576,-0.00073583826,0.19534625,-0.3578574,0.16966459,-0.5586396,2.0325732,-0.48445126,-0.6103006,-0.03822043,-7.4422503,-0.25656304,-0.76468796,-4.235666,-0.26430756,-1.285536,-0.34500444,-2.5838993,-10.671289,-1.0438432,-15.478039
2.2012594,-0.18960962,0.38859245,0.7120897,-1.1427743,4.435128,1.4296839,-8.562936,-8.2141695,-0.8250635,-0.4608282,0.11998632,2.7329888,-14.917692,-1.6747148,1.0892984,-0.0008087995,0.5851548,0.01895223,-0.38219827,-3.448627,-0.81980157,-1.4134337,-18.859692,6.037551,0.2300941,-0.33956468,-0.006486892,-0.18900062,-0.31155956,0.19909996,-0.760533,2.0310442,-0.41335934,-0.46028915,0.35531858,-7.4304748,-0.24410574,-0.77468944,-4.380814,-0.13942958,-0.680932,-0.37962332,-2.702851,-9.985904,-1.0825434,-17.457727
1.0186243,-0.21196924,0.2852669,0.2703415,-1.109366,3.4575653,-0.19074874,-7.0939827,-7.1783123,-0.7151224,-0.25153887,0.16605812,2.1907687,-14.600548,-1.7367896,0.038329195,0.16632617,0.35211673,0.0472719,-0.42152157,0.3696295,0.10573087,-1.8607218,-18.789753,4.6827617,-0.11788388,-0.51065886,-0.036836687,-0.3078734,-0.20564434,0.16562289,-0.56635004,2.6339293,-1.7795594,-1.4788302,-0.06854218,-7.338504,-0.267557,-0.7604632,-4.043744,-0.44453344,-1.3880224,-0.24276634,-2.1884732,-7.757592,-1.3984208,-15.668138
2.1715453,-0.24932829,1.0559347,1.3674529,-1.0592296,4.4326143,1.353995,-8.779139,-8.689262,-0.6909556,-0.6498865,0.015436111,2.7448268,-14.989737,-1.1840806,0.8336729,-2.13746,0.6247007,-0.27928048,2.0794914,-3.1240942,0.56327236,-0.8713209,-19.309021,5.562596,0.19399732,-0.28790995,-0.06622653,0.11260277,-0.38217103,0.22258173,-0.5928582,2.1507542,-1.7473774,-0.34210497,0.16354923,-7.17383,-0.27043298,-0.9401959,-4.6327515,-0.5305149,-1.2708192,-0.20336437,-3.5138178,-9.264801,-1.1271347,-16.872227
2.1610665,-0.26743656,0.6347011,1.3968611,-1.0379971,4.098395,0.44365773,-7.305763,-8.712649,-0.83371425,-1.2141556,-0.053574443,2.8019786,-15.750356,-0.8373529,1.115802,0.12346408,0.6113611,0.07182088,1.4648261,-3.2455719,0.6031054,-1.3132966,-18.564682,5.625944,0.23346888,-0.32009727,-0.032764874,0.13579884,-0.78624153,-0.067181036,-0.80422765,2.1385572,-1.5843222,-0.7348875,0.2480074,-7.400135,-0.22815564,-0.7497571,-3.9817183,-0.520641,-1.2698416,-0.35914832,-2.442832,-9.839818,-1.04374,-17.173368
2.1990058,-0.14576007,0.8888374,1.107683,-1.089765,4.2624335,0.5290694,-7.4529085,-8.477836,-0.9304213,-0.5980606,-0.07109331,2.714187,-15.289393,-0.75914234,1.1413363,-1.5950977,0.64546174,-0.24966888,2.0584483,-2.3819935,0.92738074,-1.2539912,-18.619041,5.630892,0.089751914,-0.2784723,0.004091893,0.4008626,-0.7749712,-0.055623833,0.19840728,2.1836495,-2.4069576,-0.23190401,-0.19851092,-7.635253,-0.3372692,-0.82748836,-4.444849,-0.5015798,-1.26718,-0.4137441,-2.6564167,-10.151095,-1.0409596,-17.22978
0.98904645,-0.36099768,-1.2987202,0.36702704,-1.0580515,-0.5166341,-0.31474984,-7.2787595,-9.650623,-0.6903979,-1.4264883,0.08216546,1.6332492,-8.115221,-1.4550016,0.6436689,-0.51959854,0.6753589,-0.048779085,-0.7927866,-0.36077273,-2.2659507,-2.0700588,-16.164013,3.672796,0.41233653,-0.40672925,-0.124167256,0.0014435408,-0.6329627,-0.2585422,0.047397107,2.3593178,-4.92521,-1.4678875,-0.6808434,-8.41949,-0.7357345,-1.5530959,-1.220723,-0.3399976,-1.2040501,-0.31311676,3.1342576,-7.9393883,-1.4409001,-11.850133
2.2794635,0.0061238585,0.20520787,1.8947836,-0.935903,6.980566,3.5886428,-8.274379,-9.411196,-0.7521004,-1.4051102,0.063715294,3.68476,-18.72918,-1.4005677,1.1862139,0.08694312,0.60805947,-0.17419355,0.07870713,-4.6712,0.38549557,-1.4725266,-19.142385,5.1517887,0.23971815,-0.15084511,0.5014739,0.035925906,-0.8272921,-0.05254364,-0.4200461,1.6261836,1.7979548,-0.30440757,0.44319922,-8.403763,-0.060377732,-0.58895916,-5.233395,-0.4213359,0.09591775,-0.38960046,-1.8095154,-10.211326,-1.2184948,-18.670534
-4.4682336,-0.8224744,-1.6701562,-0.6092906,-1.2350156,-7.3906302,-8.628783,-4.6802416,-1.971423,-2.512564,0.32777014,0.31324053,-1.7907405,-4.2413754,-6.9351172,-0.7244298,-1.1352566,-0.17803273,-3.5742643,-0.31068608,29.312407,-0.0632711,-1.1123769,-12.052188,-4.56758,-0.3392202,-0.84612834,-0.48207772,-1.5661341,0.22758201,-0.28533813,-0.96599674,-1.8223904,-7.979104,1.065758,-2.798783,-5.9122725,-5.5036817,-2.1494644,5.2907157,-0.4413126,-1.6848204,-0.015654497,2.096277,0.6885889,-0.19460839,-2.3858976
-1.2871889,-0.76025754,-1.1556457,0.7994645,-0.79235864,-6.6315813,-9.330882,-6.625803,-4.44965,-1.8081547,0.42072603,0.32207948,6.093404,21.762003,-5.836084,-0.35244608,-0.23615389,-0.030499807,-2.6195743,-0.67303103,1.0007365,0.51375645,-1.4917469,-12.718049,-4.705709,-0.4079842,-0.23462608,-0.26783344,-1.0951575,0.04123239,-0.41982844,-1.062707,-1.5580806,-12.960527,1.1813195,-0.5682932,-5.9265256,-2.8691866,-1.1126826,3.6252606,-2.1841216,-0.23243044,0.3054614,2.8804862,8.627525,0.06844887,14.331155
0.58472884,-0.43929657,-1.5438718,0.114174694,-1.0147114,-6.630403,-7.9651155,-5.8532104,-5.1557536,-3.0283577,0.4216428,0.48751333,-2.1694949,-9.78786,-8.800087,-0.2713802,-0.15007289,-0.20103869,-2.0477746,0.016587824,1.8348742,0.45185333,-1.4836015,-12.160907,-4.479665,-0.42526513,-0.37939942,0.04617004,-0.63874674,0.0634314,0.09629611,-1.2080542,-2.6391578,-8.453131,1.3503441,-1.1804914,-6.7707286,-4.55346,0.3690021,5.7276926,-2.6083617,-2.4652812,0.27257645,3.7125585,8.866904,0.036133666,13.396682
0.38454232,-0.5563239,-1.7303845,0.75530064,-1.0397832,-7.614069,-8.817191,-9.344608,-4.643579,-0.90922344,0.5030193,0.7330569,-2.1417806,-4.516932,-8.094691,-0.3568558,-0.010054798,-0.06957657,-3.5593054,0.45589742,1.1901574,0.61270404,-0.22357862,-12.9693,-4.309604,-0.3329534,0.12930436,-0.060847655,-0.23766589,-0.1656732,0.20318618,-1.1465118,-2.052318,-7.974708,1.5059266,-1.8759086,-6.873474,-4.6099277,-2.333357,4.7991667,-0.30479312,-1.7362177,0.27908975,3.187641,8.033086,0.31066573,10.292072
-0.1450017,-0.31947553,-1.6314249,0.59431374,-1.0495915,-5.3641033,-8.556645,-10.286268,-4.433786,-1.4462008,0.26292977,0.32975024,0.022494748,-11.843104,-5.527637,0.60955536,-0.02425577,-0.07464131,-2.4555545,-0.77628505,2.3369977,0.446894,-0.92818475,-15.213731,-4.5208707,-0.42931083,-0.0049646785,-0.06987343,-0.65404934,-0.63679934,-0.014680071,-1.4339832,-2.582065,-9.111411,1.5893531,-1.5553998,-7.159804,-2.5071273,-1.8386794,7.5208535,-1.6390401,-0.99514943,0.14998212,2.8952575,7.347559,-0.27582216,14.845277
-0.0015266914,-0.07734398,-1.8482455,0.51638216,-0.6838124,-5.3450747,-7.091235,-10.700361,-3.4799638,-1.6746484,0.3882254,0.42502496,0.041973416,-8.900431,-7.5662417,1.1802597,-0.055888023,-0.29207265,-2.9125657,-0.79528785,1.9809566,0.5050367,-0.35654736,-16.054325,-4.360247,-0.52188677,-0.31712106,-0.29400688,-0.56772923,-0.95520073,0.15464939,-1.5015292,-2.5735786,-8.841702,1.1595973,-2.3442717,-4.711773,-2.582026,-1.946262,6.4004483,-0.20978113,-1.3302406,0.34827307,2.6302495,7.170236,0.0036523053,11.116195
-0.8621362,-0.069359444,-1.7432595,0.77872837,-0.95602614,-6.231309,-8.883567,-11.991009,-4.597437,-1.54222,0.3756407,0.31009665,-1.7158728,-3.4258728,-7.751725,-0.3674805,-0.07435661,0.068381704,1.0064226,-0.41590765,1.1794043,0.81232625,-0.22874802,-12.81175,-4.608409,-0.45984513,-0.3046344,-0.35199553,-0.36446795,-0.4353825,0.064867385,-0.77766997,-2.4064126,-8.743994,0.9183672,-2.1852899,-5.395447,-4.4046154,-2.3154535,4.838369,-0.11348286,-2.0306928,0.22096595,3.2836828,7.979731,-0.08236372,10.244078
-1.1654681,-0.41078174,-1.5964335,0.47464263,-1.1891476,-5.1463356,-10.306161,-10.664212,-3.15113,-1.6127098,0.36064345,0.16639538,-1.2142138,-7.2375226,-3.2952096,0.8455641,0.17018662,0.22874674,-3.083063,0.6364318,2.2975538,0.4699428,-0.74073946,-13.769895,-4.6582885,-0.45016336,-0.2871661,-0.23622793,-0.46852392,-1.1254712,0.090402216,-1.0023216,-2.833189,-8.954392,1.2150271,-2.052031,-5.545517,-4.829229,-1.653725,5.279835,-0.22798681,-2.1730514,0.1072507,3.530838,7.0250216,0.015076783,10.639299
1.3424652,-0.00076454214,-1.5590185,0.4558977,-0.8410906,-6.618758,-8.585942,-10.651456,-3.5967433,-1.4209571,0.25284934,0.5352034,0.10419982,-11.096844,-8.056503,0.33218104,0.079348296,-0.15750688,-2.612635,-0.8286334,2.0399578,0.3311127,-0.06917702,-14.856595,-4.859655,-0.5400611,-0.19409122,-0.47390845,-0.5879805,-0.16962983,0.23148888,-1.1272064,-1.6283991,-8.084111,1.3214903,-0.5964442,-6.8849463,-4.7990847,-1.5052263,5.8853283,-0.21421346,-1.7772175,0.3509026,4.680111,8.340516,0.0014601704,11.448269
-1.9796568,-0.14080346,1.2171054,-1.7253897,-0.9535007,-14.498967,-15.863387,1.4161574,-5.0701165,-0.9592225,0.43620586,-0.78080314,1.2873172,13.867034,0.39904532,-0.5122948,2.1640754,-0.28882393,0.5526921,-0.5254023,20.171392,-0.59384173,1.3651519,26.339602,-2.865275,0.087795705,0.025545122,-0.2710116,-0.38244045,0.19642286,0.34360963,-1.0086323,-1.3209453,-9.810578,0.9041348,0.3178462,12.355572,0.6001032,0.03073688,3.9295049,-1.2976235,2.7761853,0.2611351,1.3551902,7.3530955,0.12695631,14.693306
-2.1572325,-0.08713941,1.6750004,-1.6454797,0.3330975,-11.037911,-13.794403,0.31750697,-4.6707964,-0.8724733,0.9295261,-0.95632356,-2.3443432,28.696457,0.8794858,0.024873225,0.4192722,-0.07375909,0.47818375,0.5504557,20.693653,-0.83624935,-0.20768325,26.134369,-1.8942685,0.29600567,0.21589085,-0.23118527,-0.28132418,-0.447676,-0.032449868,-0.99788857,-0.95610434,-9.194426,0.70610696,0.4430125,14.869747,2.2794168,-0.6203825,3.8806438,-1.2293137,4.4210067,0.47275028,1.4789952,6.3710685,0.17404984,13.632014
-1.1719472,-0.12061165,-0.74867314,-1.7013488,0.046583287,-10.265555,-11.136671,-0.8968045,-5.0963783,-0.89778924,0.52240074,-0.5841885,-1.321235,29.058895,-3.3626237,-0.107048444,-1.9348701,-0.0978098,0.8102998,0.48055547,20.09236,-0.4498439,-0.7886183,26.340054,-2.7669866,0.23333715,0.08563799,-0.23465142,-0.40701994,-0.48978615,-0.3219752,-0.91452396,-0.8509349,-6.993218,1.4808915,0.23417625,12.868398,-0.8112657,1.266317,3.1576462,-1.5269302,4.150327,0.40177265,1.6863045,7.8978314,0.5448359,12.697902
-2.523992,-0.48802733,-0.6374901,-1.0711159,-0.36351457,-9.825043,-6.723846,-0.91734457,-4.666494,-1.0000465,0.7239836,-0.7707949,-2.1125596,29.833475,1.9249408,-0.8356871,1.6592481,-0.1555752,0.42609298,-0.06946875,20.282122,-0.33483613,-3.2190664,25.968163,-1.7130859,-0.004765608,-0.23676202,-0.18426456,-0.12991962,-0.9228845,0.2024875,-1.0012604,-1.0630971,-5.342971,1.0156268,-0.18102427,14.71722,-1.1748358,-0.45674863,2.0536423,-2.3711636,3.3641105,0.5367962,1.4289094,8.555023,0.18948409,13.704127
-0.42280135,-0.4425984,-0.97567016,-0.99398446,-0.519367,-10.148162,-7.2429485,-1.5156338,-5.3373303,-1.17688,0.8174367,-0.78017044,-1.670475,31.46902,0.15549283,-0.5427724,1.4882442,-0.14389129,0.8146626,0.5611733,21.084803,-0.10768863,-1.920835,23.218683,-1.4147077,-0.018152177,0.11296522,-0.12023793,-0.8334699,-1.3364856,-0.3600337,-1.0189396,-1.4957727,-6.9825807,1.9330041,0.35184932,14.994463,-1.006749,-0.12667154,2.3806098,-2.3864758,2.8063543,0.46454737,1.5890125,8.518799,0.15505575,12.007636
0.5988009,-0.83103156,-0.5141733,0.20750387,0.3049889,-9.247209,-8.705811,3.6446269,-4.225813,-0.8421529,0.65533686,-0.36377496,-1.8724445,31.704811,-1.5207169,-0.8105368,1.946347,-0.077747524,1.3898894,0.64176464,1.3332863,0.9064696,-2.1793137,26.206999,3.4543793,0.12024642,0.37440526,0.062230334,-0.38408852,-0.42239606,0.17611714,-0.9391786,-0.8737198,-6.064569,1.6276152,-1.4496632,17.14352,-0.2182286,-1.8761766,3.2315786,-3.3820372,-0.3211063,0.55426306,2.6587133,9.026008,0.24510701,14.439309
-1.239005,0.12886156,2.108465,-1.684239,-0.7974699,-15.070494,-13.082517,0.35533696,-4.786997,-0.8622578,0.45817432,-0.50867474,0.63249093,27.78465,0.95323175,-0.5818281,1.7691748,-0.31997985,0.049579065,-0.8567075,18.627987,-0.5658932,1.3635633,28.45195,-1.3024039,0.29960683,0.1454687,-0.31410125,-0.16117413,0.27097294,-0.028992033,-0.014724032,-1.6127015,-5.4884863,1.4153175,1.1053869,13.878962,-0.06262636,-0.2543055,4.0866323,-1.2302511,4.0929685,-1.0068699,1.3357409,5.973838,0.1042311,11.2010355
-15.154609,5.843967,2.3414104,-0.3513854,0.879245,-12.042838,-8.692637,38.386612,20.633698,1.2022954,1.4877162,-1.2180644,2.740383,53.9304,11.253712,2.555874,2.995082,-0.7472599,-0.2581267,-15.874323,17.073837,-3.1613712,7.4041133,36.361458,0.27412063,-0.70565516,-0.500675,0.2591168,-0.40271172,4.595366,0.47855568,-1.5474143,-4.724149,-11.957672,-12.625811,-0.16751075,19.91958,0.72436297,17.104448,60.18471,-4.745691,4.0893116,0.060826093,2.020765,17.43317,0.3770878,15.508082
0.7370896,-0.070703655,-1.1830508,-4.1371593,0.47284085,-10.206835,-15.201095,1.2393745,-4.7144403,-1.0358039,0.6843662,-1.2776151,-2.6934898,29.788443,-5.4464774,-1.2481534,-2.220515,-0.2603855,1.0249364,-0.5750987,-0.2887767,0.06489119,0.16516732,28.946596,0.88687706,0.37265167,-0.13875428,0.04099379,-0.11384291,-0.061383966,0.025998713,-0.5191479,-1.2873423,-2.9623733,3.351024,0.24627937,14.35481,1.2164897,-2.4870064,14.545511,-0.17094253,4.878493,-0.6812677,1.5011381,7.6746764,-0.032360177,11.780785
1.0953225,-0.047523636,-0.9418061,0.41850027,-1.26911,3.9460623,0.4081256,-6.9980526,-7.4263906,0.67591965,-0.41039217,0.3866884,2.7219222,-15.818796,-1.6486745,0.9788549,0.39219418,0.63070214,0.09693785,0.24304663,-2.5977726,-0.804747,-1.6010607,-18.903816,-1.4393507,0.02760173,-0.5012932,-0.05958253,-0.057910416,-0.4708931,-0.12762511,-1.8371582,-1.2202802,-4.041718,-0.60010105,-0.23803714,-3.6369827,-0.5991222,-1.0072031,-2.4805658,-0.32429156,-1.049348,-0.07234089,-2.1707575,-6.2909555,-1.1013422,-15.0899515
-1.0537598,-0.16834234,-4.3976984,-0.16049087,-0.8472534,2.7405367,-2.8473492,-7.2217903,-5.4798346,0.2573016,-0.23938885,0.56272894,1.2955248,-14.082439,-1.9586302,0.43219844,0.49473864,0.6483962,-0.022589618,-0.27267572,0.10082668,0.07277886,-1.7359804,-15.306157,-1.7732222,-0.1890068,-0.36555463,-0.066956565,-0.22288053,-0.44360116,0.30324093,-1.2736686,-1.1457369,-5.443946,-0.45983666,-0.79586214,-2.8233047,-0.8418469,-0.8424347,-3.1503022,-0.26924357,-1.0077609,-0.6772339,-1.889265,-4.435314,-0.7536122,-13.050802
1.0977479,-0.05958865,-0.86350304,0.42050672,-1.2705644,3.9450269,0.44767013,-6.997449,-7.4243765,0.6905533,-0.410907,0.38846183,2.7273924,-15.825203,-1.651188,0.9791748,0.39201593,0.62799877,0.096421674,0.23998822,-2.5219762,-0.78649837,-1.5960002,-18.901876,-1.4342906,0.031186232,-0.4916093,-0.05056271,-0.04668033,-0.47206473,-0.186999,-1.8379724,-1.2197583,-4.03753,-0.6937935,-0.23877764,-3.6247914,-0.60243267,-1.0804472,-2.4872265,-0.32360667,-1.0444934,-0.071832225,-2.167418,-6.292461,-1.099149,-15.091685
-0.9628785,-0.14857826,-1.3933624,-0.0005462044,-1.4418318,2.4646711,0.32079625,-7.03677,-7.5319376,0.5817365,-0.8125845,0.3968657,2.5362709,-16.122347,-1.5884657,1.3277967,0.5276169,0.74411374,0.07466165,0.3130983,-0.036815546,-0.811666,-0.41384372,-16.33841,-1.0083395,0.1474802,-0.3908593,-0.028364262,-0.055462107,-0.43965945,0.3377521,-2.0541403,-1.149417,-6.5314584,-0.7239821,-0.37297484,-2.6877003,-0.68561226,-1.506068,-1.5103682,0.017562702,-1.0058042,-0.48454002,-2.1545331,-5.8624682,-0.33477834,-13.294033
2.5591784,-0.11524943,-0.13065492,1.3056134,-1.6690092,-2.3324897,-4.1339564,-9.758016,-10.165043,-0.0368853,0.05499567,0.812055,1.9735811,-11.377592,-4.092951,1.704537,0.17601617,0.46602368,0.5432002,-0.25156066,1.8840328,-0.36246368,-0.18062724,-17.171532,-2.714171,-0.41868678,0.394387,0.19736345,-0.8216138,0.5901236,0.05035667,-1.0685353,-0.5340937,-3.3030372,1.8327665,1.7050042,-4.223489,0.7359578,-0.32389894,9.255113,-0.1929522,-2.9390388,0.38242075,3.566513,7.701113,-0.03712739,16.358452
2.5189884,-0.29830816,-0.00014076577,1.2375114,-1.7777984,-2.5497966,-6.6562166,-6.7782083,-4.191549,0.053138003,0.43524876,0.5758853,0.72518146,-10.61281,-4.421858,0.33530894,-0.050334826,0.23748568,0.3898354,-0.3096033,2.7149668,-0.6637713,0.20007852,-14.542765,-1.6532727,-0.1328741,0.19611318,0.025995703,-0.89382976,0.32079533,-0.06246823,-1.1840047,-0.90207624,-3.9481375,1.6122183,1.2134511,-6.08308,0.47653213,-0.2745443,9.447338,-0.22903748,-3.1806316,0.29006734,3.6713321,9.742061,0.117967896,17.68088
2.6168258,-0.1795647,-0.37061036,1.1635379,-1.715788,-2.3693864,-5.076299,-9.548463,-3.60563,0.05377694,0.2572314,0.6018644,0.88775074,-10.763689,-4.418732,0.18768093,0.16993752,0.10988156,0.3971281,-0.4413125,2.5493405,-0.79796964,0.311177,-14.6791935,-2.2968109,-0.5364381,0.08892806,0.1460919,-0.8959348,-0.11526371,-0.054901093,-1.4707519,-2.5483441,-4.260113,1.6691567,1.1104579,-7.205528,0.44647723,-0.24469116,8.661616,-0.3126009,-3.254194,0.21005823,3.9057899,9.68228,0.0641871,17.334145
2.489891,-0.2062413,-1.4763316,1.1731646,-1.7047353,-1.6026051,-5.5643587,-9.3731785,-1.917914,-0.036025666,0.23424132,0.50062174,0.8404844,-10.527835,-4.5890727,0.32533762,0.0025868681,0.07281824,0.36327392,0.27079803,2.4701946,-0.6538266,0.27348405,-14.50373,-1.7930208,-0.46227452,-0.75140697,-0.23410738,-0.94903755,-0.03730675,0.056383133,-2.141282,-1.8331355,-4.437635,1.6201491,1.2046356,-8.679404,0.7128884,-0.14137827,9.073821,-0.24861753,-3.041253,0.26600438,4.784173,10.105406,-0.07284248,16.723888
2.4329262,-0.24028124,-1.1345538,1.0415057,-1.4034071,-3.7766514,-7.8280606,-6.4905825,-1.8366565,0.23234671,0.512174,0.43082106,0.55643165,-10.365442,-4.495045,0.13477583,-0.12093979,0.10238409,0.39117798,-0.5803462,2.5071924,-0.5166818,0.32118535,-14.671889,-2.025802,-0.26955834,-0.21510401,0.18024647,-0.72458506,-0.10795417,0.0677736,-2.1665733,-2.3090065,-5.2507873,1.4564246,0.909718,-7.8072777,0.5953586,-0.4605529,9.640452,-0.20565917,-1.3675246,0.16126221,4.7861905,9.413978,0.012874766,17.028719
2.6127331,-0.110656895,-1.50577,1.595034,-1.7414519,-2.9038243,-8.246692,-6.189312,-1.6847551,0.059727788,0.34852833,0.5063782,0.66626495,-10.5033,-4.9741583,0.5167054,-0.10419978,0.07492357,0.46751198,-0.30186483,2.114458,-1.101084,0.048962235,-15.861486,-1.7130039,-0.20967574,0.1510843,0.15595879,-0.7166451,0.044941068,0.29462704,-2.2058518,-2.6143506,-5.1978726,2.011205,1.1131543,-6.6228905,0.7876248,0.01258435,9.844752,-0.08623016,-3.0234385,0.1110501,4.712622,9.625875,-0.005994694,15.964244
2.871003,-0.1397041,-1.1135374,0.930703,-1.7414567,-3.7789366,-7.5830812,-6.344516,-1.726265,0.14484614,0.6676001,0.46376404,1.5330179,-10.335139,-5.247576,0.441935,0.066945605,0.12557489,0.39817852,-0.6623001,2.4043531,-0.91148096,0.29199284,-15.964466,-1.5565668,-0.324376,0.10270066,0.23418884,-0.7092483,0.06303215,0.37423694,-1.992571,-2.4728458,-6.1440578,2.3349123,0.73337567,-7.7241774,0.5832463,-0.36132306,9.566573,-0.17647661,-1.4835943,0.11002421,4.896869,9.868294,0.031954244,15.297407
2.36872,-0.070986114,-1.5398544,1.065077,-1.9053347,-3.9558117,-8.223899,-6.304756,-1.8053282,0.3726613,0.60754776,1.1362085,1.6224142,-10.250969,-5.010807,0.22891304,-1.3323627,0.1409038,0.4514307,-0.36431134,2.0409353,-0.4298121,-0.023749337,-14.00824,-1.8622122,-0.35328045,-0.30425307,0.0393913,-0.77559733,0.55570924,0.32564902,-2.0435765,-1.3804027,-9.423096,1.3984575,0.64030033,-5.125648,0.77368927,-0.78673065,10.489202,-0.2752256,-1.6486784,0.09102306,4.9634423,10.710417,-0.053031333,17.271996
2.8614466,0.13259023,-1.8327051,0.9159877,-1.6423359,-5.0675197,-9.953379,4.7489653,-3.4686954,1.1319001,0.41616744,1.1677107,2.2945633,-11.344679,-5.412001,0.25111365,0.12198706,0.17042644,0.74293333,-0.5304067,2.4802647,-0.52979857,-0.66237354,-14.541323,-1.7861404,-0.3797922,-0.11318037,-0.14993873,-0.7851878,0.8035137,0.3800719,-1.9730788,-1.0891671,-7.392958,1.9534061,0.6364907,-4.996239,-4.403821,-1.3073275,7.154835,0.08971879,-0.41052032,0.3527221,4.880916,4.569584,0.105884664,17.425058
5.7667418,-0.43158022,1.1601294,0.5388717,-1.0766447,-1.2944936,-9.339482,-6.5739717,-2.9711907,-0.29989794,0.2183779,0.56167376,2.1222892,-11.415606,-5.1438856,0.40718046,-0.05912126,0.15968594,0.27176622,-0.62369096,1.961833,-0.945135,0.19354424,-19.010883,-1.1620166,0.051829964,0.033397175,0.030248959,-0.56837535,0.43307185,-0.24302572,9.186871,-2.229881,-3.9626572,1.730312,1.4797425,-6.709728,0.16379595,-0.34732318,9.480986,-0.27369103,-3.5204263,0.07914575,5.1026607,9.973465,-0.44916597,20.387026
1.8309615,-0.070968516,1.5360545,2.3346493,0.060303103,21.850485,-0.20163342,-3.8329484,4.527742,1.2388854,0.784924,1.773184,2.1295054,-3.4931698,-2.4748096,1.2355272,0.32681027,0.47471553,-1.8956887,4.1842384,3.2894886,0.7381758,-1.2828014,-6.8433824,26.701178,1.370369,5.154718,0.19316526,0.8456198,-0.97070765,0.46237388,3.2089305,19.004608,-5.170481,1.2912616,5.1986113,-0.26648858,-1.0273986,19.547182,18.737146,2.5945466,-1.4433973,0.7602043,12.194511,17.539562,-0.008218722,36.726192
-1.955645,-0.11692486,0.7785748,2.6877534,-1.0189989,22.727163,7.629601,-4.381035,5.506717,-0.2573093,2.1254056,1.2754217,4.166558,-1.8233898,-1.9296608,1.224513,0.115323395,0.3369461,-1.322417,6.8667665,2.7826874,0.8689005,-0.95029575,-9.414417,22.327795,1.1156268,5.5755644,0.112178735,0.11121526,-0.90950876,0.0060153487,3.2311122,19.39463,-5.6636786,1.5506489,-0.3992874,-0.49116302,-1.2297398,20.36746,18.93889,1.6669718,-1.4340063,1.2976066,11.273148,20.680714,0.16472775,37.329132
0.7027638,-0.3268563,1.2075033,2.6330595,-0.96093994,24.946241,9.9635725,-3.1834133,8.524447,-0.7801776,1.4441762,1.0146887,1.3485688,-5.57264,-1.4774054,-0.27328682,-0.09255466,0.27222815,-0.1716838,4.5916305,2.5839858,0.70626336,-1.0086514,-7.601476,26.489906,1.1870021,4.1435504,0.19062506,1.1294885,-1.888005,-0.12734431,1.3495865,17.750818,-2.9493613,1.085857,-0.73172957,0.28154355,-0.21898109,20.546406,19.683418,-0.06399373,-1.8338947,0.054973133,12.694079,16.787535,0.09456261,39.375305
2.1457121,0.25030798,-1.7837119,2.4623182,-0.5176719,21.790367,15.884058,-4.160267,4.170599,1.5764564,-0.55063915,1.6208403,2.5468283,-6.993417,-0.78466976,1.6356319,-0.35550982,0.23330751,-0.7188792,2.2291667,1.7426553,0.82805574,-0.9534062,-8.631784,23.892569,1.0164186,-0.21789707,0.11994898,2.7370095,-1.2680779,-0.13236931,2.8674514,10.72947,-1.6273319,-0.8728213,-1.1519442,-3.4518073,-0.3944686,12.760559,4.181517,-1.464909,-2.869957,-0.1825767,13.20968,10.12489,0.011022693,35.995945
7.4274416,0.38927665,1.1713792,8.894694,0.08651959,22.066835,7.819174,2.0931349,7.8842773,2.3844583,-0.3652018,0.21389198,6.876261,-7.894493,-0.100204304,3.8875058,0.042975742,2.0980144,0.0059452434,3.3977318,-2.1336534,0.38606665,-0.097815216,-6.410991,18.270947,0.8440868,-0.95468986,0.017643115,1.7310538,-1.2972374,-0.0050563687,6.0449023,13.903895,1.600015,0.7462114,0.041649528,-5.555887,0.6667458,21.05763,4.4835134,9.741448,10.088683,0.47308427,11.841616,-2.1246433,-0.38635913,39.492645
7.245989,-0.14171134,5.937538,3.2845213,5.832636,20.342152,10.32559,-0.026706137,6.465247,0.8571047,-0.12643307,0.11566295,2.660435,-5.3625746,-0.05239267,2.0384252,0.8194762,2.5029068,-0.08363143,3.9962168,15.021371,0.5325757,-0.53487116,-10.712506,14.868148,0.20228656,6.948804,0.7300823,1.5109458,-1.4850459,-0.304854,4.514185,8.902544,-2.196612,6.6152678,0.4345946,-0.5439703,-0.094004475,18.711878,-0.82399946,16.123957,10.6550865,0.11901737,-1.0210425,-0.25238794,-0.84687686,37.160923
7.179112,-0.16210064,5.084655,3.6833792,1.5227426,21.323084,21.146633,2.9134278,5.8735814,3.2926354,1.3464246,0.4930788,4.1139164,-6.3906193,-0.041874528,0.7664738,0.8111863,0.9746867,0.11015721,3.7542002,11.983168,0.08162445,-0.8907148,-10.072297,16.278086,0.5544996,2.5790956,0.5406947,2.411327,-1.4806886,-0.042051975,4.5451646,10.209974,-0.46217084,6.5775843,0.7378092,-0.43593016,-0.007978348,-0.6931581,9.442285,9.5441065,9.547697,0.28082222,7.5104456,-4.720249,-1.1406554,40.21932
2.6640854,-0.15131302,1.6391016,0.6018579,2.1386573,25.713654,-1.3480192,-5.734768,7.4279785,-0.08171156,0.20353149,4.5874996,6.4601154,-6.455553,-1.0822463,1.6964682,-0.053489022,0.24467792,1.197209,3.0669212,2.200517,1.4696418,-0.6201944,-10.962803,11.898031,-1.226441,3.9166605,0.32233438,0.16194741,-0.5084405,0.14647333,6.1478577,20.907547,-4.033935,2.797201,-0.4930745,-0.5774956,1.4634049,24.157003,20.514246,0.45204303,-1.2201717,1.1418306,12.523481,15.873285,0.14952593,41.42894
3.3785493,0.041577924,3.3960302,5.599285,1.6149788,8.819034,1.3447686,4.706333,-1.782219,1.7945368,-1.5039684,0.29220632,3.8253725,-11.691036,1.5115952,15.187186,-0.5282204,0.55810726,3.372783,49.31678,-2.2300093,-0.23900644,-0.9852971,-8.866939,6.5173717,0.47995365,3.4821115,2.9105918,2.7636993,-0.92604715,1.078968,1.5920092,2.650835,14.880722,0.9447871,0.8844182,-0.9623295,0.042595305,0.53471243,0.49388975,9.88513,71.86369,1.7325566,2.171576,-4.5647206,-1.1935502,-3.3588696
1.4061459,-0.17967804,-0.59505254,0.20432277,-1.2800099,3.1510491,0.09942682,-8.365969,-3.3150876,-0.5809105,-0.5434084,-0.07008887,2.330267,-14.559702,-1.7774924,0.46509773,0.20283826,0.40812615,-0.07498047,0.15380077,-4.2147846,0.116316125,-1.2734079,-19.484306,-1.9075255,-0.27030027,-0.6824436,-0.025580725,0.29186252,-0.52873725,0.010266874,-1.764376,-1.4879225,-1.9501199,-1.5511259,-0.62819684,-6.176007,-0.3962707,-0.6354279,-3.9863865,-0.44100118,-1.2504942,-0.232828,-2.2834127,-5.6268992,-1.2411326,-14.061103
1.2938877,-0.034972876,-1.3814933,0.35872117,-1.1123049,2.5481832,-2.0819035,-7.2593255,-1.9711305,-0.9173988,-0.39500985,-0.04050771,0.8212956,-13.261475,-2.0650392,0.03165836,0.3296119,0.14611693,-0.093805745,-0.35828653,-3.7362757,0.37555942,-1.8977,-17.429897,-1.9312687,0.007751139,-0.300178,-0.07841214,-0.2484666,-0.6784794,-0.18495375,-1.5088645,-2.3962739,-2.7215574,-2.0207546,-0.5129217,-6.0407524,-0.12730373,-0.8817418,-3.6087475,-0.57387364,-1.0211992,-0.36320344,-1.925771,-4.514546,-1.5285103,-13.80288
2.0770128,-0.25201702,0.17791395,0.48684663,-1.0899543,4.653788,1.0866889,-6.8432016,-8.57691,-0.8387288,-0.45809868,0.005444488,3.7116227,-15.862008,-1.4499747,0.58914703,-0.016760528,0.52902246,-0.1596775,0.031314053,-3.3420677,0.45599753,-1.4015841,-18.999374,5.4277534,0.22273605,-0.3319557,-0.06805325,-0.18828546,-0.6881456,-0.071202725,-0.26805633,1.9849896,0.83519566,-0.49336204,-0.28827122,-7.3460245,-0.3332339,-0.91477513,-4.021182,-0.20999655,-0.76444316,-0.37756276,-3.1846313,-9.233122,-1.0650824,-17.301752
1.1068118,-0.26188207,0.020787237,0.1167279,-1.0308092,3.555444,0.43751663,-7.1645055,-6.24486,-0.74291825,-0.4685665,0.07219918,2.939072,-13.917967,-1.8145722,0.09862914,0.051405746,0.4207548,0.04576528,-0.5866766,-2.7078888,0.91541004,-1.7098129,-19.315733,3.6142514,0.15837608,-0.5476235,-0.0358706,-0.11751522,-0.6016124,0.23444256,-0.7761031,2.1188288,-0.84477335,-0.60943955,-0.09185796,-6.8491426,-0.22277375,-1.0767272,-3.7964506,-0.37706992,-0.91010785,-0.29367492,-2.3226297,-7.7301083,-1.1038262,-15.217239
2.0727744,-0.22292803,0.25447458,0.649688,-1.1779641,4.9723845,1.1276206,-7.079475,-9.927175,-0.8603221,-0.935571,-0.00931849,3.6850567,-16.6524,-1.4404211,1.0925375,0.04537392,0.60528415,-0.1408815,0.02028949,-3.5913846,0.41956946,-1.2038554,-19.36915,5.72489,0.1905374,-0.16246437,-0.08102386,0.27403194,-0.89547205,-0.08169682,0.12248488,2.2228231,1.6609809,-0.3812326,0.03663348,-7.097623,-0.33469456,-1.0094079,-3.9598117,-0.18126214,-0.6926856,-0.4153022,-3.2820413,-9.872952,-1.1526488,-17.247953
0.90075964,-0.16506661,0.25573182,0.5275406,-1.1103094,4.7169604,1.9071141,-6.650252,-9.033002,-0.6703783,-0.37279525,-0.0061411457,3.6780603,-16.559235,-1.6677942,1.1334487,0.10405865,0.55424035,-0.14256598,0.14551163,-4.470002,0.44435054,-1.3022954,-19.475199,5.1011496,0.25063682,-0.14053652,-0.02359832,-0.34118074,-0.8942709,-0.1533536,-0.043459438,2.1367114,1.6961187,-0.4191411,-0.04209889,-7.131807,-0.34742358,-0.9677667,-4.14189,-0.17824742,-1.2781098,-0.37854826,-3.6457663,-8.005861,-1.1387578,-16.797882
0.98898774,-0.21741417,0.120556526,0.63117534,-1.1266185,5.212029,1.2231038,-6.7833533,-10.412094,-0.9394479,-0.33986768,0.10062428,3.6542108,-16.884924,-1.6492344,1.1618047,0.03986995,0.6262593,-0.12860592,0.05739456,-3.6660137,0.48249504,-1.4243436,-19.266256,5.582692,0.21947789,-0.16354626,0.04687285,0.121468715,-0.9469636,-0.2271543,-0.26484156,1.9185239,1.6448436,-0.25804788,0.039896384,-7.1129837,-0.3333224,-0.7134275,-3.9920294,-0.215667,-0.6477707,-0.38342682,-3.2018137,-8.146476,-1.1354959,-17.078176
2.7647614,-0.32142058,-1.0716596,-0.023747658,-0.628625,-9.668156,-11.660423,12.768093,1.0869614,-1.117076,0.41561937,-1.0676285,-0.86765444,22.882132,5.1386886,-1.2243714,2.4712634,-0.6684951,-0.1906236,-1.0234777,19.407078,-0.14894198,-1.9672648,32.473385,-4.4891133,-0.6508291,0.3626956,-0.42874956,0.3660031,-2.0785024,0.14027567,-1.7207773,-1.3619472,-2.6019685,0.22115628,-2.928011,13.949985,-0.8499318,2.161726,3.6062782,-2.012315,-0.78185666,0.63573164,1.5667857,6.0967236,0.081141286,16.850126
-0.84518003,-0.58975846,-2.4991608,0.08770425,0.18120265,7.0829177,-5.5536838,6.5593224,-4.724911,-1.5576451,0.9971756,-0.73183805,-0.97584224,25.168903,2.5799074,-0.036108863,0.04448266,-0.17758046,0.67568755,-1.6900227,0.9371474,-1.2931901,-3.4556234,27.581396,-2.5522475,-0.654129,0.16614288,0.097920865,0.31733435,0.25080666,0.44145197,-1.7572792,-1.8730063,1.2803184,2.1489792,-0.6113483,17.349058,-0.9726037,-0.41436416,3.4013152,-2.202889,-2.6310532,0.586411,2.4549944,9.79144,0.120033555,21.311947
-1.226173,0.13020563,0.9030048,-0.8409214,-0.8918151,-11.277963,-18.070948,47.441513,1.2003596,-1.5300679,0.70304036,-1.3546,0.3061504,35.345634,5.4011316,0.50081587,1.3549021,-0.7267924,-0.712847,1.1534319,19.397425,-2.0954568,3.1466544,44.263092,6.659824,-1.4296309,1.3215296,-0.11104888,-0.36741927,3.2358541,0.3637398,1.6126325,-0.7358407,-0.25591666,-0.039372943,-1.9081252,14.713327,-0.23092984,-0.71181446,6.1912,-2.3162694,2.674274,-1.5550447,-0.8060278,5.1043205,-0.16997324,16.206266
0.7288123,-0.16216141,0.7494224,-1.0659437,-0.79584664,-9.422592,-24.071459,44.200844,2.7916749,-1.4520512,1.0215706,-1.1949694,0.30010316,28.550362,5.7282486,-1.1879338,1.4255595,-0.8064906,-0.1996504,-1.2102495,19.326302,1.0545108,1.3286736,46.795147,-5.064739,-1.6536942,0.067296214,0.07114173,-1.4606442,5.608028,-0.5824664,2.5733094,-0.9451743,-7.280837,0.4567066,-1.1521858,14.163691,0.2527318,-0.15896206,1.7794116,-1.1965578,-0.9584718,-1.3170947,-1.050333,4.944025,-0.42222902,19.956108
2.247581,-0.66101015,-2.1798713,-0.301626,0.51905656,4.8033934,0.06714041,7.0519857,-4.5927973,-2.059287,1.0289342,-1.0025892,-1.1716222,26.571592,2.099594,-0.10235687,-0.97900546,-0.14310323,0.5568006,-1.8009373,-0.11502054,-1.050296,-4.473884,29.135996,-2.4635868,-0.46022707,0.15978591,-0.3399512,-1.309196,0.58485264,-0.30065688,-3.79865,-2.212827,3.8655019,1.425401,-0.7729893,17.161655,-0.3107418,-0.7947876,1.1117072,-1.9530325,0.1517143,0.3374592,2.5764084,10.526521,0.12485717,20.351402
2.1429691,-0.5652473,-2.2660594,0.4714804,0.5352536,4.922044,-6.284578,4.918517,-3.3997626,-1.4165938,1.1419187,-0.9471004,-1.0398841,26.801664,2.6114364,0.051572893,0.086319946,-0.17903107,0.33178788,-1.4315339,1.1218677,-1.0064381,-3.647127,29.049486,-1.9287413,-0.68275076,0.15561533,-0.19622494,-0.41540268,-0.073429525,0.21625707,-3.833337,-1.7082329,4.0769653,1.6295333,-0.7852023,17.246542,-0.5072685,-3.1311154,3.2985444,-1.9413755,-2.890616,0.40870982,2.6473308,9.72121,0.0014730797,20.683418
-2.674668,-0.09574605,-0.35144767,-1.163058,-0.4277905,-4.805459,-9.991104,4.180332,-3.489052,-1.1159955,0.8528297,0.13892964,-0.7726241,26.295242,4.3952675,-0.56548405,3.3796124,-0.19234796,0.4953687,-1.365764,19.224329,-0.2360611,-2.8487663,29.264801,-2.6008804,-0.70102334,-0.2167802,-0.10563336,-0.6460715,-0.0034321586,0.330857,-1.5179257,-0.6520223,-0.49791408,1.6572223,-3.481549,13.492684,-0.062882535,3.1935916,2.7219033,-2.3061345,-0.69311213,0.60690194,1.3373979,6.9389496,0.29544628,18.185743
-0.84305066,-0.5842852,-2.5036883,0.1038155,0.18463449,7.095362,-5.4777956,6.602842,-4.646617,-1.6514301,1.0459367,-0.8552747,-1.1739701,25.272202,2.3371942,-0.025637116,0.040266424,-0.1836804,0.6767902,-1.6784896,1.0244186,-1.2633729,-3.5119717,27.70635,-2.5428016,-0.64997745,0.16012187,0.2255645,0.30569017,-0.25627288,0.44006914,-1.7894504,-1.843186,1.2238178,2.0001965,-0.61646605,17.270369,-0.24742898,-0.44975045,3.3006706,-2.204204,-2.6497614,0.5864841,2.4611092,9.90241,0.19559668,21.37924
2.4819398,-0.44775492,-2.4719195,0.24215582,-0.2592746,5.3588805,-10.789391,6.6275883,-4.3824286,-1.2073219,0.7510775,-0.6505157,-0.9043691,20.629368,6.0834074,-0.22061871,-0.077108815,0.019481583,0.5533559,-1.2842195,0.5769436,-1.0990055,-4.205816,28.718584,-2.411342,-0.71705294,0.036904786,0.055331435,0.11950274,0.28181648,0.5115894,-3.7465143,-1.6643449,1.1273425,1.8869036,-0.80192083,15.777548,-0.2502259,5.151124,3.3096983,-1.6218265,-1.7994285,0.5666964,2.5097878,9.448846,0.16773911,21.487362
1.9859884,-0.47786754,-1.7694057,2.4213204,-0.9355478,6.545382,-1.2480595,7.409572,-5.2447124,-2.2634032,-0.14665839,-1.0066301,-1.4639162,25.339165,2.1365793,0.29719943,-1.2497497,-0.1617629,0.3774068,-1.7142189,1.2013355,-1.2294756,-5.723105,30.495007,-2.6135645,-1.0313245,0.114507355,-0.21392718,-1.952939,-0.4751833,-0.3991461,-3.7341185,-1.829118,0.8546628,1.864983,-0.92031264,18.312944,-0.41540983,0.3148678,3.043624,-2.82307,-2.0160468,0.2578802,2.829993,10.50605,0.082891405,20.76308
-4.426506,-0.11997463,-1.2187552,-1.3996613,-0.11414598,-7.338548,-11.877293,-5.2206545,0.028768722,-0.6594866,0.9058029,-1.0053316,-1.6727408,-0.6650662,-6.078685,-0.7274857,-0.19593565,-0.001718346,0.3837071,0.47807553,28.583946,-0.16475372,-0.6599858,-8.017184,-3.4125195,-0.72071964,-0.9619666,-0.10511528,-0.19879937,-0.8124841,0.49056253,-0.6028748,-1.851817,-5.8352203,1.4521471,-2.2301548,10.037322,3.8698483,-2.8185477,9.545154,-0.06802797,-0.54257804,0.22463004,2.20554,1.552727,-0.4013673,4.7976923
-3.2437277,-0.04569353,-1.3297964,-1.4935094,0.04717781,-8.038554,-12.441905,-5.2574377,-0.97526586,-0.5063598,1.1032884,-1.6956681,-2.0522816,9.367471,-6.3182693,-0.71960217,-0.5004821,-0.12958127,-0.25449055,0.29400864,26.972149,-0.1984776,-0.8206711,-6.9461813,-3.7069335,-0.96251816,-0.4120039,-0.043997042,-0.71121687,-0.828533,0.16056903,-0.71769965,-1.76374,-9.6896305,1.073467,-2.0997467,9.997043,2.818709,-1.0811983,5.001137,-0.38970426,-1.0236886,0.26179585,2.347255,1.4831607,0.3270284,7.9874253
-3.5052204,-0.4772866,-1.8571556,-1.6446241,-0.23745628,-14.380115,-14.9326935,-0.7022507,-6.353,-0.85947675,0.7056628,-2.190708,-2.1584368,5.5294533,-7.5493016,-0.6463528,-1.2862022,-0.104979165,-0.6672956,0.20637059,20.703842,-0.21003552,0.19515835,14.288855,-2.931566,-0.6949609,0.2680314,-0.21576737,-0.169631,-0.99947363,0.115180306,-1.3015308,-1.8421804,-10.92545,0.6296423,-0.76360434,9.602734,0.98193455,-2.6721451,3.5825386,-0.5451456,-0.6681435,-0.504318,1.7803218,6.2911854,0.2867842,12.027833
3.0400715,-0.2595843,-1.8819755,-1.9060116,0.52435964,12.110846,15.717312,5.22626,-3.6057665,-0.83151203,-0.2663784,0.6435341,-0.62006086,25.41927,5.2566395,-0.32449475,-0.4163193,-0.12826043,0.021547373,4.375613,0.48274082,-0.09176322,-1.480973,34.664246,-4.0569873,-0.22486039,0.010059908,-0.00987828,0.7492639,-0.9272182,0.051994193,-2.131077,-0.89965165,10.37058,2.13548,4.1687984,17.244602,-0.54393876,-0.88677824,7.5201325,0.49438056,-1.5984514,0.3635378,4.8759484,8.802615,0.15440126,27.781057
2.1659632,-0.15876,-0.9820455,-1.5959843,0.6951974,12.036612,15.041562,4.376396,-2.718853,-0.9317793,-0.2972494,0.5575728,-0.5742924,21.97023,5.4930162,0.30337155,-0.5124206,-0.012907896,0.01848284,6.9700627,0.294503,0.26329064,-1.1531316,30.32065,-3.2489555,-0.11647683,-0.29744712,-0.056678083,1.0457212,-0.7310823,0.056863893,-2.4548068,-0.87582284,10.988284,1.8025315,4.3082166,17.703352,-0.5376913,-2.2651043,7.345602,0.49089658,-1.152421,0.4093428,5.125521,8.599738,0.054360356,27.67601
3.9383738,-0.52949226,0.18598789,-0.588521,-0.29923552,16.6674,21.22584,3.8146584,-5.511152,0.31390357,-0.35979128,0.5958719,-1.7730485,22.30988,0.69845676,0.6022948,-1.1859665,0.08603045,0.21333472,6.827189,-0.18459022,0.27390683,-1.7983164,29.59414,-1.6707677,-0.42621568,0.37582174,-0.22087723,2.8222494,-1.0512673,-0.31994972,-2.4398875,-1.2170662,11.576091,2.3492117,4.960796,17.500343,-1.0019314,-2.933797,8.899497,0.46236825,-1.6442901,0.37311953,4.2736683,7.8876014,-0.093431905,19.889595
3.5605612,-0.42795488,0.038232576,0.2007741,-0.060135365,20.84681,25.94572,-6.1666427,-3.1751335,-1.6076885,-3.2514012,0.538892,-1.5460855,23.316238,3.81669,0.08681715,-2.165494,0.13664773,-0.42110044,6.67014,0.7052471,-0.9483399,-0.7327897,-8.31652,-4.018562,-0.46842247,0.38402635,-0.21436806,3.0036461,-0.6513617,-0.2419187,-1.8097675,-1.1117208,11.899426,2.1407275,3.567897,17.60895,-1.0093201,-1.7351376,11.482518,0.30109552,-1.6255733,-0.08520453,5.818187,16.168114,-0.07049766,28.470797
3.9060829,-0.39531624,-0.9320131,-0.8686462,0.03312928,13.334506,16.318682,-8.360578,-2.800697,-0.32447934,-0.50808,0.35257903,-1.96012,21.009573,5.8923454,-0.2982386,-0.14474592,-0.053409215,0.008601461,6.65292,0.6705873,0.033749767,-0.53173214,30.881805,-1.9382375,-0.16238919,0.057119783,-0.08824912,2.3140004,-0.8955436,-0.43877292,-2.460094,-1.1172152,10.894108,1.858919,3.5369816,17.283697,-1.5749705,1.9892668,8.911644,0.2694942,-2.4733918,0.41342023,5.42112,14.4514265,-0.09384797,25.565435
3.9402692,-0.10465013,-0.7092793,-0.9521512,-0.5922629,12.036217,12.135602,2.6527867,-3.188654,-1.008627,-0.3898206,0.3864242,-0.6602379,22.830149,5.495906,0.05705245,-0.6151482,0.081725776,0.065138236,6.016668,0.2148291,0.2693698,-1.2151417,34.789856,-0.8075444,-0.22856076,0.123594634,-0.017481208,0.4804813,-0.6689601,0.08162242,-2.0691059,-1.4998636,10.032681,1.4714918,4.23087,17.460222,-1.5651587,2.5924022,6.424719,0.2535799,-1.352674,0.47376478,4.6586366,12.461801,0.20138012,26.01904
3.6432316,-0.3915682,-0.91435635,-0.9741307,-0.05679937,13.464698,17.795382,-8.436954,-3.6629548,-0.38827258,-0.51069266,0.38337943,-2.1953511,21.67482,5.532822,-0.12546857,-0.15169983,0.026367614,-0.2833312,6.2055764,0.35046032,0.26897496,-0.73233753,29.579487,-1.3361937,-0.20927808,0.39710164,-0.09985527,2.9390023,-0.8622003,-0.19844495,-2.5556624,-1.498222,11.251813,1.4438591,3.5764167,16.000513,-1.7108021,3.7760642,9.16478,0.2420318,-1.2011069,0.25956056,4.877165,14.467827,0.07125754,24.207527
3.7719238,-0.5872937,-0.441641,-0.9487472,-0.15164703,14.807791,16.14627,-8.572634,-2.8421705,-0.22557987,-0.808682,0.20280437,-1.8473414,20.948841,3.7074132,-0.23714383,-1.9092165,0.44640154,0.4197997,5.5028214,1.2916187,-0.03235847,-1.0467005,32.143208,0.078700304,-0.18298665,0.26318628,-0.10145611,1.5810692,-1.7399573,-0.41747364,-2.6456995,-2.0644734,10.776242,1.0778906,3.1680398,16.048286,-1.5847768,2.6889577,8.402555,0.3195459,-1.1573164,0.35615826,4.6379433,19.982357,0.07390459,24.359192
2.6437025,-0.053933937,-1.4730482,-1.6056979,0.14656405,6.26904,5.3256183,6.673696,-3.1727858,0.14954934,-0.42712438,0.5418034,0.6467825,36.252087,7.344314,-0.18007897,-0.50526845,-0.8429315,0.58147395,3.5785077,-0.0719326,-0.2121508,-3.1249344,31.237856,-2.1552079,-0.13856623,-0.14701775,-0.10861236,0.08171378,-0.12224581,0.20754243,-2.213431,-1.3975822,2.6905446,2.027165,-1.7637937,18.94881,-1.5821116,2.2851396,3.7964697,-0.9481275,-1.5295044,0.77793217,2.9930272,12.147287,0.33560503,27.665342
2.773315,0.2523472,-1.0180062,-1.4634812,0.084761836,7.777862,10.498987,3.3885312,-3.3854086,-0.64086074,-0.48524365,0.2935747,1.3305804,31.713566,5.113014,-0.54540974,-0.40542763,-0.043590046,0.11240882,6.712337,0.42941928,0.086879335,-1.9752772,33.920418,-1.8850725,0.12343022,0.15643378,-0.056485455,1.5044096,-1.2724975,-0.11157765,-2.3557272,-0.9580844,7.3419204,2.2498386,4.0512967,16.478798,-1.5136691,2.0483048,-0.612616,0.2645224,-1.7068415,0.5738147,4.1701775,12.853062,0.1874616,25.645142
-6.546389,0.26239404,0.2173475,-1.5878263,3.4263575,-13.0866585,-16.263733,2.3163683,-13.951336,-0.29640597,0.9127887,-2.7506742,1.0469594,11.780613,1.5603021,-0.06596553,0.74100554,-0.8113122,-0.011265289,0.35620275,21.052023,-0.47434098,1.877144,-8.234301,-3.1712568,-0.42543718,-0.41667947,-0.30304337,-0.99043506,-0.51491266,-0.006366704,-0.6424302,-1.3049399,-9.428631,0.16555808,-3.8768692,15.202591,1.5845178,-4.130717,3.9734054,-2.5709665,3.5825725,-1.043146,1.6302689,6.1176634,-0.17691311,-0.19674556
1.2320458,0.0885158,-1.7243661,-0.288397,-1.3185229,1.7998087,-0.50806075,-6.321595,-2.4349196,-1.0535692,-0.24891333,-0.27219442,0.0060827327,-11.721326,-2.9559057,-0.21651839,0.4100606,0.17564346,-0.044642195,-0.6609384,-2.2760408,0.36074838,-1.6052816,-16.803728,-2.357374,-0.05157014,-0.28635168,-0.03554127,-0.13560468,-1.1663854,-0.31629822,-1.5213429,-1.8230997,-3.4236789,-1.4290607,-0.6434285,-3.3211496,-0.011868656,-0.99516356,-3.8264358,-0.9097133,-1.3394691,-0.23903471,-1.9396721,-5.300315,-0.470714,-11.755718
1.5117522,-0.11198701,-1.162997,0.20460968,-1.4340763,3.4203596,1.1257786,-9.274199,-3.197715,-1.0961359,-0.49782565,-0.097476095,1.1612351,-13.093102,-1.8286682,0.24522626,0.25558317,0.34432527,-0.12989925,0.1495533,-3.9157932,0.28299376,-1.5478891,-18.3947,-1.8567026,-0.142962,-0.399435,-0.0032815002,-0.03121043,-1.241643,0.055286318,-1.7222078,-1.54546,-2.7542188,-0.9960177,0.021591345,-5.9648995,-0.49380097,-0.62478465,-5.034009,-0.37716955,-1.2640518,-0.2520496,-3.3978713,-3.8441246,-1.2286148,-14.827187
1.253261,-0.12002284,-1.373093,0.07796728,-1.5175414,3.5236344,2.3604956,-8.393494,-2.1954556,-1.180331,-0.22733323,-0.11910247,-0.5754604,-11.818535,-2.5483124,0.02644902,0.39139035,0.1682572,-0.053356517,-0.6364383,-4.3582697,0.45851445,-1.6220047,-17.21692,-2.3184912,-0.07039182,-0.28014252,-0.092896104,0.4997978,-1.1474056,-0.14944935,-1.5536002,-2.2353756,-3.332324,-1.450888,-0.5971325,-6.71717,-0.48056826,-0.9411985,-4.9284267,-0.9311289,-1.0029709,-0.21167733,-3.371001,-5.2534924,-0.4737438,-12.460719
0.59554976,0.08473447,-3.996091,0.18247762,-1.3747822,1.474689,0.31294703,-7.6119533,-2.0504143,-1.0801977,-2.1693404,0.16532433,-0.2938879,-10.161063,-2.9777308,0.036879145,0.32483768,0.0881347,0.014410174,-0.6124533,-1.2939221,0.24988472,-1.1759503,-16.999252,-2.643312,0.010447149,-1.3402101,0.021037558,0.25498915,-0.7862884,-0.19877979,-1.5158705,-2.2427175,-5.133907,-1.6682311,-0.52825683,-6.7954164,-0.8582617,-1.0191725,-2.6368504,-1.1270092,-2.1843054,-0.2896847,-2.0340095,-4.372416,-0.5157399,-9.083358
1.4665458,-0.11664354,-4.885681,-0.2915722,-0.6489405,2.0401602,-1.8889153,-7.645838,-2.5508327,-0.9967326,-0.27465904,-0.58884466,-0.32511365,-12.235506,-2.739475,0.081903435,0.52993995,0.23446628,-0.038246397,-0.61379474,-1.5233614,0.4453672,-1.627871,-16.468288,-1.8693192,-0.054783758,-1.0774541,-0.05349666,-0.029965144,-0.70668644,-0.18780327,-1.5550187,-2.176888,-5.569902,-1.2985411,-0.80874324,-6.9460025,-0.34957263,-0.7938452,-3.0849936,-0.552392,-1.0364838,-0.32551453,-2.1415205,-3.4575653,-0.28551945,-10.086692
1.5005285,-0.23642829,-0.5367574,0.03823545,-0.86433494,2.8113668,-2.2284298,-8.335044,-4.3949833,-0.82740086,-0.48799443,0.11411448,2.1847346,-14.747005,-2.0934465,1.0581441,0.35369217,0.6614185,-0.074842736,0.496929,-4.3538036,0.03119464,-1.3593562,-19.318485,-1.7684615,-0.16744426,-0.4716175,-0.09340938,0.6129334,-0.8020256,-0.29520363,-1.0946696,-0.49820304,-3.1667554,-2.1454706,-0.26768216,-7.4397902,-0.64285004,-0.61207956,-4.4801846,-0.2230109,-1.3777915,-0.38652498,-2.4030056,-4.135075,-1.0583746,-14.267453
1.2611132,0.06610881,-1.171238,0.34871,-0.63793176,1.7682962,-2.7648087,-7.346237,-4.1915655,-0.8871269,-0.48790964,-0.4104213,2.197487,-13.303832,-2.1149116,0.9348657,0.3477387,0.5050927,-0.020980148,-0.5329421,-4.6424685,-0.018382903,0.833831,-19.177814,-1.614676,-0.7215524,-0.41518858,-0.082508974,0.04726889,-0.5328148,-0.09959618,-1.240622,-0.62695897,-1.792893,-1.4655467,-0.6857398,-6.841762,-0.609297,-0.83532494,-4.1855755,-0.090851694,-1.2997977,-0.45160687,-2.5208259,-4.510637,-1.0713367,-12.415233
1.7130308,-0.15578946,-0.53402656,0.14912109,-1.208662,2.7007363,0.100894876,-8.271865,-3.8670902,-0.98214865,-0.3799616,0.2762591,1.2075464,-12.787618,-2.3527153,1.2148021,0.3982743,0.346641,0.01721785,-0.22258297,-3.33522,0.20276257,-0.2333458,-18.213968,-2.0806386,-0.044355825,-0.514121,-0.1148642,0.4064577,-1.3167431,-0.34089854,0.014585658,2.3478012,-2.599773,-1.9029529,-1.0450858,-7.7363286,-0.45081002,-0.96117854,-5.393378,-0.55037516,-1.466273,-0.505762,-2.466576,-5.7518206,-1.0577557,-13.541018
0.44089237,-0.12515542,0.20191336,0.6306996,-1.1127976,5.123894,2.0747073,-6.689361,-9.840018,-0.94126624,-0.6962139,0.09539392,3.6551514,-16.918901,-1.6702559,1.1426672,0.1278812,0.5330773,-0.14437218,0.05449658,-4.734368,0.46526337,-1.4236549,-19.352905,5.312092,0.21688145,-0.18714479,-0.025218287,0.06202962,-0.68039125,-0.075548686,-0.21486655,1.8814832,1.6369532,-0.31683183,0.019152686,-7.0831704,-0.30956146,-0.7312508,-4.0202208,-0.20842497,-0.71525663,-0.33696795,-3.173601,-7.9226794,-1.1399449,-16.602673
0.89437777,-0.0664896,0.22175282,0.6251938,-1.1278548,5.074776,1.2612615,-6.873171,-9.65901,-0.94231814,-0.7184977,0.017147588,3.6970181,-16.79274,-1.65319,1.165289,0.040089093,0.5465904,-0.13676427,0.052494206,-3.6442091,0.43367463,-1.4221568,-19.332949,5.3022666,0.20592895,-0.15806083,-0.037424035,0.040063567,-0.6696622,-0.07457135,-0.21863456,1.8830906,1.6441205,-0.21631584,0.007635913,-7.260241,-0.32576776,-0.7191852,-3.999087,-0.17338857,-0.7158268,-0.36662188,-3.5470762,-8.11093,-1.1384217,-17.179077
2.0817008,-0.19875592,0.37448248,0.86147696,-1.1498201,4.7852225,1.4927795,-8.033609,-8.531782,-0.7492455,-0.72100955,0.009243859,2.864572,-14.589299,-1.4330701,1.1640849,0.089036934,0.5649484,-0.18614686,0.04851032,-3.520278,0.37685367,-1.4091845,-18.831411,5.8620605,0.2060766,-0.13139561,-0.33758596,0.0064695347,-0.69621015,-0.07837705,-0.2266789,1.8237822,-0.94997025,-0.32228324,0.009365476,-6.929187,-0.340726,-0.7116858,-3.8172336,-0.20306012,-0.6994236,-0.38796297,-2.672668,-10.011185,-1.1291517,-17.983187
2.0880072,-0.2224259,0.35238305,0.7035086,-1.1378615,4.9219584,1.2806116,-6.9605436,-9.688175,-0.9817018,-0.7395558,0.03801103,2.4900038,-13.254986,-1.4406002,1.1498008,0.09026409,0.5533425,-0.13601872,0.04667437,-3.7179983,0.41533798,-1.5108691,-19.182684,5.8913746,0.2029627,-0.17157479,-0.04050037,0.087105796,-0.6759208,-0.07618967,-1.769367,2.0082858,-1.0012014,-0.31286773,0.006248039,-7.3478055,-0.3722278,-0.67426354,-4.2511263,-0.19778295,-0.6823525,-0.35437784,-3.0550187,-9.778028,-1.1218903,-16.831558
2.0976856,-0.22038239,0.14595631,0.8508578,-1.1536374,5.4786987,1.3465828,-8.100559,-8.5760145,-0.8082076,-0.88033664,-0.010860279,2.793988,-14.576826,-1.4277344,1.1101995,0.09037163,0.58596873,-0.25745666,0.038437374,-3.5482986,0.3505882,-1.3765069,-18.916927,5.990582,0.24751462,-0.08542344,-0.07627173,0.0631336,-0.6462714,-0.08545176,-0.04727187,2.0404437,-0.92704165,-0.3507828,0.09849244,-7.2223043,-0.3687291,-0.7506668,-2.6080244,-0.27661228,-1.3294158,-0.49090627,-2.3976958,-10.1513195,-1.1415801,-18.37881
-1.565312,-0.15669347,-1.7795242,-1.5552201,-0.53498626,5.0559487,-7.1696506,4.996587,-5.5438676,-1.6092945,0.87428546,-0.42069247,0.3053871,18.58755,6.5110817,0.16349211,3.535926,-0.25381267,0.17511253,-1.9247477,16.403423,-0.5353919,-3.189753,29.785809,-2.7867548,-1.0752593,0.8136667,0.024632622,0.20565774,0.236332,0.6221936,-1.6963129,-1.5080168,0.92314976,1.6643598,-2.466089,15.910823,-1.104893,-1.1993066,3.0028286,-4.4365807,-2.0557592,0.55933654,2.3262985,8.573668,0.14718753,16.536535
1.0684278,-0.7205156,-1.4975474,-0.96939516,-0.82892555,-0.5713034,-6.2439055,3.5555503,-4.6126895,-1.9910997,0.8110192,-0.64893526,-7.984547,25.79129,7.642627,-0.92907816,2.9316118,-0.25301006,0.08937992,-1.2061862,18.233877,-0.61123186,-4.3399987,26.764944,-3.0795796,-0.68188596,-0.35208926,0.1076206,-0.14120807,-0.1639284,0.46405402,-2.4635248,-1.0490583,-0.3038055,1.6772256,-1.5489852,15.3292465,-1.2182654,-0.21709453,4.671721,-4.000791,-1.252031,0.62921464,2.0360246,8.067411,0.07409082,14.868554
-1.2348334,-0.31798628,-1.9988673,-0.64926237,-0.5245004,4.37199,-4.1190233,4.4553747,-6.9062533,-1.4304438,0.37911412,-0.7473087,-0.696102,23.251244,0.7655161,1.0256648,2.880084,-0.2339137,0.66527706,-0.17584142,21.580086,0.5517013,-2.9068093,28.3506,-3.4837885,-1.6346375,0.24362525,-0.052151415,-0.04445099,-1.2508036,0.47345325,-1.8771927,-1.2118453,-0.97867376,1.297694,-4.2469115,15.211072,-0.539708,1.4593627,1.9888147,-0.46433628,-1.7381539,0.6208418,1.4760745,7.0643854,-0.01381106,15.475306
-0.8372821,-0.2709872,-1.8680781,2.4174752,0.48521104,10.065428,3.5073214,7.100445,-6.908539,-2.2086248,1.0619411,-0.9564623,-0.5257198,26.734762,2.2381244,0.6160404,-1.3807431,-0.13948198,0.35904482,-1.7635343,0.2771838,-1.2435133,-5.4569235,28.699251,-2.1183872,-0.95632535,0.18739295,-0.053055882,-0.12104428,0.26536867,-0.34780723,-2.3774102,-2.0870006,4.2144623,1.9121535,-2.3319793,19.353048,-0.44313556,-2.8510354,3.5288815,-2.3737986,-3.1500692,-0.08206358,2.3640728,10.159283,0.20272261,21.860928
2.5966723,0.046543095,-1.3986615,-0.3940038,0.38907963,4.0187635,-9.519408,5.8264375,-4.1109743,-1.2163458,0.86087483,-0.73132896,-0.91490626,23.360554,1.6438339,-0.052300062,0.26335436,-0.045444507,0.6760543,-1.5808148,0.9989009,-0.8570785,-3.7987974,28.983078,-2.0570617,-0.32857504,0.15369664,-0.02478633,0.54252625,0.93556654,0.6561908,-3.5018907,-1.5821275,1.147917,2.143711,-0.6301668,15.817679,-0.11558929,0.3712709,3.6648355,-1.9182642,-0.33722737,0.5653901,2.94648,8.744808,0.15125687,20.89111
4.295614,-1.3322686,-4.767371,0.795411,-0.66722614,13.663878,4.1299067,4.7792916,-9.20145,-2.6678176,0.39170673,-0.009907787,-1.2624035,21.72385,-5.3512173,0.4357853,-0.42212665,-0.32827395,-2.0443528,4.438431,-0.9476614,-1.434981,-4.9517975,25.718847,4.8876886,-0.97426856,-0.6857252,-0.17339769,0.15381643,-2.1587036,-0.42052132,-3.1312964,-1.9167378,10.384798,0.22214878,4.509018,14.328878,-1.9459337,-4.127654,5.746688,0.3203825,-1.6660872,-1.660673,3.1697798,9.600047,-0.025962714,14.708346
4.8345037,-0.53084505,-1.0567935,-0.5713413,-0.036161456,2.0805626,1.7197158,21.998325,33.544426,0.16381201,0.7820839,-1.3265829,-0.547656,32.787903,7.472229,1.6104395,3.7094703,-0.843268,-0.37010995,0.9916755,18.668955,0.92087907,12.91621,46.647346,9.148572,-0.45115626,0.15236479,0.19759865,-0.05003829,5.7614646,-0.27407536,6.5202518,0.13379247,2.3290052,1.4360032,-0.7242965,21.41571,2.3905568,3.528232,11.321539,0.44128153,2.581216,0.7332549,0.84537685,8.1793585,-0.1631062,20.862392
-0.012012217,-1.8217695,-1.1736255,1.8062027,0.38707903,-5.1959777,1.4387631,21.904337,32.522896,0.42974645,1.1484308,-1.2968365,-1.0830678,33.08857,7.0381145,1.5328939,3.7593956,-0.7765448,-0.59105295,2.13743,18.829067,4.073749,11.660098,42.394714,8.41987,-0.5058127,0.21722113,0.13793314,-0.100956455,4.533894,-0.26694873,9.269244,0.15702318,2.7027023,1.762739,-1.0213901,21.195763,1.2960993,8.798792,9.896026,0.7207159,1.2460535,0.38480046,1.1911404,8.104515,-0.3290195,20.467562
0.46988353,-1.199767,-1.2581804,-1.1908754,0.4032775,-4.7749977,1.5054997,20.981644,35.75128,0.40328595,0.9995102,-1.6410766,-0.9383784,33.122562,6.9171634,2.5652478,3.6474535,-0.89168674,-0.48857027,2.0080142,18.754942,4.147715,10.966229,42.778847,8.942828,-0.5245016,0.14163753,0.09004677,0.031529102,4.1296983,-0.2867942,9.283525,0.18624012,2.5985887,2.7919714,-0.7307275,21.049757,2.3171947,9.706968,10.184678,0.71887726,-1.5612375,0.4342829,1.123355,7.649778,-0.35217983,20.221
2.2298987,-0.42425826,-1.356007,1.6057159,0.7225155,4.672509,1.0654391,22.892637,32.71625,0.73571074,1.0122541,-1.5765964,-1.5438683,22.50009,4.8541083,0.6006333,3.915134,-0.5564871,-0.4087983,0.75085264,19.356041,0.3701645,13.397389,46.043934,8.408345,-0.43712956,0.19963872,0.24637996,-0.30094996,3.944562,-0.27144587,5.0595922,0.40513107,10.6530075,3.6626935,-0.810026,20.77661,2.2778113,7.324653,12.663457,0.8437655,-0.5312788,0.74868315,2.1202793,8.102638,0.15680031,20.468693
3.4250772,-0.70444405,-1.21211,2.327357,0.56704307,-5.668737,1.5158899,22.441427,32.937042,0.44304526,1.011746,-1.2435203,-1.5687983,25.747007,6.466649,1.4607575,3.905515,-0.62903965,-0.27163938,1.9166903,18.99953,4.0890822,11.670144,45.15043,8.338032,-0.5452755,0.18032809,0.18031868,0.1496921,4.3519874,-0.23513295,5.4610076,0.39548966,7.998777,4.3555346,-1.0612085,21.394964,2.4947147,12.493196,12.307701,0.66199744,-1.3411869,0.5028654,1.1833627,7.470596,-0.32686663,20.449741
0.7205552,-1.1805016,-1.1768262,-0.6491761,1.8434049,1.258487,0.25530326,21.346882,34.78511,0.40522784,0.7452317,-1.4295255,-1.1232712,33.848713,7.330505,1.0355823,3.6787477,-0.83058184,-0.3924429,0.7298775,20.562849,0.49430895,12.702631,44.00902,7.4653177,-0.36646214,0.18239929,0.13194747,-0.1983927,-0.4619587,-0.061745763,9.577343,0.08565011,2.8186698,1.5565357,-0.51126313,20.152622,2.4151335,7.8512254,9.946362,0.9273968,1.0672839,0.43087104,0.95751023,7.9352407,-0.42071816,20.243301
3.3853636,-0.4168045,-0.82317364,-1.4482744,-0.008419524,12.559868,11.498262,5.7317476,-4.178792,-0.79759645,0.7123703,-0.028365577,-1.4090704,26.31095,5.0187902,-0.36536643,-0.62510705,-0.115205884,-0.6265703,4.5688467,-0.009684287,0.072380066,-1.9301144,30.66152,-2.8683035,-0.3284947,0.052066967,-0.07041395,-0.15589648,-1.4316194,-0.17566516,-1.7630124,-2.351777,8.433282,1.4078273,4.5130906,18.261705,-1.318408,2.2050679,5.4338527,0.07153683,-1.5274513,0.6073952,4.801834,13.037414,0.24098723,27.078522
4.0670195,-0.35752624,-0.6276067,-1.7197615,-0.21302451,12.176243,16.34189,6.097251,-3.2564118,-0.8439451,1.0095818,-0.06309699,-1.5103198,24.967323,4.8213696,-0.33643952,-0.59175795,-0.09601703,-0.5731291,4.5864997,0.0633838,0.008045137,-1.5360633,30.730652,-2.8460805,-0.40355507,0.055283956,-0.087995835,1.016192,-1.3469018,-0.26735622,-1.8457195,-2.349272,8.329987,1.6490523,4.2798176,17.282824,-1.3391751,2.0883667,7.0860534,0.11778446,-2.046326,0.5964989,4.187787,9.9413395,0.26722637,25.930239
2.7988882,-0.5494722,-1.8215111,-1.6479445,0.41017133,12.090411,12.169651,4.77555,-4.483985,-1.165431,0.9607409,-1.1075492,-0.6507803,28.569498,5.0994043,-0.007124024,-0.5761348,-0.3436084,-0.8066161,2.4139652,17.755169,0.5217123,-2.212271,31.021383,-3.8934016,-0.6651663,-0.014771515,-0.0041612377,0.5537636,-1.2189742,-0.3195605,-2.07005,-2.290124,8.733996,0.1833821,5.4508996,15.932931,-1.5147542,-1.592948,5.5196476,0.47050923,-0.25738424,0.2592426,3.8903806,10.192104,0.1940229,22.705772
3.4773808,-0.3557262,-0.9343455,-1.4457539,-0.10295289,12.891836,11.355858,6.3425198,-4.2495193,-0.7500609,0.736488,-0.017465927,-1.2227628,25.522457,5.1274123,-0.2666283,-0.5953694,-0.09912872,-0.58073395,4.539377,0.017382227,-0.01073549,-1.942673,30.660501,-2.8281322,-0.3744998,0.036628153,-0.091121465,1.0242066,-0.8331425,-0.3055191,-1.7795078,-2.2613795,8.495771,0.16616032,4.3534904,18.087103,-1.4741997,2.401005,5.7653217,0.1446539,0.18982655,0.32471618,4.917962,12.962089,0.1166321,27.132362
2.112862,0.009700504,0.21320917,1.1804003,-1.2098455,7.063134,0.71289194,-6.199007,-10.780085,-1.0661159,-1.8452241,0.08802359,3.2864509,-15.864608,-1.1818867,0.47950056,0.09203294,0.48007926,0.03905132,1.417968,-5.3709073,0.021926044,-0.7419093,-18.984419,5.5655365,0.22004418,0.657757,-0.032059386,0.43021065,-1.577799,-0.09431357,-0.1073965,1.4356426,5.9385247,0.04746301,0.022233035,-7.5795326,-0.45208052,-1.1332793,-6.5739403,0.09363426,-0.09899558,-0.9915399,-3.7669432,-9.493095,-1.021648,-18.851048
2.0423002,-0.07085667,0.2583326,2.0287387,-1.1861464,7.2011404,2.055688,-6.4226546,-11.151424,-0.9893351,-2.2033834,0.041180618,3.3355212,-16.760674,-1.1867602,1.0775839,0.06750838,0.5824056,-0.08818245,0.760744,-5.109426,-0.06814578,-1.0967658,-19.472618,5.3102446,0.20465292,0.5754468,-0.079485014,0.4588834,-1.0465938,-0.11092668,-0.03898166,1.6236051,4.999586,0.11922226,0.28943232,-7.722794,-0.35653916,-0.89238924,-6.8707247,-0.21265751,-0.31211653,-0.45300406,-3.7971466,-9.294789,-1.0268515,-18.780447
2.023781,-0.22743711,0.20756766,0.43349212,-1.0898099,4.7861433,1.2366052,-6.9857335,-9.742606,-1.0475676,-0.6257153,0.033703912,3.7440543,-16.628918,-1.391734,1.2686356,0.05257255,0.60047346,-0.21686336,0.2703932,-3.553669,0.0065504475,-1.4426697,-19.26452,5.5739923,-0.39170644,0.19580783,-0.082796514,0.20167936,-0.9255705,-0.031232642,-0.123947024,1.8462638,6.742021,-0.32211763,-0.024737123,-7.0472465,-0.4315365,-0.7741067,-8.45319,-0.345399,-0.63236207,-0.8454107,-3.808297,-10.367395,-1.182552,-16.645346
2.2299423,-0.17285314,0.37445447,0.5886032,-1.2141596,5.603077,2.5158765,-6.8626094,-10.267666,-0.77497894,-0.846738,0.06411705,2.919586,-17.502232,-1.4488574,1.1360456,0.053558376,0.6084956,-0.005596533,0.103652716,-4.464739,-0.4662234,-1.2148036,-19.44887,5.924563,0.23171127,-0.31007263,0.008076463,0.35898095,-0.90285164,0.010183069,0.10702462,1.9371355,2.0117085,-0.17088401,0.4947215,-7.2424746,-0.32269168,-0.69040203,-5.0169363,-0.12159282,-0.48493758,-0.36921972,-3.4864028,-9.567082,-1.1332202,-17.33075
1.2084261,-0.078849524,0.22597684,0.77188736,-0.6650709,3.8057442,-0.798642,-7.3292065,-8.410702,-0.98529726,-0.3368076,0.022120321,3.4599056,-15.793429,-2.0020847,0.06064636,0.107134506,0.07852642,0.07018036,-0.41154948,-0.3271408,0.8721893,-0.92749256,-18.63916,4.952367,-0.21721782,-0.6108752,-0.09188939,0.29898602,-0.69212633,-0.089304455,0.16072601,2.5491264,0.5063612,-1.6888449,-0.20163956,-7.791132,-0.44314536,-1.0994482,-3.8199885,-0.71176356,-1.3264192,-0.7927153,-2.6699538,-7.681134,-1.1574318,-15.29654
1.1267068,-0.11622384,-0.2847884,0.1750973,-0.6200706,2.4794004,-2.84508,-7.750368,-4.195224,-0.7931957,-0.43299177,0.12375901,2.0400064,-12.540235,-2.025035,-0.13266806,0.23227,0.08469511,0.041257013,-0.38294756,-1.8770261,0.797247,-1.8478111,-18.726213,0.7690512,-0.078666456,-0.48701105,-0.044948574,0.1054642,-0.6330369,-0.2461288,-0.7622855,2.0700681,-1.7039895,-1.3061724,-0.3339325,-7.005668,-0.2626044,-1.3302659,-2.5359185,-0.47220442,-0.89138496,-0.45284718,-2.7475495,-6.5121408,-1.0903246,-13.63932
2.0231986,-0.17819254,0.5767614,1.8359421,-1.1073334,5.767986,0.47491625,-7.8379836,-10.276864,-0.7732977,-0.035663098,0.048380915,3.5178025,-16.951897,-1.4810642,0.47151566,-0.0018880544,0.23259099,-0.14603765,0.16619188,-3.7102575,0.72663105,-1.1894739,-18.633041,6.231919,0.32456908,-0.7024241,-0.023322774,0.13402537,-0.74927574,-0.064951316,-0.2862996,2.1021707,0.79867285,-0.5611904,0.013408904,-7.9195733,-0.2345363,-0.8553816,-5.3233223,-0.17154555,-0.0014499663,-0.46079168,-2.8315256,-9.429032,-1.0628616,-16.7278
1.3695161,-0.0866404,-0.099466346,1.0133827,0.30008003,3.7071767,0.913912,-9.966184,6.444986,-0.9562681,0.3351845,-1.5077968,1.6441052,-15.940353,-1.6311373,-0.23217502,-0.2557232,0.29536405,0.5227496,1.831802,-4.006973,0.59541947,-1.0757561,-15.402677,15.125669,0.2674088,-0.29019007,-0.05180786,0.97207415,-0.6589957,-0.06974906,0.40062064,3.4137652,0.799817,-1.6424413,1.141923,-6.83814,-0.08897068,-0.9915867,-5.788993,-0.6903666,-1.4747146,-0.5446179,-3.1878064,-8.52676,-1.1908187,-16.233156
0.687908,0.053593174,6.31049,-1.5851244,3.0511549,6.870481,2.7937484,38.98789,6.6050024,-1.3476791,0.8124017,-0.9015537,7.6169343,42.279793,11.346746,0.016085356,-0.53541607,-0.22890046,-0.3202487,0.974286,20.593481,1.1870829,12.446346,51.155083,0.9986025,-0.24693352,-0.5278513,-0.022988848,-0.292943,-1.7670556,-0.4547485,-0.60390997,-1.0043529,0.39093187,0.80355144,-1.5219696,24.24929,3.1091154,2.2775867,5.4766145,-1.7523878,8.93809,1.212073,-0.9768225,11.1245365,0.30037773,21.505875
1.2709254,0.026425404,5.6234546,-0.27851015,2.531226,5.823962,-2.282376,41.016487,25.499975,-0.89223325,0.50921273,-1.0359135,3.147857,41.414177,12.205352,0.79776865,-1.4249351,-0.24741073,-0.045259725,1.4323179,20.147242,0.27779153,8.92367,50.649048,-1.0581598,-0.515564,-0.59813,0.07487232,0.20061013,-2.0098784,-0.57022727,0.14617676,-0.9946111,0.8399922,3.552054,0.21017127,24.711163,2.8177087,1.9675004,2.8139381,-2.0697863,7.6272044,1.2694998,-1.4347477,7.299585,-0.26666912,21.567032
0.61563057,-0.38868138,5.959235,-1.1310607,3.958175,5.180528,-3.9446564,21.226654,29.663641,-0.043263443,0.5747931,-1.2822237,6.5583196,41.223854,10.846157,0.10168827,-1.3897014,-0.15609711,-0.0356045,0.58663243,20.527613,1.3257667,15.784894,49.304207,3.0639842,-0.42176327,-0.631714,-0.0632769,-0.45140278,-1.2484537,-0.05877053,-1.1779621,-0.92928284,0.6754378,2.9989495,-1.6362594,24.429693,2.1376402,12.03496,2.9559236,-1.65012,6.0918107,0.6778018,1.0438122,6.4693155,-0.45535746,21.665728
0.4025056,-0.38565934,6.2591295,-1.5970129,3.8834417,6.0988398,2.452981,38.836014,5.821986,-1.0151947,0.7281672,-0.9937521,8.2732725,43.600376,10.593488,-0.08357476,-0.7083918,-0.26386616,-0.36677614,0.8359388,20.331333,2.4526796,11.299698,51.673855,1.175684,-0.4884489,-0.69518256,-0.05381605,-0.09507355,-2.589963,-0.5720144,-0.5493445,-1.0101749,0.06845072,0.1360566,-1.5773029,24.136942,2.7785175,11.640941,5.26448,-1.3359973,7.17107,-0.21967141,-0.987371,9.82835,-0.2599748,21.295376
0.4025056,-0.38565934,6.2591295,-1.5970129,3.8834417,6.0988398,2.452981,38.836014,5.821986,-1.0151947,0.7281672,-0.9937521,8.2732725,43.600376,10.593488,-0.08357476,-0.7083918,-0.26386616,-0.36677614,0.8359388,20.331333,2.4526796,11.299698,51.673855,1.175684,-0.4884489,-0.69518256,-0.05381605,-0.09507355,-2.589963,-0.5720144,-0.5493445,-1.0101749,0.06845072,0.1360566,-1.5773029,24.136942,2.7785175,11.640941,5.26448,-1.3359973,7.17107,-0.21967141,-0.987371,9.82835,-0.2599748,21.295376
0.4025056,-0.38565934,6.2591295,-1.5970129,3.8834417,6.0988398,2.452981,38.836014,5.821986,-1.0151947,0.7281672,-0.9937521,8.2732725,43.600376,10.593488,-0.08357476,-0.7083918,-0.26386616,-0.36677614,0.8359388,20.331333,2.4526796,11.299698,51.673855,1.175684,-0.4884489,-0.69518256,-0.05381605,-0.09507355,-2.589963,-0.5720144,-0.5493445,-1.0101749,0.06845072,0.1360566,-1.5773029,24.136942,2.7785175,11.640941,5.26448,-1.3359973,7.17107,-0.21967141,-0.987371,9.82835,-0.2599748,21.295376
3.7623124,0.35137397,6.4108157,0.32915118,4.66791,-3.6957023,1.7874293,46.48998,8.783928,-0.82789373,0.76215875,-0.8385998,8.036187,43.36968,11.226674,0.877389,-0.9050574,-0.07843124,0.5350089,0.71060514,21.880745,1.134034,-1.8441832,46.825386,1.6126572,-0.64582396,-0.3485453,-0.030580575,-0.16229421,-2.191278,-0.45983315,-0.7254574,-0.76655847,0.28940007,-1.6010048,-1.1939324,22.496311,3.5939884,16.64591,5.1689696,-0.65111405,7.5317745,-0.7241787,-1.0222934,11.167076,0.024113456,22.725441
1.597267,-0.1917458,0.3891423,0.4343094,-1.4904463,6.192051,3.1031919,-6.9999146,-10.261068,0.11262729,-1.199736,0.20835094,1.5357789,-18.53019,-2.1067336,1.1247844,-1.6302786,0.17323364,0.6395565,1.4201435,-4.428877,-0.80779636,-0.37479353,-19.041548,-1.1962863,0.14600639,0.55788857,-0.17100677,0.29357198,-1.0020056,-0.12418818,-2.131121,-1.2604768,1.5429723,-0.69601953,-0.23686795,-7.124133,-0.2788818,-1.5640652,-4.7969,2.7648435,-0.6070718,0.09249404,-3.1394057,-4.9120283,-1.213087,-15.580551
1.0941631,-0.24580519,-0.078742504,0.26536837,-1.5669289,5.4475913,2.7620726,-8.271305,-7.620496,0.5658532,-0.31481236,0.44507694,2.0326908,-16.284773,-1.4788867,1.0085596,0.2698991,0.49973297,0.10963471,0.670259,-5.199694,-1.383975,-1.3684597,-19.42086,-1.1267415,-0.19330843,-0.3051725,-0.039235648,-0.13185607,-0.47952312,0.25471234,-1.9772074,-1.0681217,-2.2982519,-1.0889262,0.23173024,-4.061885,-0.53716487,-1.6620027,-6.081813,0.3909751,-1.1313087,-0.05433532,-1.3308768,-5.157751,-1.0619786,-13.730825
1.0039892,-0.30648568,-0.28142813,0.25912154,-1.5816804,6.0809836,1.6403259,-7.9398904,-8.702844,0.42852557,-0.94187826,0.38303307,0.42641068,-14.620999,-1.70052,0.47348547,0.17933297,0.24842179,0.2117334,1.6882637,-6.011621,-1.2639906,-0.710453,-19.402803,-1.006752,0.00687416,0.5232576,-0.095698915,-0.10842536,-0.76451486,-0.042076785,-1.877183,-0.92857105,-0.91897994,-1.6787287,-0.07521217,-4.307869,-0.2935339,-2.364762,-4.797952,2.67292,-1.3406847,-0.08846791,-2.3514733,-4.645736,-1.0876949,-14.797805
0.882229,-0.14272685,-0.50387025,0.2568572,-1.5233978,4.1897645,0.0036176313,-6.4405694,-8.4923525,0.49729502,-0.6341984,0.42640588,1.1131423,-14.646451,-1.6630715,0.38087752,0.23156753,0.10912077,0.14260344,1.5369637,-4.3845797,-0.89018387,-1.123722,-18.871756,-0.9533815,0.13331433,0.581673,-0.022199484,-0.41948932,-0.60512984,0.2504029,-1.9219593,-0.87284184,-1.5881304,-1.672149,-0.18862481,-3.3914824,-0.81494856,-2.283489,-3.5774121,2.419586,-1.4868902,0.04637344,-3.0315642,-5.7543135,-1.1073608,-15.093522
0.57520187,-0.27976263,-0.9717216,-0.21712889,-1.3173695,4.696669,-0.09147044,-6.9402184,-8.034102,0.62744564,-0.8267274,0.030282978,2.8577485,-15.96062,-1.5556164,1.1246754,0.4675908,0.4919375,-0.040592507,0.40055382,-3.4804573,-0.86641985,-1.4994701,-19.138681,-1.2988913,0.44342873,-0.43324107,-0.07423673,-0.28277057,-0.4402804,0.29255486,-1.7747492,-1.1527869,-3.9115813,-0.8502064,-0.5478109,-3.4907422,-0.70296645,-1.0964217,-3.4142985,-0.20669092,-1.0599673,-0.07570807,-2.059453,-5.466866,-1.0108731,-13.638983
0.5349179,0.1545523,-1.3344368,0.3540596,-1.3313723,3.1840627,-2.4251366,-7.2699504,-7.9368806,0.62308335,-0.20640954,0.6374613,1.6967921,-14.195289,-1.5445905,1.2582102,0.13780788,0.7000482,0.042336814,0.026167281,-3.064372,-0.5955577,-1.7886688,-17.472284,-1.7081532,0.05085617,-0.52821475,-0.35085735,-0.45481884,-0.61475456,-0.06303648,-1.1450896,-1.1534488,-8.137346,-0.01236331,-0.85700554,-3.8044786,-1.1066966,-1.0430318,5.6920276,-0.5340892,-0.9783402,-0.17873253,-2.8755507,-3.4365377,-1.6271662,-16.206507
1.1352205,-0.007546748,-0.28516197,0.34132862,-1.3808024,5.5261297,1.7787614,-6.6332197,-8.6057205,0.4432268,-0.5082849,0.37469488,0.80428207,-14.640329,-1.555071,1.3681393,-1.917643,0.89210504,0.43434095,1.5846385,-4.4576516,-1.1323737,-1.4444629,-18.492727,-0.9708749,0.13441932,0.6310211,0.20157248,-0.107533924,-0.5784237,-0.31824765,-2.001567,-1.0477916,-2.0746477,-1.8934438,-0.50185573,-5.3675523,0.027384479,-2.0238822,-4.849586,3.4999535,-1.2152257,-0.1583508,-2.8596125,-5.7968326,-1.0786036,-15.451712
1.109586,-0.15697564,-0.25201806,-0.0980147,-1.5340613,8.40379,1.0582836,-8.067486,-9.91772,0.44520777,-0.7844595,0.15699942,2.2533476,-15.472117,-1.2987924,1.9046693,0.19711834,0.6275351,-0.399006,1.3056166,-4.960563,-1.2713748,-1.5476433,-20.095919,-0.8442999,-0.6900652,0.058272745,0.04347676,0.12414118,-0.59139514,0.34184563,-1.6537575,-0.85860586,-2.1951935,-0.2885697,0.25285944,-1.9042491,-0.18628635,-1.931614,1.2486027,-1.0313308,-0.67289495,-0.07482304,-2.168709,-4.9534554,-1.2044772,-18.047922
-7.5062265,-0.3206988,1.1439359,-0.99191165,0.94093406,-11.629749,-11.5029125,29.59275,21.36228,-5.788161,0.843915,-1.4136286,-0.6006219,33.85751,4.104191,0.5946233,0.7698121,-0.5855793,0.07017271,-12.022851,16.839888,-18.149704,0.83422923,36.837906,-4.0443716,-0.5552915,-0.47948003,-0.36985433,-0.30612913,-0.5289257,-0.15784614,0.3229005,-1.4921033,-20.209171,0.13227496,-1.6755636,14.2648945,1.5244328,5.7634864,-0.41493312,-12.240741,3.3570182,-0.08101252,-1.7794149,5.5791793,-1.2275312,13.25643
-6.8203487,-0.6749105,2.9461648,-1.0199505,1.3995383,-17.82845,-12.732017,12.096868,2.5804322,-0.8792778,0.5063039,-1.2145637,-0.085076846,28.075575,5.2569923,0.26548597,1.3108416,-0.6182868,0.95287067,-9.1796465,18.724216,-3.5948894,9.110401,31.010113,-5.2546964,-0.36373013,-1.0948789,-0.20055695,-0.29619232,-0.7515451,0.008062074,1.638532,-1.307217,-19.202248,-0.7950199,-2.296207,15.673237,1.1119863,6.8885956,2.3047981,-6.5747027,4.2767067,0.26142132,0.99306077,6.3361135,0.1800892,14.578991
-0.58392847,-0.37647963,-0.17152666,-0.58895504,-0.76804775,-9.924197,-4.4978075,-2.0650918,-6.0896497,-1.2637492,0.8395373,-0.67188495,-1.8734235,21.346697,-0.07479829,0.98196137,0.7738466,-0.07063893,1.0330099,0.030593975,18.740377,-0.5852372,-1.7071277,23.668253,-2.1923041,0.2122732,-0.04999103,-0.10160088,0.10604005,-1.1269732,0.37340164,-0.9722964,-1.5003216,-4.7144237,1.8211566,0.868551,15.263648,2.2005682,1.7746502,3.4728715,-1.4471496,2.0446746,0.84023196,1.885344,8.791899,0.15916717,11.829429
-4.9239373,-0.30616564,0.99507564,-1.3772827,-0.27098197,-14.216814,-19.54591,2.165402,2.2678738,-0.58833766,0.86305696,-0.77788574,1.2834355,30.219484,5.2774425,-0.46779278,1.5952598,-1.14074,0.005018842,-1.7045971,19.68265,-0.5899463,2.7555077,30.8483,-3.7233036,-0.34454072,0.12000152,-0.24011327,-0.105948865,0.46059358,0.5054478,0.21828389,-1.2498044,-9.970277,0.21976954,-2.2199266,14.020449,0.17762984,0.08150938,3.289935,-2.7130532,4.5364,-0.24719323,1.0049369,6.557253,0.0089771,13.432412
-1.2790083,-0.33341768,-0.41388023,0.32623187,-0.24763678,-9.293034,-2.3950377,-1.2603832,-3.7932522,-2.3598924,0.7783573,-0.438326,-1.3989094,26.216633,0.017817853,-0.8273953,-0.5191543,-0.11719456,0.74649984,-1.1809541,17.303724,-0.13816291,-3.0072982,24.425785,-2.2943516,0.21487291,0.085696146,-0.13016506,-0.62841976,-0.40870893,0.19126263,-1.1989346,-0.8674584,-1.5485612,1.7694415,-2.8473125,16.00761,0.6817179,-1.112426,3.8793876,-2.794899,3.1569362,0.3979072,1.7143904,8.649333,0.32830715,11.486394
4.025331,-0.24698925,-5.25459,1.2360551,0.03601608,1.5429555,-4.829676,-9.885267,-3.342984,-1.117059,0.18397076,0.384822,4.2744293,31.135471,-3.5562956,0.39814898,-0.8908784,0.9549829,-0.89704967,-1.3843551,-2.8711374,-0.39093578,-3.0642335,25.647871,13.959182,0.33499354,0.39228234,0.7495864,0.38147736,-1.8666536,-0.60925967,-4.078304,-1.2297205,-7.2831893,2.1992416,-2.218497,15.819057,-0.7764447,-3.597688,5.0262847,-1.5996019,-1.0826617,-1.5354792,2.2754831,15.908166,-0.81712204,14.784409
-2.7929652,-0.06497923,0.8182816,-0.70784694,0.31565648,-11.283129,-11.437527,0.7868797,-3.6420107,-0.8228424,1.3566431,-0.16459318,-1.8392763,4.3319163,0.6140904,-0.8340534,1.5029286,0.06043025,0.012922151,-0.79895484,16.579544,-0.5935697,-7.0247195e-05,23.50339,-1.1150686,0.38450253,0.65075433,2.4636447,-0.16924344,5.916372,0.6274902,-0.97484934,-0.76050675,-6.7781425,2.3110473,0.34435847,16.82806,0.92997247,1.9460907,8.212169,-1.3178605,6.273706,1.2112105,1.9076278,8.081811,0.27156278,11.72291
1.1860983,-0.20757452,-0.46200398,0.3486034,-1.3334614,3.4716141,0.24525562,-10.554594,-3.7931705,-0.9121029,-0.49187985,0.045608792,2.1637301,-12.027121,-1.8237617,0.4285452,0.035827048,0.3550103,-0.082768075,0.120749146,-4.254988,0.06482218,-1.0752047,-19.841074,-1.8956594,-0.24554826,-0.49698335,-0.116566405,0.4597308,-1.3077871,-0.23979886,-1.0971576,-1.4992871,-2.2515182,-1.2349249,0.655392,-5.3509197,-0.44075733,-1.1035516,-4.1326103,-0.40246078,-1.3862025,-0.32780305,-3.03679,-5.449277,-1.0888261,-14.29408
1.418596,-0.17699361,-0.62650603,0.20970848,-1.3337345,2.992715,-0.80537415,-7.4755483,-2.679956,-0.70765316,-0.5424012,-0.13998201,0.98167247,-13.358082,-1.8364316,-0.020951938,0.15240295,0.30162472,-0.13265146,0.117610745,-3.9418683,0.17491557,-1.637487,-17.93953,-2.0740926,-0.13991228,-0.3985222,-0.080931954,-0.042631846,-0.5501283,-0.04346378,-1.9333984,-2.1594489,-0.7833069,-1.5175599,-0.9460203,-6.02493,-0.19688404,-1.0055698,-4.2154207,-0.34433332,-0.9456193,-0.40527603,-1.9546871,-5.9404883,-1.6440483,-14.172089
1.6589113,-0.29202634,0.058212947,0.33817247,-1.3227012,3.6579,0.93811285,-10.7621765,-4.8872147,-1.0413319,-0.6079513,0.051775407,1.9889023,-13.418919,-1.7585219,0.9858478,0.06340318,0.4532184,0.10146886,0.4145983,-4.572987,0.006179762,-1.1347355,-19.889875,-1.9054936,-0.3398438,-0.3840686,-0.14827472,0.40344006,-0.6151919,-0.26660898,-1.2611527,-0.79121536,-1.9704214,-1.3992723,0.89585334,-7.0801697,-0.46525696,-0.78893507,-3.9918132,-0.33363238,-1.2651602,-0.37717015,-2.9247358,-5.320706,-1.0802772,-14.382171
1.4022408,-0.17853825,-1.0207112,0.3566128,-1.2980915,2.9585404,-0.17144251,-10.604551,-4.589426,-0.56513226,-0.5920295,0.09111449,3.1137304,-15.00854,-1.8437463,1.0209477,0.13608108,0.34859523,-0.14727396,0.3818112,-4.229945,0.042140458,-1.0691546,-19.763817,-1.8989755,-0.21333192,-0.44689736,-0.09107958,0.3264943,-1.2534052,-0.27770513,-1.280009,-0.73068994,0.76967764,-1.1304905,0.7428927,-7.1582046,-0.2522407,-0.65995556,-3.6348464,-0.3295561,-1.2848954,-0.43252495,-2.9716582,-5.6024127,-1.1115265,-14.439659
1.0415337,-0.24088801,-2.3594708,-0.79707587,-0.6799996,0.8244671,-5.113514,-9.858325,-0.90947306,-0.8360927,-0.67066616,-1.3986632,-0.63874936,-12.069671,-2.4686017,0.1511817,0.35779017,0.13713188,-0.48616576,-0.5676268,1.7719314,0.53221554,-1.3544886,-15.399553,-1.8909686,-0.17572773,-0.0740885,-0.08144583,-0.37459612,-0.63192105,-0.30027926,-1.6602159,-2.717182,-1.3506732,-1.9006969,0.93398297,-6.567014,-0.18544301,-0.96622384,-2.9800863,-0.7584098,-0.5936467,-1.0306269,-3.104989,-4.8932776,-0.7667742,-11.533522
1.1247479,-0.20638457,-0.10732782,0.35786173,-1.0199603,3.8243313,0.17486864,-7.620684,-6.88187,-0.62403756,-0.5056222,0.09910741,2.8639183,-14.0319195,-1.7583312,0.061897565,0.06547987,0.55691075,0.017075794,-0.3602884,-3.052868,0.5320961,-1.5233626,-18.594585,4.140783,0.22454831,-0.35335702,-0.030830532,-0.1342775,-0.35730225,0.24934663,-0.64638233,2.351626,-0.6679536,-0.9175799,0.12020828,-6.975141,-0.28371534,-1.1108042,-4.1915956,-0.36528832,-1.4521031,-0.3624589,-2.418481,-7.7222958,-1.0988073,-15.964866
1.0472836,-0.2786228,-0.056431644,-0.0133491885,-1.0295559,3.759777,-0.22705917,-7.7084646,-6.1997976,-0.7548851,-0.46147534,0.070531026,2.8320441,-13.785919,-1.7964078,0.10276926,0.08118673,0.57899404,0.03916169,-0.60996306,-2.8308728,0.92944694,-1.7018828,-18.912092,3.7725532,0.16170491,-0.53457475,-0.028366802,0.012484456,-0.3426454,0.3128256,-0.77423143,2.179447,-0.8891199,-0.96751976,-0.2111004,-6.8529196,-0.1302307,-1.1392976,-4.119367,-0.34904343,-1.2788687,-0.27701393,-2.3298724,-7.6449847,-1.080789,-14.785206
2.099704,-0.21603484,0.24145442,0.6681752,-1.1299309,4.9605813,1.2087883,-6.9001546,-9.693961,-0.96445185,-0.7173332,0.00998597,3.6848173,-16.790972,-1.4422697,1.1639469,0.041332424,0.5549669,-0.13455725,0.047342848,-3.653035,0.42258906,-1.4151555,-19.353636,5.865346,0.20156293,-0.14132841,-0.035915077,0.038881794,-0.677056,-0.07432914,-0.28118777,1.9109919,1.6201212,-0.32050234,0.014006056,-7.205173,-0.34787852,-0.70662385,-4.04374,-0.18168572,-0.65936863,-0.36027205,-3.184326,-9.794571,-1.1390367,-17.315702
2.0201347,-0.20244631,0.3490924,0.7160806,-1.1860716,4.8065295,0.9103505,-7.0069885,-10.198651,-1.0086739,-0.70487964,-0.0015128592,3.6922271,-15.720275,-1.4454628,1.1427479,0.041742384,0.5935695,-0.1274792,0.03802155,-3.810553,0.6994748,-1.3348244,-19.351757,5.540908,0.17591767,-0.21389951,-0.1534576,0.30279627,-1.4540063,-0.12874866,-0.3263333,1.9127268,1.6590914,-0.22978619,-0.0014398008,-7.4008265,-0.31238243,-1.2899841,-3.9747083,-0.12862913,-0.12749983,-0.43222716,-3.3314953,-9.794225,-1.1428052,-16.849512
2.1330194,-0.17871077,-0.14959352,0.7342161,-1.2964094,6.405047,0.96039814,-6.6300297,-10.468475,-0.72765285,-0.6582693,0.09534949,3.2224717,-16.39998,-1.4046836,0.92706805,-0.01985227,0.561318,-0.26877007,-0.116383895,-5.953779,0.3476886,-1.0835453,-19.341501,6.3887877,0.22808473,0.04500443,-0.37064123,-0.62205935,-0.8001989,-0.0720253,-1.0401986,-1.278028,-1.2685506,-0.29175147,0.19838569,-4.152379,-0.412883,-0.63076407,8.880344,-0.19558537,-0.77040833,-0.47401863,-3.7742467,-10.869017,-1.1212881,-17.378632
2.0789852,-0.21664335,-0.06468429,0.6901394,-1.1489121,5.121658,1.1343383,-7.274004,-9.2265625,-0.94768226,-0.66940147,-8.182541e-06,2.4612968,-13.369137,-1.2254087,1.1525121,0.13286805,0.5695586,-0.21527246,0.036855392,-3.7120388,0.41936922,-1.4780879,-19.825714,5.941613,0.2141894,-0.062538944,-0.37744424,-0.42242917,-0.1462024,-0.07809411,-0.012294054,1.8172902,-1.8913076,-0.3533045,0.0146206375,-7.028218,-0.35313952,-0.64096665,-2.581156,-0.2870557,-1.1950252,-0.4345895,-3.5341547,-9.81199,-1.1235731,-17.823242
1.3775586,-0.111439764,-1.0209213,-0.45813912,-0.7667006,2.1921263,-4.3904552,-7.0920863,-1.6332842,-1.0723228,-0.70424074,-0.1657595,0.85705173,-13.034058,-2.2203608,-0.24770822,0.090571925,0.16806322,0.031327702,-0.84249216,-3.865762,0.394157,-1.9710059,-16.96176,-2.7947323,-0.34698454,-0.16103157,-0.099682115,-0.34825292,-0.53057814,0.62147635,-1.2865987,-1.8842026,-2.9798362,-1.8361498,-0.59363204,-5.016992,-0.5680412,-1.1389813,-0.531317,-0.5726112,-0.7629621,-0.32818845,-2.2333698,-3.8044505,-1.1974925,-11.792391
1.5799334,-0.21527188,-0.73538566,0.2254128,-1.3782157,3.2240217,0.5512951,-8.256763,-2.8010871,0.27367043,-0.8166904,-0.074865736,1.1092829,-14.311145,-1.8461905,0.22521502,0.24286409,0.41440916,-0.1583368,0.11326358,-4.183154,0.24955647,-1.3019948,-18.176653,-1.5058177,-0.3298434,-0.43024153,-0.041575156,0.30437186,-0.5613137,-0.3793749,-1.6423283,-1.5839247,-2.8643384,-1.1395508,-0.87270314,-5.695389,-0.49570054,-0.9167071,-4.759187,-0.38451773,-1.2635543,-0.23939325,-2.1807063,-6.372305,-1.2861582,-13.998004
1.3234019,-0.22325361,-0.28091,0.39902952,-1.4325548,4.1191463,0.041523915,-8.081661,-5.4093566,-0.77086085,-0.46818694,0.016604755,2.1447382,-13.178107,-1.7688488,0.4187657,0.04436397,0.3919942,-0.11683948,0.110275544,-3.5746558,0.09678347,-1.3103799,-19.41152,-2.053774,-0.117891386,-0.6192241,-0.09578007,0.31488392,-0.7109522,-0.12853053,-1.5152786,-1.001758,-2.1628895,-1.3377957,-0.13941059,-6.8832498,-0.4042602,-0.7357722,-4.069271,-0.44229224,-1.4335763,-0.45086488,-2.674532,-5.3996716,-1.4329443,-14.262217
1.2279304,-0.19802141,-0.595825,-0.46670732,-1.1062875,2.8177602,-2.1934624,-7.360915,-5.497313,-0.7705249,-0.7127573,0.09877829,0.62136644,-13.477691,-2.149234,-0.042406093,0.08666381,0.09358542,-0.019061716,-0.34130868,-2.881843,0.2954343,-1.7762302,-16.75062,-2.3906484,-0.32277444,-1.5159614,-0.052298993,-0.18764098,-0.35586587,-0.13217685,-1.6956286,-1.7276605,-1.9540856,-1.3131243,-0.3923608,-5.2957196,-0.05263228,-0.78848267,-2.9443603,-0.80329037,-1.4266098,-0.33436725,-2.0014908,-3.4795673,-0.5333449,-12.118457
1.6965008,-0.19194008,0.13100925,0.3083709,-1.4876419,4.2650084,0.4864092,-7.815119,-8.528268,-0.7755495,-0.61006683,0.1394738,3.1477163,-16.155947,-1.7452922,1.1805261,-0.018779937,0.6096623,-0.22473232,0.5772014,-4.0272636,-0.5782181,-1.2142322,-19.778399,-1.1593564,-0.46127883,-0.3460665,0.03921853,0.37183404,-0.8119498,-0.16690381,-1.0291122,-0.42578217,0.7582364,-0.59068483,0.29398468,-7.0687213,-0.37755936,-0.9843762,-3.8892796,-0.3450313,-0.0484117,-0.32870454,-2.7984836,-5.132749,-1.0470464,-14.416772
1.6587429,-0.32495397,-0.18873207,0.038047496,-0.7716142,3.59276,-4.4260435,-6.974603,-8.299284,0.26263356,-0.58089495,0.26636022,1.949603,-12.615377,-1.8953587,1.0339944,0.011206673,0.63592505,-0.4422779,0.5199949,-3.564948,0.054916017,-1.8784823,-19.590544,-1.0357413,-0.17462555,-0.41845736,-0.023429874,-0.10465108,-0.5927179,-0.3600426,-0.6325357,-0.4091992,-0.85087276,-0.93557703,0.3523905,-7.253984,-0.17146116,-0.7495053,-1.7931722,-0.25463086,-1.3792387,-0.41863436,-2.6798465,-4.30419,-0.981985,-13.248862
1.5132288,-0.04567036,-0.32223457,0.246833,-1.4883504,2.247648,0.18113185,-10.656842,-3.2335064,-0.71808,-0.36427265,-0.79723525,2.4377618,-12.021132,-1.8754284,0.21286322,0.24360636,0.38268596,-0.19349231,0.15489125,-4.3375697,-0.5477417,-1.0778859,-19.36356,-2.0028608,-0.20010844,-1.5682846,-0.106685415,0.37236553,-0.58173543,-0.1649823,-1.7677083,-0.7659677,-1.9066144,-1.9596437,0.59540457,-7.6038733,-0.37292156,-0.8954871,-3.498306,-0.47936934,-1.3961903,-0.47778764,-2.7291849,-4.3603263,-0.38836142,-13.367907
1.2310531,-0.22334139,-1.7181443,0.16165279,-0.65105,2.789317,-0.71265095,-11.602073,-2.843951,-2.8567166,-4.429226,0.010227134,0.3571041,2.447041,-2.5842726,-0.02244892,-2.6877646,0.7308126,-0.41316977,1.8257527,-4.2209997,0.23710918,-1.2310275,-17.857899,-2.429593,-0.036197107,-1.326211,-0.103723384,0.44048756,-0.70731175,-0.1498863,-0.9689029,-1.6410787,-1.1460966,-1.1174996,1.6146207,-10.370621,-0.30002388,-1.196154,-2.5952466,-0.9481262,-1.3982459,-0.014365133,-7.4993954,-3.3407278,-0.53456616,-14.803416
1.3377336,0.040270034,-2.5461347,0.11171251,-0.54013497,-1.0641999,-4.5215454,-7.5001235,-5.8789163,0.26248223,0.77285427,0.77356195,1.6397443,-13.867194,-2.04668,-0.041968863,0.5239662,0.4069215,-0.14230497,0.19221273,1.6156027,1.2423024,2.4046152,-16.419996,-0.8547664,0.32972866,0.15662521,-0.03205814,0.060773104,-0.46760085,-0.018788842,-1.3287885,0.08022413,-0.6604367,0.85428786,0.33334982,-3.1090293,-0.07304383,-0.43826428,-4.0000315,-0.10770985,-0.7584132,-0.09021283,-1.0567442,-3.5784745,-0.7159815,-10.389634
1.3276597,0.048250668,-2.5166779,0.0950077,-0.7055855,-1.0287355,-4.475044,-7.4043474,-6.7931128,0.2132816,0.7606634,0.652977,1.5953496,-13.842481,-2.0542786,-0.107684664,0.5189182,0.4108696,-0.0698315,0.17121165,1.6918168,1.0629276,2.5480318,-16.847694,-0.8220988,0.3387093,0.14553939,-0.1353863,-0.12167881,-0.49905464,-0.03893526,-1.2736299,0.24010703,-0.48171455,0.7953969,0.7945046,-3.089882,-0.09439283,-0.3588651,-3.8421826,-0.070830256,-0.72063375,-0.035061844,-1.1350231,-2.7252994,-0.74364656,-10.245227
2.0932922,-0.081014395,0.28338316,1.5717796,0.06654199,4.829877,1.3618733,-7.0961375,-10.360962,-0.33864972,-2.064279,0.07701854,3.5534332,-17.542904,-1.2904859,1.1071845,-0.002119646,0.44074562,-0.07648243,0.75959605,-4.5379786,0.03156366,-1.0583805,-19.828789,5.6790853,0.2448704,0.67641133,-0.048003342,0.21434933,-0.8835624,-0.08948647,-0.0074107437,1.6442055,5.465477,-0.27928758,0.18469453,-7.54377,-0.3772616,-0.81800735,-6.495182,-0.09189203,-0.59836584,-0.40291387,-3.8660028,-10.573754,-1.1341778,-16.61451
1.983833,-0.2265652,0.1722672,0.64204025,-1.0535243,5.0686517,1.0837432,-6.780425,-8.870864,-0.7611208,-0.46704808,0.0017192718,3.7382603,-16.835718,-1.443103,0.5638867,0.03003174,0.55366844,-0.103410825,0.05260771,-3.5418384,0.46819404,-1.4651092,-19.630392,5.316415,0.24538927,-0.31574157,-0.023821963,-0.32033867,-0.69829345,-0.132993,-0.0489115,1.9154382,1.6576153,-0.34170172,0.10730371,-7.2366586,-0.30925325,-0.74306005,-4.0046344,-0.25172263,-0.6785224,-0.35544118,-3.2123272,-9.464234,-1.1335467,-16.963839
2.1273503,-0.2301774,0.35607812,2.013563,-0.8863503,4.96823,1.7909642,-6.3490696,-9.499704,0.34801066,-1.3483611,0.02260299,3.690928,-16.291891,-1.455007,1.1467937,0.060787138,0.45316583,-0.17490214,-0.37089625,-5.003676,-0.50251067,-0.93986577,-19.604948,5.4725647,0.12340612,-0.28753626,-0.023525104,0.10437318,-0.63641787,0.2648145,0.09473749,2.0661182,0.84444153,-0.44459844,-0.047976688,-7.435826,-0.2106651,-0.7712636,-4.5172048,-0.7273441,-0.80684143,-0.5052679,-3.6627197,-9.613767,-1.1253316,-16.757801
1.0034821,-0.15049788,0.13893192,1.1427835,-0.8678912,3.959498,-0.10059251,-7.010355,-6.573863,-1.1216847,-0.50313,0.016579159,2.216918,-14.164916,-2.0395136,0.053022772,0.17318243,0.35764223,0.052711,-0.37177503,-0.3797733,0.9019429,-1.6315081,-18.764778,2.0038974,-0.01129018,-0.51997805,-0.0058375,0.04748011,-0.64801013,0.24811813,0.40829787,2.475859,-0.6804064,-1.5763171,-0.014789958,-7.3899045,-0.3183488,-1.0119531,-4.081502,-0.40783098,-1.3352282,-0.47438094,-2.4105773,-7.66671,-1.0632737,-14.549893
1.211068,-0.21419194,0.2191892,-0.094655916,-0.99608505,3.738396,-0.15585357,-7.370172,-9.266894,1.7429893,-0.8581702,0.10837968,1.3843033,-5.5182123,-1.494107,1.1013731,0.3393146,0.61909044,-0.07092546,3.4012778,2.658616,0.71301013,-1.7354875,-15.378802,8.5464115,-0.30531642,-0.5687886,-0.14092788,-0.058778692,-0.60554093,0.42172098,-1.0372522,2.9485362,-3.0137722,0.05212482,0.16862093,-6.773815,0.086037815,-1.1277661,-3.2784982,-0.88264805,-2.3486407,-0.35855538,-3.2535865,-8.537162,-0.8261651,-8.785388
2.225811,-0.21590918,0.40979478,0.5856336,-1.1863581,4.7922487,0.51872927,-7.05941,-9.536525,-0.9457766,-0.54604775,-0.0022801855,3.6476505,-16.746819,-1.3611473,1.3207542,0.018714795,0.4790274,-0.11091115,0.13444039,-3.4760776,0.6969205,-1.2698245,-19.128494,5.6588645,0.23394156,-0.23468336,-0.022726957,-0.06213082,-0.7816707,-0.08521845,-0.31342483,1.8140438,1.6542345,-0.17521012,0.17637047,-7.002941,-0.32065758,-1.066133,-3.9767444,-0.5115246,-0.66456455,-0.3899086,-3.0510795,-9.902634,-1.1521469,-17.290808
1.9677052,-0.1797538,0.37318373,2.0573509,-1.045651,4.8975725,1.1512954,-7.0255694,-10.002654,-0.8848413,-0.5862777,0.0027489595,3.5913556,-17.297964,-1.4448307,1.1377338,0.04525833,0.6013579,-0.11159797,0.06302497,-3.8669267,0.54285234,-1.364291,-19.883734,5.4515576,0.18725201,-0.1398718,-0.19411513,0.34901762,-0.87978816,-0.1714481,-0.3190309,1.9265479,1.612201,-0.26605606,0.13837332,-7.6277623,-0.48177847,-0.72170633,-4.079411,-0.12707032,-0.14136109,-0.3769635,-3.2193873,-9.726474,-1.0260179,-16.931967
1.2014879,-0.45717165,-0.9516587,-0.6257105,-1.1610404,1.39157,-3.949126,-8.124497,-7.139777,-1.6133095,1.184574,0.41747066,1.122455,-14.088588,-1.9036103,0.6759154,0.7205536,0.1729231,-0.2685698,-0.29836935,-0.50514597,-0.85217375,-1.8836478,-17.988642,-0.87623346,-0.52206904,0.07513441,-0.04214333,-0.2846993,-0.36211562,0.522105,-0.72183174,0.03404923,-4.605554,-1.2179873,-0.10405628,-2.183918,-1.5082084,-0.9711977,-1.326043,-1.2686534,-1.1775855,0.016175464,-1.1506925,-2.3951085,-0.79395974,-12.279463
1.3801945,-0.26429927,-0.8599157,-0.56954986,-0.862152,2.5960376,-3.4384358,-7.672848,-6.596258,-0.60820454,-0.6188749,0.38718167,3.302389,-15.14239,-2.1902392,0.7120157,0.4428278,0.19784832,-0.29773456,0.14190364,-3.2378385,-0.40424234,-1.6885803,-17.901688,-0.9634213,-0.17162405,-0.9023806,-0.040181443,-0.027234344,-0.4796897,0.5845465,-0.7948112,0.46166092,-4.422455,-0.7860337,-0.037480447,-3.2513154,-1.405136,-0.63586754,-1.8918452,-1.0302662,-1.2596496,-0.800757,-1.5593582,-1.6185812,-0.4538446,-12.785825
1.1635709,-0.22377786,-1.9211074,-0.8195442,-1.1929773,0.61913145,-3.630185,-7.2762866,-7.947669,-1.5219827,1.2986627,0.6094716,1.0855085,-13.391601,-1.4250126,1.0083182,-0.5765851,0.2897224,-0.353614,0.2606311,-0.9590292,-0.8282453,-2.034419,-16.55844,-0.7859937,-1.96732,-0.079542965,-0.19692355,-0.30406287,-0.4383359,0.43682286,-0.5889267,-0.8415733,-4.7232533,-1.0641811,-0.14553094,-0.11608606,-0.85160387,-0.47740075,0.98669964,-0.7697498,-0.80042064,-0.26693615,3.2842927,-2.3519466,-0.20355935,-11.680219
0.48122188,-2.1075509,-1.5518553,-0.99238247,0.44796088,-2.1006494,-6.1160865,-7.9922943,-12.052165,-1.1557417,1.1418155,0.38679487,-1.2042768,-12.244448,-5.580803,1.5437436,0.12307898,-0.39418966,-0.75941443,0.0972953,0.48163533,-0.9261896,-2.1410592,-16.41904,-2.5929224,-0.48329622,0.021066327,-0.5493717,-0.29008326,-0.7449128,0.34629732,-0.10025365,-1.4773173,-10.095305,-0.59122056,-2.0084057,-2.9710722,-4.8747435,-2.3719249,4.7473164,-0.6288186,-0.73128057,0.29425985,1.2747076,3.6252193,-0.11034721,-9.853023
1.0112039,0.08257525,-2.0557392,-1.2782279,-1.3185359,1.1911552,-5.6206813,-7.1843996,-8.417753,-1.5625186,0.6417893,-0.31723347,-0.8348867,-12.19138,-5.8348145,1.513754,-0.74413586,-0.18484119,0.5373576,0.21600938,2.1692874,0.22259611,-1.8796111,-17.214678,-2.0676236,-2.0921726,-0.5301184,-0.120411366,-0.3758337,-0.69954187,0.49900404,0.5371739,1.6133221,-8.716684,0.20556016,-0.8473536,-3.6930363,-4.3482122,-1.827213,6.395874,-0.7221562,-0.5285829,0.13617656,4.4433227,2.9970481,-0.31419402,-12.934346
0.36372286,-2.1360786,-1.7784926,-1.2058314,-0.9893256,-3.3497136,-9.586126,-7.517647,-11.530488,-1.9104698,0.1765952,-0.42368525,-0.9517069,-10.230884,-6.436427,0.82542557,0.2033969,-1.7733554,0.25494254,-1.899128,1.8547428,-0.04228755,-0.9495985,-16.361366,-3.6581607,-1.1599619,-0.11004968,-0.14613111,-0.19554068,-1.2823586,0.051146753,-0.5258643,-1.607591,-10.786728,-0.62311226,-0.5123556,-6.539129,-4.40661,-1.4753997,3.71238,-1.954613,-0.9778828,0.14719182,2.473064,3.548724,-0.39617163,-10.2845
1.5120924,-0.6842134,-3.7991595,-1.2165515,-1.0345705,2.6862788,-3.3021557,-9.506566,-13.693354,0.019733226,2.43721,-0.86852735,2.9470935,-12.365185,-3.6140103,0.7326559,0.44403362,-0.30900127,0.3274067,1.0820354,3.0102725,-0.0052872407,-1.4767177,-16.800625,-2.5594778,-1.2330092,-0.08379009,-0.14892672,-0.27863434,-1.2407892,0.44817668,0.12527736,-1.3141868,-6.1525264,1.4940597,0.5850617,14.85839,0.47948575,-1.271595,-2.1910098,-2.3290424,-1.0244657,0.23810892,4.370894,5.534147,0.12921004,-10.71943
-1.4176114,-0.6249342,-3.229979,-2.847993,-1.1364087,-2.9326527,-15.729459,-8.996378,-17.11036,-1.240492,0.3883858,-1.5513172,-2.4611666,-5.157084,-5.4224696,-1.1272408,0.021239687,-2.5775886,-1.3505307,0.62642115,1.0784585,-0.04985272,-3.5964108,-15.448243,-5.10409,-0.5009045,-0.6261894,-0.49526402,-0.79121506,-0.7410309,-0.49801484,-1.2907914,-1.8329043,-9.981799,0.6619861,-2.575558,13.315704,-1.5950365,-2.348511,1.9455014,-5.8438,-1.307694,0.040518317,2.9070044,5.0434875,-0.20590878,-8.007131
1.4799663,-0.46797195,-3.6428263,-0.8210643,-0.6642002,-1.5476022,-6.3155375,-12.272466,-20.981724,-1.6111223,-0.49789736,-0.10470499,-0.6256715,-13.035281,-5.8904324,0.49101394,-2.87822,-1.1793206,0.0013625567,0.13839847,-0.35923892,-1.304252,-2.7246652,-19.664438,-1.631135,-0.9728716,-0.07251065,-0.078153305,0.01203879,-1.5316565,-0.74682224,0.011802254,0.9809423,-6.285798,-0.7685917,0.026063947,8.788699,-4.96772,-0.9021144,-1.4952447,-0.9468368,-1.2282861,-1.0990952,3.851652,5.6817064,-0.22164775,-14.048686
1.4095759,-0.18467118,-0.6434618,0.21029091,-1.2606837,3.1336212,0.08278011,-8.429818,-3.3170245,-0.48593262,-0.5497634,-0.050808795,2.3270888,-14.449307,-1.7430538,0.46365866,0.20338155,0.40580562,-0.10503165,0.12927999,-4.2380524,0.12284723,-1.2052433,-19.488916,-1.902417,-0.0700943,-0.67321545,-0.031166406,0.32783264,-0.51658034,0.006171774,-1.4844342,-0.95391417,-1.950333,-1.578824,-0.63074267,-6.9151435,-0.39609754,-1.0209273,-4.108007,-0.42218903,-1.2445873,-0.2976268,-2.2700515,-5.6911674,-1.6151474,-14.074007
-0.37813628,-0.15205273,-3.7414606,-0.64882845,-0.93614626,-1.0694041,-5.024365,-8.108587,1.1544441,-1.7435379,-1.4915947,-1.5020623,-1.0390882,-10.429432,-3.6859722,-0.11867672,0.3596578,-0.73954654,-0.25829133,-0.58201206,0.90815675,0.5350467,-1.2048224,-13.9042845,-4.8011174,-0.6360876,0.4808043,-0.40733412,-0.58628476,-0.45016006,0.53930515,-1.240238,-1.4624754,-4.2340174,-0.75879633,-1.3931754,-3.96769,-0.542713,-1.7171128,-1.0077533,-1.4514481,-2.8224018,-0.633963,-2.036599,-2.6374397,-0.93777615,-8.2016115
1.3769583,-0.17864443,-0.61049104,0.21601892,-1.2845212,3.1776314,0.24929474,-7.682196,-3.5361059,-0.5657091,-0.56173784,-0.0134159215,2.3475688,-14.565211,-1.755046,0.4947017,0.20443203,0.40370864,-0.105456226,0.13677704,-4.2397704,0.110049255,-1.6160141,-19.546627,-1.484962,-0.07302594,-0.6760708,-0.03894692,-0.4784727,-0.4877187,0.026552325,-1.7435943,-1.4841622,-1.9647723,-1.4056128,-0.60646486,-6.137524,-0.38963267,-0.6222026,-4.0508347,-0.4422188,-1.2489429,-0.27510354,-2.265441,-5.68732,-1.6089729,-14.162606
1.0082432,-0.23792809,-0.13787495,0.40285406,-1.1359558,4.633994,0.40669528,-6.64643,-9.609363,-0.07251107,-0.9058507,0.030504946,3.7071388,-15.946809,-1.6470661,0.5241737,0.006798245,0.5969882,-0.14978531,0.18236418,-3.2394004,0.45427704,-1.2924404,-18.771763,4.8138986,0.24740629,-0.34228483,-0.0049802745,0.285183,-0.82980984,-0.12961765,0.366941,2.405107,0.9398236,-0.30103928,-0.1127097,-6.970578,-0.30197418,-1.1191207,-3.9725194,-0.1983157,-1.3106078,-0.44992682,-3.7650704,-7.764098,-1.0814996,-17.04522
2.1332524,-0.30505523,0.31118202,0.6799241,-1.1715806,4.6157284,1.2170444,-6.9711323,-9.402942,-0.952371,-0.63014966,0.030558752,3.9645002,-16.287775,-1.4269334,1.1391926,0.02756912,0.5874068,-0.17536867,-0.03534833,-3.750759,0.4163587,-1.3406286,-18.92941,5.4870296,0.2040877,-0.23960166,-0.013911135,0.3186694,-0.91104597,-0.04101508,-0.32036108,1.6730417,6.6315107,-0.37621105,-0.30279002,-7.0921845,-0.39335603,-0.91806436,-8.3186245,-0.20154622,-0.62884355,-0.7043254,-3.6571147,-9.284958,-1.0585994,-17.342432
1.2481229,-0.20700191,0.12010152,2.2509487,-1.169037,4.585801,0.07294401,-6.236297,-9.180656,-0.7217108,-1.1471736,0.076576985,3.7525873,-14.344065,-1.641504,0.45380098,-0.013896404,0.52755594,-0.09217351,0.19254974,-3.8619978,0.3433029,-1.4940306,-19.150494,5.6537886,0.16020738,0.15359728,-0.046084616,0.105509855,-0.67089224,-0.15461525,-0.2560275,2.242098,0.60870993,-0.4671152,-0.03425174,-7.774698,-0.31933707,-1.1288853,-3.8587666,-0.37074837,-0.62296546,-0.5568114,-2.9229,-7.3074307,-1.05432,-17.115667
1.3340509,-0.20050451,0.49745366,0.1976748,-1.0847212,3.7718883,-1.0308982,-7.411944,-8.71595,-0.8246258,-0.1748054,-0.03559679,3.9946308,-17.505033,-0.9936996,0.004697148,0.0021750894,0.5638843,0.035423335,-0.5093024,-3.0524457,0.55144995,-1.47515,-18.570616,5.749744,0.22257607,-0.31498456,-0.04444703,0.36586484,-0.7906794,-0.13657515,0.14609954,2.4730468,1.678584,-0.5767233,-0.42704073,-6.9519577,-0.38974753,-1.0146186,-3.9805603,-0.27074853,-1.2166578,-0.39972928,-2.4249916,-8.948711,-1.1799994,-15.008002
1.9025388,-0.105855495,0.3916151,1.2821306,-1.0651013,4.779121,1.7872013,-6.889112,-9.769893,-0.84553796,-1.1564662,0.00016230732,3.7647066,-17.118156,-1.3861898,1.1582123,0.10817613,0.59356505,-0.12731925,0.020972012,-4.9823704,0.41204944,-1.3212414,-19.303234,5.508592,0.18711396,-0.1538115,0.028989846,0.11055122,-0.8758273,-0.047786504,0.12398439,2.1851015,1.9233472,-0.53270954,0.096583396,-7.6813865,-0.122714564,-0.7793897,-3.9030852,-0.19963385,-0.3850981,-0.39983517,-3.247293,-9.953522,-1.1574053,-16.703876
2.400828,-0.2665966,0.28077063,0.63186574,-1.1090652,4.6016026,0.8108414,-7.562336,-10.063738,0.70965147,-0.3737454,0.019011682,3.533475,-16.134699,-1.4648348,0.56348634,0.008772848,0.52268904,-0.138906,-0.037945483,-3.6236393,0.47789082,-1.3704876,-18.887503,5.1809826,0.24809678,-0.30975634,-0.019042958,-0.19195387,-0.7122819,-0.22838998,-0.120284356,2.0760083,0.8586742,-0.8185409,-0.28015518,-7.152998,-0.24939138,-0.91888636,-4.0778513,-0.24755353,-0.8181547,-0.48323563,-3.619069,-9.000974,-1.0658783,-17.536104
2.1066768,-0.16563402,0.31925467,1.2757254,-1.1269428,4.9994993,1.2410238,-7.0845504,-9.701037,-0.9702259,-0.71646035,0.008636827,3.6862726,-17.162172,-1.4406428,1.1619639,0.04107378,0.58367115,-0.13721846,0.03549001,-3.649931,0.41439414,-1.2872642,-19.3451,5.683305,0.19463286,-0.14304085,-0.036572933,0.30898494,-0.760248,-0.07549786,-0.2787133,1.9129974,1.6277868,-0.25692758,0.07655996,-7.6341543,-0.33373234,-0.6952528,-3.976713,-0.17849034,-0.68156415,-0.35634267,-3.2231889,-9.855922,-1.1403741,-17.352146
1.4175849,-0.14156495,0.6286581,0.3898654,-0.4003534,3.4792113,-1.818708,-7.3025827,-8.28481,-0.76686054,-0.7818658,0.20684937,3.1127863,-13.826125,-1.8827952,0.44958246,0.16672616,0.619028,-0.042096246,-0.45961824,-3.1985674,0.40656483,-0.12256963,-18.349869,5.0040035,-0.1416571,-0.6198532,0.041471764,0.12768157,-0.837233,-0.074937895,-0.55789495,2.8509808,-3.144801,-0.7738327,-0.4637755,-7.428186,-0.32424128,-0.84356284,-2.5930269,-0.62724656,-1.437027,-0.109593384,-2.077023,-6.532174,-1.1920785,-15.83463
1.2985686,-0.01704234,0.44561863,0.506249,-1.1348493,4.246841,1.2498889,-9.011879,-7.6991887,-0.5863519,-1.3048762,0.23653163,4.484753,-17.913105,-1.6895434,-0.26374072,-0.009194114,0.34633958,0.30524918,-0.6322214,-3.7206361,0.370574,-1.1086565,-18.200438,5.6085324,-0.047110092,-0.3649845,0.0033698408,-0.42878044,-0.58601594,-0.1354252,-0.2085531,1.0293584,6.558169,-0.5914277,-0.19510072,-2.356368,-0.15253136,-0.7570259,-5.479281,-0.481018,-0.12434267,-1.3357178,-3.0773652,-8.529083,-1.0675851,-16.913704
-7.617883,-0.453703,-3.2187576,-0.47940567,-0.6784496,-18.870228,-17.766123,-6.088773,-18.263992,-1.4742417,0.3151196,-2.4870014,-2.5541878,-0.65521324,0.036667928,0.38599008,0.5819255,-0.08345737,-1.1555395,-3.2373097,18.034819,-1.754548,-4.327385,16.07232,-7.95163,-1.2131604,-0.54166174,-0.07006868,-2.2749145,-0.14292485,-0.15236735,-1.8990004,-0.68910736,-19.439898,0.011790182,-2.7821622,7.724819,1.7484097,-0.01780467,-0.9463033,-2.5620573,-1.081899,-0.707301,0.9548136,3.148022,0.12776808,0.35869214
-4.2043443,0.11362359,-1.2459207,-1.5594074,-0.07907713,-7.877613,-12.771589,1.1327462,-3.029919,-1.0677862,0.96433616,-1.433024,-1.7441393,-0.99097383,-6.3187485,-0.95469344,-1.1103503,-0.028422592,0.103731975,0.40904358,24.94356,-0.23515527,-1.110498,-7.743389,-3.5748508,-0.74825233,-0.6524809,-0.22370522,-0.29964536,-0.5394278,0.43565187,-0.46750456,-2.0735133,-5.9122066,1.7281383,-2.4691973,10.706216,4.020482,-1.6491439,9.235291,-0.28139752,-1.4550215,0.23212036,2.261105,5.4050264,0.3137044,4.7840233
-3.5434873,-0.2527328,-2.3907466,0.016621353,-0.32775933,-8.73631,-12.199005,-5.5769806,-0.82315934,-0.8287491,0.9507524,-1.846775,-1.5024668,-1.4415393,-6.12746,-0.6292101,0.06682988,-0.021599837,0.012379734,0.7533109,28.63603,-0.6079011,-0.5660774,-7.895857,-3.2947695,-1.3275948,-0.980814,-0.25562993,-0.06616091,-1.1926914,0.3260278,-0.90696764,-1.7708606,-6.7473655,1.6288892,-2.481136,10.245172,3.3355775,-3.9464102,9.529272,-0.08517726,-1.3848894,0.38416284,1.3713125,1.9870468,0.11838021,3.6664906
-2.9328957,-0.13455668,-1.4125795,-1.6261448,-1.1603516,-13.911105,-11.633494,-0.51202196,-5.8494916,-1.0430508,0.59122527,-1.5744041,-1.7302476,5.0704575,-7.0608644,-0.3638088,-1.0868965,-0.22449927,0.4114814,0.048898317,20.551086,-0.84340405,-1.2290343,13.855541,-3.0912325,-0.7183601,0.2374353,-0.3764969,-0.60340613,-1.5819123,0.22805923,-1.4889134,-1.398786,-9.337887,1.250851,-2.7705116,8.901831,0.5940119,-2.999263,3.3202698,-0.37267184,-0.5848768,-0.0952028,0.11832293,5.3529086,0.24993911,12.325796
-4.352656,0.03510569,-1.2099166,-2.0661814,-0.10620599,-14.24023,-10.922193,-7.92548,-4.018001,-0.90895057,0.7533735,-1.3152349,-1.8619978,4.174575,-7.38542,-0.5257282,-0.285884,-0.08634951,-0.75859934,0.19391936,24.43288,-0.6208689,-0.030708576,14.968489,-2.5031145,-0.9315682,0.0723662,-0.24736139,-0.35378203,-1.3496393,0.0029473107,-1.1056106,-1.6514953,-10.30447,1.1110728,-2.3000312,9.700317,1.351974,-2.5555038,3.9042494,-2.1115892,-0.69282407,-0.6021239,1.3535308,1.4564862,0.2688159,14.566144
-3.4485261,-0.3014528,-1.686136,-2.4236884,-0.521913,-9.818261,-15.899186,-0.6839054,-1.9946002,-0.5007458,0.8998843,-1.4744956,-2.436502,-2.2411249,-4.7359242,-0.63974845,-0.96448404,-0.8905263,-0.7287581,0.6330493,25.16898,-0.32772034,-0.44957155,-6.989237,-3.5455945,-0.98890215,0.3616263,-0.18544175,0.027187113,-1.416312,0.07380962,-0.66606253,-1.6307714,-7.932199,1.2247646,-0.7805534,9.710588,3.1284246,-1.6318195,9.589934,-1.8012962,-1.3822837,-0.5400236,2.3553715,6.2932863,0.24806301,15.090111
-3.9553888,-0.06478992,-1.3732492,-2.1281242,0.06415581,-7.640321,-12.080808,-5.10912,0.871712,-0.5642354,1.4929913,-1.4178236,-2.213111,-2.6684203,-6.1296735,-0.5037957,-0.17443521,-0.021511516,0.5410531,0.5932569,29.345446,0.09346971,0.48726997,-7.848929,-3.471034,-0.70804113,-0.6329616,-0.28574824,-0.4973884,-1.2007798,-0.14429015,-0.6505609,-1.7010101,-7.0648317,0.8414351,-1.9026574,10.203004,1.9296451,-1.1320794,10.520957,-0.3875134,-0.73697805,0.264391,2.5225961,1.9463376,0.2476771,5.322647
-3.6628313,-0.36673704,-1.8665268,0.8028695,-0.7131663,-9.043611,-9.158144,-5.0805426,-0.2439317,-0.39417952,0.78863716,-2.332495,-1.7290392,-6.0293713,-7.2955294,-0.5862054,-0.319818,-0.043362733,0.79083085,-0.06801353,33.17042,-0.8661243,-0.45747414,-10.63236,-3.1470578,-0.68351203,-0.58397,-0.5179745,-0.16068071,-1.3994366,-0.11350658,-0.7293304,-3.08469,-6.1603065,1.7506688,-2.352495,9.686957,4.591461,0.19657806,9.055567,-0.5506545,-1.4545219,0.27437744,-1.0740721,2.1550195,-0.4281853,-0.24327216
2.1869643,-0.03127985,-2.4053771,-1.5886792,-0.10947617,-7.170025,-11.877511,-5.464592,0.6213507,-0.9102251,0.5593618,-1.7703192,-1.5473474,-2.4263585,-6.336568,-0.97465605,-0.1346554,-0.098438114,0.8131574,0.1882851,29.132305,0.45099136,-0.84503365,-9.380515,-3.295132,-0.9192321,-0.6740879,-0.22186491,-0.24106137,-1.3269464,-0.13265419,-0.80473584,-2.788386,-6.46127,1.238604,-2.8086169,10.164104,3.2625961,-1.2250035,9.080492,-0.38406116,-0.25067574,0.13880073,2.170986,1.7899258,0.6016085,7.561693
-7.4160404,-0.18241914,0.6433771,-1.3469148,-0.57711464,-13.461428,-16.213015,1.0677409,-4.0344048,-0.8797321,0.618113,-0.84402084,-3.2556362,23.676428,6.3301864,-0.12002407,1.5204121,-0.15120357,0.08076585,1.1149443,19.335602,-0.4266962,-1.3340199,30.283752,-0.7715996,0.41595036,-0.046442583,0.02459584,-0.75064546,-0.26588246,0.6275012,3.3659358,-1.0397279,-6.979253,0.7599151,0.2833198,13.873639,2.460583,0.6351829,3.3703668,-2.0126166,3.360799,0.44577932,1.2317395,8.906814,0.29948562,12.831369
-7.000627,0.22430697,1.1686572,-1.8058975,0.21437709,-12.949459,-17.33031,1.5825111,-0.76453644,-1.8544067,0.6247231,-1.3731223,1.24176,27.952595,2.765287,-0.6843478,1.8464066,-0.26177597,0.14414114,0.68115216,19.049501,-0.44935364,-1.8116392,29.892632,-1.5427557,0.06437478,-0.20923212,-0.21332823,-0.9167193,2.3878222,0.26959932,2.6759024,-1.5607502,-8.323645,0.42453507,-0.82618225,15.055703,1.23365,-0.3216708,4.432212,-1.6214159,3.8574295,0.15161017,1.0324339,5.927502,-0.02732209,12.858704
-7.943287,0.30163482,2.5372846,-0.8859497,0.06587804,-14.844732,-13.874292,1.2431718,-3.9643416,-1.1361396,0.540818,-0.7083892,-2.9108522,30.212498,3.4587474,-0.49547303,0.33474368,0.054558143,-0.22052233,0.5666039,19.481743,-0.21727586,-1.2392434,27.740545,-1.4962693,0.1761804,-0.24425568,-0.21260075,-0.779248,2.7464845,-0.051617045,2.049155,-1.3581656,-7.367441,1.3487928,0.0027150803,12.991825,1.1728132,-0.87871385,4.275978,-1.6779667,4.3555465,0.8003223,1.1040376,9.017715,-0.014048812,11.876646
-7.2463036,-0.40867722,-0.711095,-0.9320097,-0.5998205,-12.087533,-9.911596,-0.73224926,-4.384693,-0.9402214,1.0023116,-0.840959,-2.544606,29.088808,5.89002,-0.8550991,1.1555247,-0.02484016,0.36806995,-0.42670825,18.633112,-0.37623695,-3.2208073,27.037586,-1.884867,0.21594937,-0.25779253,-0.23769067,-0.7082453,2.8598018,0.1297764,2.8653462,-0.909958,-6.250959,1.6601535,-0.6324871,13.361692,0.5591033,-2.9308364,4.0509834,-1.0409591,4.080369,0.8917432,1.4306241,9.394234,-0.056713995,12.365057
-7.8258023,-0.1499133,-0.5740029,-0.92782223,0.22285755,-12.560423,-11.61793,-0.226561,-4.378768,-0.9947806,0.7750248,-0.84053457,-2.3970633,28.733034,3.0716035,-0.8501293,1.3209608,0.037713517,-0.20692195,0.13147552,19.800726,-0.46472052,-1.6029606,26.526783,-1.2220465,-0.0023681365,-0.3209832,0.30891308,-1.2952446,3.6076438,-0.36177114,3.6067662,-0.9853978,-5.551662,1.9083546,0.5933629,12.0637245,0.08626282,-1.7022538,4.1583786,-1.675043,4.4518127,0.7381099,1.245685,9.029726,0.04722881,12.039083
-7.4197164,-0.14838482,-0.5126305,-1.3377192,-0.19904757,-11.74515,-10.5077715,1.7469336,-4.435684,-1.2071829,1.2954018,-0.7212139,-2.4422936,21.92821,1.6906582,-0.8171721,1.7127267,-0.3031889,-0.3553541,0.58752275,2.3413298,-0.5034227,-2.964524,30.97183,-0.4890383,0.14954878,-0.30641177,0.7910997,-1.253411,4.3332725,-0.50294137,3.8166049,-2.3451695,-5.573175,2.3848166,1.5893711,14.275913,0.018729175,-2.8888755,4.5589895,-2.5528767,7.19589,0.7908933,2.022345,10.03665,0.13675204,8.640652
-1.470824,-0.55870056,-1.7761983,1.827686,-1.3002967,5.438541,-6.185179,-9.636306,-3.1895683,-0.76448256,0.26003394,0.32524088,-0.30880493,14.507493,-5.4915104,-0.08715345,-1.4478967,-0.051896483,1.006573,-2.5509615,-2.5719206,-0.360329,-1.8203775,27.910273,15.821747,0.047268715,0.2361692,0.2811128,-0.86472046,0.38732612,0.15529782,-1.7673243,-1.4387258,-1.3181298,2.9626827,-2.79059,19.237432,-0.86360437,-0.8390909,6.24349,-2.513407,-2.0929325,0.43318594,3.1810277,14.303806,0.3681948,13.74013
-8.201354,-0.47438765,-1.4385983,0.49983397,-1.0895845,-17.177708,-9.814304,-9.177414,-5.881264,-0.41651124,-0.68981755,0.0013754079,-0.7426937,7.9127836,-3.5983372,-0.16657048,-0.1889739,-0.04218495,0.7558933,-1.7098649,-1.1471009,0.31782067,-1.0910343,18.527903,14.870179,0.030531215,-0.51670563,0.07859338,-1.8396761,2.3192651,-0.056765925,3.852146,-1.1884788,-7.227595,3.9567873,-1.4622033,17.558477,-0.5229723,-1.1199641,8.848566,-2.032956,-0.6348414,0.18788303,1.931044,14.367765,0.1459431,13.591432
-8.196947,0.21469909,0.66798633,-0.19150141,0.04671921,-11.65422,-12.81146,0.36179793,-2.5559707,-1.1911744,1.3968931,-0.39808357,0.6285894,13.474654,-7.49897,1.021317,1.6990058,0.52199745,0.18791147,0.39645073,-1.3241241,0.5459766,-0.27158803,31.002028,3.2847593,-0.19918428,0.027317187,2.8792896,-0.81100106,5.9023995,0.04062357,3.620439,0.10378109,-8.062373,1.5168356,1.0876219,13.699671,0.75750864,-0.5468317,16.86291,-1.6075832,6.736269,-0.1416736,2.082638,10.229396,0.29039064,11.969461
-11.456018,-0.38813046,0.5720951,0.90349376,-0.4780259,-11.389273,-15.372534,0.20740461,-0.76075673,-1.0111328,0.9195362,-0.8725186,1.8368683,19.405943,0.36915487,-3.250192,-10.403391,-0.33487338,0.2840042,-0.37556055,16.377388,-0.4697024,-2.1934655,26.177076,6.4884353,-0.0430872,0.51664954,1.7580432,-1.4195601,4.644464,0.21636602,4.1844115,-0.93486094,-7.118457,0.2104114,-0.53029925,15.474762,-0.49609464,1.2177674,22.827269,-0.780171,5.695818,-2.6119924,0.7728185,8.176381,0.18498306,11.776658
2.078058,-0.26191726,0.17860511,0.48345488,-1.1037662,4.625796,1.5371376,-6.848066,-8.6095705,-0.7106925,-0.46005705,0.0028853724,3.8069415,-15.8800955,-1.4473604,0.6136684,-0.011723778,0.5224061,-0.15720978,0.015328306,-3.3806772,0.4653222,-1.3897377,-19.038006,5.4164486,0.22581285,-0.32721245,-0.022738038,-0.3971424,-0.6736559,-0.14773853,-0.29361537,1.8384478,0.8027919,-0.43500137,-0.2853999,-6.893679,-0.31090513,-0.82150286,-3.978195,-0.21028784,-0.7992092,-0.3989732,-3.865903,-9.184582,-1.0640454,-17.460901
2.0920346,-0.3035164,0.29471326,0.6672041,-1.1265305,4.7364035,1.0660625,-6.866711,-9.434743,-0.88098997,-0.7091347,0.015165882,3.70782,-16.798922,-1.466585,1.1670078,0.020334503,0.5610691,-0.11317828,0.046574157,-3.4522946,0.4372177,-1.3903688,-19.410847,5.599267,0.20275266,-0.2048609,-0.06953327,0.057968695,-0.6785842,-0.15718272,-0.036786526,1.9380996,1.629783,-0.2819366,0.017947134,-7.326354,-0.3283205,-0.80209565,-4.0637736,-0.18519357,-1.3759737,-0.35534325,-3.1749454,-9.265068,-1.1654456,-17.067636
2.099704,-0.21499884,0.24269189,0.66832435,-1.1302153,4.9897437,1.2087862,-6.901863,-9.689697,-0.9644652,-0.71734023,0.009905755,3.6856666,-16.790972,-1.4418465,1.1668189,0.041322898,0.55430925,-0.13455725,0.04694722,-3.6528516,0.42258906,-1.4183328,-19.353544,5.865346,0.20156293,-0.14214027,-0.036056288,0.038881794,-0.6750469,-0.07428522,-0.28118777,1.9105803,1.6222646,-0.22956063,0.013923119,-7.205173,-0.34386298,-0.70662814,-4.0422187,-0.18168572,-0.7242196,-0.35913685,-3.1842752,-9.794879,-1.140363,-17.38125
2.0974221,-0.21256326,0.26966196,0.6693693,-1.2297493,4.963571,1.1246189,-6.902256,-9.709726,-0.96533066,-0.7229606,0.02400836,3.694388,-16.791752,-1.4027308,1.1036433,0.046634737,0.5494802,-0.13558319,0.05184795,-3.6551912,0.42185706,-1.418409,-19.347116,5.834227,0.1970772,-0.14102818,-0.04187766,0.046977997,-0.67983985,-0.07505384,-0.28394452,1.9160044,1.6234359,-0.2608795,0.033519577,-7.1842356,-0.1314629,-0.73191214,-4.060064,-0.18143784,-0.65791184,-0.34847713,-3.184762,-9.873519,-1.1489816,-17.352436
1.91517,-0.17921455,0.33508033,0.7097965,-1.2067562,5.123812,1.8360648,-6.7750964,-10.510964,-1.0384552,-0.07302818,0.01773072,3.6280408,-16.827768,-1.4357908,1.1250674,0.118499406,0.57284164,-0.120237805,0.15515175,-4.8806033,0.4017325,-1.4257641,-19.351135,5.979706,0.20517522,-0.19644833,-0.010300753,0.0049084825,-0.6885576,-0.07787167,-0.30026582,1.9616293,1.6356931,-0.28037956,0.0062651783,-7.2092123,-0.334797,-0.9944927,-4.057834,-0.22507158,-0.4536968,-0.33405298,-3.191682,-9.821186,-1.1419086,-16.75246
7.8005214,-0.30131182,-0.21703716,5.9236608,1.340946,17.178568,66.20278,-3.586101,-3.1048303,0.9278435,0.4906395,0.5462751,0.14359863,-10.103932,-2.1585574,3.3530176,-0.27294624,0.07228271,1.0584614,4.2015233,4.4830093,1.3861576,-4.119248,33.526123,-0.55540127,0.28373814,0.26533157,1.2647772,2.195957,-0.4228731,0.18198636,0.47763443,11.746045,1.5543556,0.8908979,1.2300757,-7.8927345,-0.07723095,6.394296,12.112243,-0.42104852,9.107164,-0.97738767,4.103346,0.8096661,-0.19985133,10.727435
3.551676,-0.024662431,-0.03658901,3.283727,3.806777,37.042706,85.31232,-2.829269,4.833742,0.7753921,0.6079902,0.021824172,6.480289,-8.169694,0.9924663,-0.13986184,-0.049853776,-0.032013718,0.21319911,2.956776,4.5912466,0.28009182,-0.37656328,-10.248235,-1.3722446,0.29628012,1.0277461,1.4902914,1.9529067,-0.6103622,1.5331787,1.3362205,6.708799,20.391232,-1.125434,0.97023106,-5.418135,-0.44013438,5.485551,26.960356,-1.0580906,5.136895,0.741524,9.941071,4.411446,-0.06367939,11.844178
3.524978,0.25683942,0.5200498,4.149977,3.8174543,40.54227,88.130646,-2.4301906,3.8227694,1.3048759,0.63555795,0.19522026,3.5399804,-8.977471,1.3603401,2.3497512,-0.0055557345,1.4745834,-0.2007539,3.7599037,4.2923274,0.72848463,0.028854327,-8.339513,-0.9551134,0.47896975,0.4559441,1.4959081,1.8277953,-0.14221528,1.3313408,2.4717407,15.945071,-0.8651585,4.9516854,0.8794099,-6.7682643,-0.30433303,6.083726,17.233871,-0.8725485,8.595693,0.607408,7.587586,4.170671,-0.8822179,14.897913
3.3459818,0.63569325,1.1648264,3.1244302,1.0698712,37.212093,95.18631,1.2408226,-5.1327844,0.48216787,-0.19826107,-0.3686602,7.3193593,-8.419166,-0.38946,1.7265676,-0.88730353,0.6677913,0.10225273,3.1015968,3.5025427,-0.43170032,-0.4049453,-10.525546,7.9078817,0.2650673,0.5925763,1.2203801,1.0081812,-1.348266,1.4526653,1.4327053,5.7502046,23.424555,6.840491,7.0900345,-4.691543,-0.15788588,0.07178855,23.022915,-0.43719682,10.2241125,1.0029118,9.00505,-0.29363906,-0.580955,-2.9745853
2.427815,0.17983799,1.1472971,3.0804265,0.8607523,36.62699,97.898544,-1.5843168,-1.3513407,0.24037427,-0.17936948,-0.6432744,6.5281734,-9.306514,-0.89908284,2.033704,-0.77317476,0.49025956,-0.53939176,2.0815125,3.7477057,-0.9042374,-1.6370242,-13.137047,8.486564,0.23185408,0.57280016,1.2497793,0.585509,-1.4149524,1.9714622,0.93416,5.350179,22.339409,9.701144,0.34277013,-4.7242794,-0.1409441,-0.38283515,20.781708,-0.39881843,5.895144,0.5778796,7.828365,-3.8483336,-0.5573978,-5.2971344
6.525936,-0.21458761,0.8503065,4.014691,0.5613492,27.041395,85.646225,-3.0841575,-5.757605,1.330341,0.89738065,0.17316855,5.731471,-10.09304,-1.8202127,3.399634,-0.70770824,0.5254002,0.59898365,2.2666686,3.0618267,0.103115566,-0.8540594,38.907646,9.266858,-0.24343218,0.52875143,1.0967885,0.51220715,-1.0544118,1.8596344,-0.027191771,8.478258,17.265388,8.689327,1.9403219,-3.1502562,-0.08808144,-1.5141498,21.565866,-0.08642374,6.2755575,-0.6340429,1.1472999,-1.5256683,-1.0155568,-5.4299445
7.4390693,-0.36731723,0.30894384,4.3833823,0.95595515,27.31726,80.11745,-4.1196117,-2.895522,0.26314974,0.86612236,0.020164857,8.092157,-9.693844,-1.1099292,2.142559,-0.88079196,0.7147663,0.20015062,2.2541842,3.9970684,-0.018533492,-0.30735654,28.92324,8.732579,-0.1968232,0.38232094,1.175812,0.8809303,-0.8113594,1.9577672,0.30831164,6.3101387,18.955278,6.3933344,2.1565065,-4.3101788,-0.2822996,2.397837,22.741999,-0.7399042,4.9510427,-0.7586525,5.931046,-2.7749305,-0.9730186,2.1669068
5.7741685,0.308523,0.97548854,3.9749947,-0.45748222,27.692299,86.99121,-3.3329625,-10.038773,0.40232646,-0.66201514,0.0698368,4.959154,-10.850621,-1.5784377,2.7968762,-0.7732235,0.7337109,0.5693673,2.468772,-0.98463136,-0.12969682,0.03545362,33.49281,10.591568,-0.20290624,0.75005937,1.1206543,-0.33608192,-2.810673,1.7472509,-1.2641808,-2.2023184,-6.766748,9.727081,1.4475644,-3.939513,0.042563893,-1.0401258,5.1414676,-0.26804504,6.7686787,-1.1835675,-0.39216614,-3.7160099,-1.1010697,-5.9269347
2.877847,0.36863095,0.88691705,5.621705,3.648526,26.637749,78.21425,-3.5028248,-1.3334166,0.77263993,1.017504,-0.36674625,8.072604,-9.502725,-1.1395825,2.0525894,0.03337327,0.5398779,0.4370804,3.1848218,5.4919014,0.20116349,0.20030202,32.48929,8.9582405,-0.07609823,0.15844645,1.1352093,0.12168726,-1.4810202,1.8406538,-1.1093732,4.1038103,22.387568,6.1524677,2.430404,-3.10856,-0.027919775,2.184625,22.832008,-0.38529637,6.438989,0.61073095,-1.1411229,-1.1671946,-0.8280086,-2.2651458
1.0065984,-0.22494186,-0.040719308,-0.047529165,-1.0653071,3.8769915,-0.2584693,-7.737422,-6.4730473,-0.8535624,-0.64093226,0.042514928,2.8205261,-13.781872,-1.781267,0.047073703,0.049491838,0.5778624,0.042261716,-0.5915799,-2.7655501,0.92820615,-1.7354366,-18.60347,3.68291,0.19538137,-0.28329065,-0.029159298,-0.01027795,-0.43082565,0.3020197,0.46244535,2.5418158,-0.74112946,-0.8073483,-0.23558547,-7.0011435,-0.16061729,-1.1510228,-3.9802876,-0.3664716,-1.309423,-0.29428563,-2.8122633,-8.028163,-1.0473852,-15.292763
0.7940158,-0.3578348,0.17692201,0.50128305,-1.0965353,4.2685637,0.16454244,-6.7989116,-8.662346,-0.73723054,-0.53080374,0.07568366,4.1517825,-14.878969,-1.616367,0.3764969,0.051789176,0.6212164,0.051409364,0.1389589,-3.1623023,0.4720042,-1.4953374,-18.865314,4.514292,0.33762464,-0.53145385,-0.0013678786,0.28228733,-1.0584563,-0.09120738,-0.23785,1.9684544,6.5241375,-0.4444086,-0.10626403,-7.3694715,-0.37244213,-0.8388796,-8.2571125,-0.32914856,-1.3434693,-0.99758893,-3.310866,-7.400249,-1.1562182,-16.76022
-2.5476024,-0.051480796,-4.3334513,0.003092267,-0.44449195,2.0139422,-3.0904787,-7.088299,-6.396553,-0.5243798,-0.7896481,-0.8193036,1.9586339,-13.465841,-2.6154344,-0.3948182,0.23559436,0.4201276,-0.0684387,-0.1598154,0.49025574,0.70732844,-2.0673347,-17.061684,-1.0631464,0.040127426,-0.25823632,-0.027660575,-0.18881682,0.7252981,0.5781842,-0.31950638,-1.1408925,8.072606,0.45663562,-0.7800618,-4.891986,-0.66012627,-0.6448356,-5.9780755,-0.78564805,-1.0294467,-0.3001917,-2.7935965,-3.7811098,-1.2412804,-8.691405
0.83749753,-0.19659725,0.21379477,0.64331883,-1.1071935,4.996605,1.0126786,-6.813816,-9.271558,-0.9469011,-0.59688896,0.009285874,3.9453819,-16.424843,-1.6331859,1.1978787,0.029156327,0.64147675,-0.13567007,-0.044573363,-3.555103,0.4415638,-1.4953911,-19.302864,5.081826,0.18657888,-0.37250587,-0.22798261,0.29969943,-0.9750982,0.014278128,-0.33632055,1.6195247,6.5927296,-0.3147392,0.21011098,-6.904665,-0.3475677,-0.65696704,-8.360824,-0.20899661,-0.6069978,-0.83478916,-3.7149763,-8.3641615,-1.1334566,-17.035978
2.10744,-0.25594833,-0.17537618,0.4324082,-1.0953848,3.708687,-0.084177494,-7.072428,-8.041177,-0.9367601,-0.6129087,0.026155474,3.9087644,-14.683521,-1.5920353,0.07794998,0.061996676,0.6203806,-0.010201606,-0.67456335,-3.1735897,0.98111665,-1.665556,-19.054876,4.8847313,0.16445185,-0.50012535,0.034732334,0.22158013,-1.4798437,-0.065972716,-0.7229431,1.8554399,6.5874543,-0.58979964,0.24396846,-7.036646,-0.29595843,-1.0320984,-8.220437,-0.40577257,-1.2478503,-0.88792324,-3.2858298,-8.949477,-1.0586213,-15.092939
1.7672857,-0.302507,-0.00014518184,2.425414,-0.8125477,4.971809,1.2635872,-7.575739,-9.166738,0.07374691,-1.4550515,0.17397787,3.480986,-16.82951,-1.8529955,1.2044129,0.019767627,0.56980306,-0.03184293,-0.0805297,-5.089504,0.35871089,-1.1943688,-19.705238,-0.7912973,0.23716152,-0.49732274,-0.068874955,0.41483662,-0.57537925,-0.048530042,-0.3412535,1.8036335,6.246329,-0.83670187,0.12838542,-7.786908,-0.36424354,-0.9956881,-6.1936984,-0.1535311,0.009201329,-0.7807298,-4.223411,-5.1126375,-0.95171976,-15.5885105
1.6834737,-0.2571999,0.19210443,0.55263096,-1.6084071,4.149287,0.13185161,-7.13998,-5.8408823,-0.8297833,-0.4442269,0.1593963,2.8114705,-14.238799,-2.3916302,0.0025544672,0.05486086,0.5633273,0.03836736,-0.27573428,-3.6653438,0.46666256,-1.4989388,-18.702877,-0.67040473,0.16905218,-0.4216284,-0.037787724,-0.011017652,-0.33770606,0.21297108,-0.62590927,2.3262422,-0.7524555,-1.164787,0.068651706,-7.569695,-0.34639046,-0.78572196,-4.3884196,-0.2930037,-1.4398589,-0.35973012,-2.312382,-5.5600986,-1.0304618,-13.972953
1.8150725,0.091232575,-1.7457544,2.2048302,-0.4076709,5.390934,2.5139022,-5.7291985,-14.070852,-0.053450413,-2.144672,0.052926682,3.166933,-17.222836,-1.65494,0.86706054,-1.5723361,-0.020643247,0.15139443,1.6577777,-5.330421,-0.9278853,-0.6675554,-19.399647,3.2018666,0.16845365,1.1215129,0.006917738,0.072655015,-1.4016309,0.10403373,-0.029676327,1.4842376,6.2252264,1.1109186,0.2965099,-8.604745,-0.3063767,-1.4090115,-7.267378,1.9577341,5.993529,-1.2925003,-4.655771,-9.416063,-1.1160148,-17.398478
1.7167292,0.07720074,-1.786337,2.5700042,-0.20884202,5.65713,1.6166317,-5.746791,-14.032974,-0.13159525,-2.1483793,-0.013651995,3.3002522,-17.347534,-1.4653217,0.8038078,-1.6611197,0.003220378,0.14647868,1.638274,-4.4812717,-0.9119328,-0.65481067,-19.336927,3.274313,0.17745328,1.1431577,-0.017072905,0.13224037,-1.463119,0.10362013,-0.04885204,1.5066806,6.460713,0.045846205,0.14657322,-8.806915,-0.31165513,-0.9075885,-7.3204165,1.8591998,5.970807,-1.402189,-4.520649,-9.458297,-1.1214477,-17.447298
1.9792101,-0.21872377,0.4824432,0.7298595,-1.1447095,4.7579412,1.2702495,-7.973235,-8.676896,-0.8062257,-0.7440168,0.00610505,4.0424485,-18.053547,-1.4122204,1.0882771,0.040954296,0.53090125,-0.1819614,0.053776313,-3.3742216,0.37624085,-1.3645585,-18.808435,5.706937,0.21322544,-0.13309515,-0.044176493,-0.13464098,-0.71436477,0.09038747,-0.2756449,2.0183442,1.5432622,-0.31371704,0.1738522,-6.7329345,-0.13838926,-0.70356303,-3.9823005,-0.1799205,-0.632933,-0.3488619,-2.7463086,-10.403574,-1.2285994,-17.51955
1.2382983,-0.2465768,0.24671051,0.6403734,-0.8610071,4.1750865,-2.0944602,-6.875068,-9.389525,-0.871066,-0.7346172,0.09059021,3.2875926,-15.680854,-1.8039403,1.1292746,0.031672005,0.5870536,-0.24967249,0.03285964,-3.5475821,0.42622912,-1.4836637,-19.030579,5.165871,0.30152136,-0.17857258,-0.06868034,0.039074153,-0.6835943,-0.07780273,0.1918265,2.1419942,1.6843818,-0.33018714,0.1708865,-7.255045,-0.40891707,-0.76685554,-3.751769,-0.20902956,-1.3586106,-0.4807265,-2.8972929,-6.7327976,-0.8460342,-16.272081
-1.8362098,-0.44950154,-1.5353172,-0.7448016,-0.45011988,-1.704475,-3.378524,-7.386357,1.0661438,-1.0251414,1.1456214,0.81734717,1.2650095,-11.2248335,-0.63377255,1.1084497,0.21044877,0.257087,0.54351264,0.07563829,2.9832053,0.13380797,1.2093009,-16.386467,-1.3320016,-0.096369304,0.023222879,-0.24509355,-0.59311485,0.6136261,0.076740675,0.8391492,-0.66706026,-4.285393,1.5323522,1.312309,-6.000106,-1.3340857,-0.6039319,8.750993,-0.35998228,-1.8431906,0.030654082,0.19289528,-0.88707066,-0.007104196,-1.8292352
-2.1909668,-0.5039465,-1.7065612,-0.56003666,-0.5236273,-1.6705736,-3.4930725,-9.375747,0.72699714,-0.59180945,0.96903557,0.8669844,1.7852736,-9.575409,-4.1282816,0.27020743,0.13084362,0.13133718,0.6277609,-1.0116516,2.5937426,0.6510532,0.73356414,-17.228912,-1.9128569,-0.13202985,0.14430396,-0.2726252,-0.5927956,0.25563347,-0.021873832,3.8540735,-2.1689105,-5.6076107,1.7897624,0.75191706,-6.182582,-1.8299685,-0.7114309,8.360895,-0.5194183,-2.2413156,0.028743537,0.23174559,7.0302763,0.06252873,-1.4436467
-2.0087497,-0.39748102,-1.356471,-0.67610127,-0.4907687,-1.7082678,-4.2814007,-6.5383997,1.9568002,-0.5878006,1.0531416,0.61349314,1.4083041,-12.251595,-0.8462473,0.4216841,0.091708764,0.45299733,0.5289614,-0.26396433,3.178507,0.52745605,0.92919904,-17.102587,-0.78445566,-0.4048468,0.16375479,-0.2208798,-0.5704615,0.29577592,-0.11515561,3.6188586,-1.0089971,-4.4542046,1.7893704,1.1508178,-5.961671,-1.1719931,-0.45790866,8.052327,-0.37063435,-2.1061742,0.19673799,-1.1033957,-0.7431079,-0.0422909,-1.9273285
-2.081835,-0.30298358,-1.5145555,-0.19631955,-0.85115683,-1.0087097,-1.8920504,-7.0708814,1.2126698,-1.0046581,1.8417754,0.5888861,1.97027,-13.11867,-0.9851234,1.1079496,0.018486328,0.3559806,0.49675927,0.7737107,2.9156377,-0.020685174,0.8761216,-17.43975,-1.0291742,-0.13404505,-0.37034756,-0.2857862,-0.5143856,0.26916215,-0.11213243,3.7766516,-0.62478244,-4.9397693,0.75961936,1.3943492,-7.055721,-1.2854928,-0.5425771,6.9012547,-0.35451385,-2.1884868,0.23302755,0.23511286,-0.24723399,0.077000864,-2.9481208
-2.0302248,-0.0801448,-1.402523,-0.3581274,-0.66394395,-1.2134887,-0.43731213,-7.4966073,1.3047976,-0.86698854,0.8250016,0.6520502,1.6675504,-13.781989,-0.43553597,1.4288727,0.19665904,0.61886454,0.57976586,0.74973726,1.8924862,0.11529677,0.792595,-18.328444,-0.70473576,-0.20925122,-0.23961303,-0.29695773,-0.5852864,0.2776197,-0.11277505,4.091257,-0.6519339,-4.680122,1.882754,1.34651,-6.197385,-0.77514374,-0.5888162,7.999355,-0.35875404,-2.179628,0.3364386,-1.3578051,-1.0377636,-0.02449898,-3.9769583
-2.2449243,-0.17738286,-2.2123456,-1.3158823,-1.1062537,-2.0189514,-5.820051,-7.898666,-1.5412798,-0.21467651,0.6629391,0.72700274,2.5573177,-12.161531,-5.675259,-0.15890126,0.09090105,0.21271123,-0.79409695,-0.11310325,2.3816252,-0.10558693,-1.0986886,-17.326477,-2.7790573,-0.30972323,-0.13993125,-0.29881775,-0.5857934,0.20734489,-0.2727702,2.9830525,-1.3907183,-5.5466304,1.3401372,-0.41525048,12.231534,-2.509078,-0.78217876,7.0436172,-0.37602285,-2.551705,0.23179604,-0.050382126,5.9272995,0.15796821,-0.9802571
-1.6801156,-0.27029535,-2.7443116,-2.1060543,-5.7279005,0.081741974,2.5455115,-16.037374,-1.9225826,-0.51028407,-3.9500036,0.7341884,-0.43857282,-9.491938,-4.919696,0.41420066,0.01980925,1.029013,0.6845643,1.6989449,1.2758826,0.25620967,-0.7702157,-19.327532,-0.6509761,-0.21235253,-0.6886992,-0.29323927,-0.6390416,0.23114136,-0.2262487,4.066446,-1.0519257,-5.2937384,2.0201669,1.7363491,13.865949,-0.98378307,-0.067258425,7.1176677,-0.45927766,-2.4245737,0.055168197,1.9275967,5.739781,0.13749179,-8.009881
-2.3509223,-0.33627912,-2.1857393,-1.5402777,-0.8315577,-4.398487,-5.7915554,-9.803623,-1.1390201,-0.66752106,0.6403956,0.82623404,2.7741175,-12.856991,-5.3777747,0.732891,0.011000059,0.23496577,0.56769526,-0.33272782,2.5022392,-0.05082826,-1.0478404,-17.479658,-2.5133512,-0.3839484,-0.021550534,-0.29417756,-0.69185764,-0.046814807,-0.13735758,2.3047466,-2.358935,-6.688853,1.2703984,0.23883358,12.119359,-2.6781669,-0.015721006,6.6243405,-0.16275737,-2.407111,0.21181531,3.0164046,6.9790564,0.08944981,-0.85651916
-4.341465,-0.4854969,-1.4118477,-1.1426349,-0.6898579,-2.5932407,-1.4337692,-15.419935,-1.262031,-0.5450684,-3.451682,0.22797225,0.42085454,-11.397306,-5.7697988,1.1683348,0.08715315,-1.1427846,0.0035530631,1.7672522,-0.7086716,0.13906722,-1.1967098,-19.407955,-0.67935044,-0.23985429,-0.058380496,-0.32702178,-0.9061141,0.729004,0.08188653,4.324844,-1.2532458,-1.3060514,1.825484,2.4735718,12.419291,-1.5736549,-0.19259785,7.280475,-0.487228,-2.0327916,0.283172,3.4186175,8.884888,0.22268513,-10.39516
-1.8921744,-0.47380176,-2.322324,-1.6740146,-0.0020062514,-2.8936388,-2.9544573,-15.3209095,-0.73154426,-1.0650086,0.46189216,-1.5461642,0.58171093,-12.806154,-2.6704564,-0.08705052,-0.28467113,0.10484104,0.73844254,-0.7474566,2.5934422,0.2453151,-1.7175506,-15.799899,-1.0085591,-0.033169977,0.07083588,-0.032090362,-0.2626053,-0.88252425,0.05025115,-0.120286256,-1.496254,-2.630764,3.0826879,1.2981986,12.3798,-1.2388258,-1.4188275,7.817949,-0.42666474,-1.3625168,0.17162699,2.317662,7.7265897,0.31123322,-1.3801204
-4.849045,-0.48627606,-1.3109814,-3.1481814,-0.2629883,-12.438168,-19.967249,1.0509739,0.09517156,-0.88497865,0.4083973,-3.3097296,-3.5806253,18.813591,-5.090781,0.19441123,-2.9879727,-1.0524496,-0.009582523,-0.69656885,21.764427,-1.0095302,1.9552113,-10.837506,-3.2060378,-0.19404034,-0.75349736,-0.21030977,-0.1275304,-1.9294798,0.043731395,2.0194902,-1.9822567,-5.6098423,0.8599078,-2.2782094,1.5012739,-0.15008911,-2.7910602,1.661167,-2.3224185,5.608532,-1.9315861,0.13660559,4.3919377,0.08400536,12.336081
1.8408744,-0.21639183,-2.1414704,-2.611014,-1.3403782,-11.381521,-20.548443,4.502068,-5.1889677,-1.3212732,0.32696977,-4.4762034,-3.304276,18.857964,-2.1152315,-1.2090465,-3.1288843,-1.0340825,-0.18912973,-0.5388819,22.395626,-1.2500697,-1.2645776,-9.549956,-3.7084148,-1.1116511,-0.073102936,-0.14078012,-0.26356247,-1.7104604,0.6049979,0.23095807,-1.275879,-1.8547969,0.43542296,-2.976875,-1.1403371,-0.32944468,1.1365308,1.9999439,-2.6537926,-0.1278504,0.36177295,0.2001361,4.48707,0.14344117,11.265465
-2.925868,-0.6066664,-1.8764845,-3.4058297,-1.6054628,-12.683468,-24.582397,0.0766556,-4.0738573,-2.401155,0.5217282,-1.5256264,-1.9765416,18.963947,-2.912148,-0.043091215,-1.955302,-0.19941717,-0.16969019,-1.0004529,23.681696,-0.79991204,-1.4999311,-9.206513,2.6262112,-1.3401409,-0.011595477,-0.52510965,0.27210826,-0.7522673,0.48400125,-0.76202786,-1.7164704,-0.988284,1.7438256,0.29576606,6.0685263,-0.047531635,-2.5964625,2.114511,-1.5772256,1.4953363,-3.8369668,2.4386537,5.665037,0.0811891,0.5925239
0.90351623,-0.282357,-3.4722955,0.14850862,-0.55215526,1.9817287,-3.7331617,-7.667802,-8.26153,0.31350628,-0.7023494,0.13563198,1.041428,-16.197575,-1.0938962,1.468659,0.55606174,0.71605957,-0.22741449,0.041586794,0.20213969,-1.1967318,-1.9439181,-17.10699,2.3730803,0.088871665,-0.30849174,-0.003826978,0.10579305,-0.5583949,0.027235745,-1.0195146,-0.7152097,-6.24586,0.33844757,0.13884385,-7.033211,-0.09322409,-0.9343622,-3.6800935,-0.6873513,-1.0382077,-0.2286877,-1.4906503,-5.911048,-0.7585643,-15.893724
1.2129834,0.08871081,-3.692205,0.12710546,-0.34227997,1.9759471,-3.1718094,-7.1124845,-8.306479,0.25843388,-0.41935542,0.21913989,0.7085651,-15.553014,-1.649839,1.6468335,-2.5940166,0.692828,-0.32445496,1.4198023,-0.1274843,-0.9435088,-1.9006854,-16.86902,-0.23778808,0.09291758,-0.4563124,-0.00071404973,0.011054058,-0.60049194,-0.110221446,-0.8592386,-0.19160803,-6.875138,0.23150566,0.06579786,-6.770212,-0.106990516,-0.6958847,-3.9600503,-0.67750734,-1.1646613,-0.15781118,-0.9163688,-3.7536466,-0.78975403,-16.168442
0.18385999,-0.04466981,-2.9454756,-0.36351168,-0.4420252,-0.1883949,-4.8900676,-8.039472,-7.686528,0.4979369,-0.7162214,0.42027682,1.7309291,-16.036451,-1.896338,1.2833581,0.563995,0.6747519,-0.46114153,1.6107968,0.20917168,-0.64831346,-2.0320978,-17.353172,-0.51698065,-0.056394648,-0.24339972,0.08162795,-0.099093206,-0.724198,-0.050433442,-0.7472769,-1.569178,-6.128316,0.5070244,-0.4951304,-5.555889,-0.2868916,-0.641251,-3.7470186,-0.7521263,-1.2901621,0.36561978,-1.2348542,-3.8864925,-1.0288644,-10.515987
0.106200926,0.09592421,-3.1095932,0.21393146,-0.49440333,-0.5817739,-6.3463454,-7.345437,-8.612983,0.22159666,-0.6706751,0.17073971,0.7577807,-15.892308,-1.246771,1.1584859,0.56246376,0.85570437,-0.46640298,1.0617876,0.7245143,-1.0193208,-1.6785047,-17.819525,1.0675632,0.05509185,-0.2910727,-0.024087908,0.3588938,-0.92293686,-0.14697489,0.21334378,2.0485125,-6.621905,0.7271694,-0.22008938,-8.308085,-0.022119448,-1.8579434,-4.3769403,-0.6485843,-1.0802686,-0.21486883,-1.1439885,-4.8401103,-0.5475406,-10.677651
-1.4714869,-0.28921926,-2.93274,0.38637853,-0.6120648,-1.1541481,-4.3859234,-7.568979,-7.129029,0.5560375,-0.65202653,0.47091845,1.2234683,-16.570118,-1.5327221,0.981265,0.3010751,0.4886186,-0.5383599,-0.27581033,-2.8696082,0.1438861,-1.876751,-16.471992,-0.5246672,0.003370163,-0.055727094,-0.036011215,-0.086609386,-0.7154034,0.23054495,-1.2804874,-2.34961,-7.239105,-0.26474068,-0.7235809,-5.773826,-0.061509173,-0.5815116,-3.7984169,-1.1035413,-0.97858924,0.40689042,-0.53051615,-3.0069172,-0.55841583,-7.8447485
1.1320739,-0.1285716,-2.8535001,-0.74762654,-0.7337991,-0.810829,-6.8192534,-7.7201605,-8.28369,0.26664856,-0.63550246,0.16363841,1.7215778,-16.037743,-1.3619008,0.8230257,0.5211106,0.70189905,-0.21224026,0.5671497,0.00415461,-1.1548057,-1.417068,-17.882963,1.6120299,0.10167139,-0.28782418,-0.05813704,0.29670626,-1.0245881,-0.29461652,-0.54701746,-0.8766092,-5.458764,0.3737127,-0.45587626,-6.7125387,-0.8065621,-1.801615,-1.754497,-0.6333494,-1.1271172,-0.3206988,-0.9757852,-5.07691,-0.59485465,-11.199688
0.77867967,-0.050760627,-3.208134,0.020225456,-0.73348266,0.9519681,-3.338815,-7.3511953,-8.8135805,0.09732283,-1.0230561,0.23426452,0.02713412,-16.040306,-1.2197696,0.39337647,-3.1594918,0.6610538,-0.21222824,1.712452,-0.6407862,-1.3997743,-2.0585966,-18.607271,3.6282685,0.27554882,-0.6292133,0.0100455005,0.11320178,-0.8723444,-0.22846903,-1.6344905,-1.8610924,-3.4319007,0.25119588,0.6958116,-5.0672903,-0.08366456,-1.8130882,-3.9603648,-0.7249984,-1.0045515,0.19079277,-0.39825097,-4.706687,-0.62797827,-16.112667
-0.02246676,-0.5314497,-2.9280312,0.14216402,-0.84700936,-0.113348916,-5.4768815,-7.519085,-9.081726,-0.3405186,-0.9731361,0.14113316,0.94921434,-16.647472,-1.6689346,1.1055365,0.12781052,0.40993646,-0.5077516,1.5678332,-0.018475048,-0.9957113,-1.8930244,-17.410952,3.4727807,0.15251024,-0.41923854,-0.1687193,-0.0368811,-0.8716464,0.041100178,-0.012719953,-1.1315144,-6.408949,0.17652623,-0.75729376,-1.3575895,-0.55965394,-1.8939816,-2.1603887,-0.92801446,-1.3248699,0.047792606,-1.6090814,-5.2405767,-1.6324991,-13.685744
-0.93503577,-0.51085985,-3.7370412,0.04991087,-0.43526465,-0.98791325,-5.9176083,-7.706043,-7.6816444,0.34810245,-0.29641658,0.13756521,0.6422985,-15.566967,-1.9041542,0.4383149,-2.168768,-0.1856034,-0.9750487,1.1852367,-1.0774187,-2.1359508,-0.18268326,-17.738894,3.5951126,0.16585828,-0.25838694,-0.15440567,0.21817382,-0.79403645,-0.32538816,-0.42705703,1.4663802,-3.3331873,0.033424046,-1.0885563,-6.186481,-0.8456797,-1.5186185,-4.9163294,-0.42813277,-1.268945,0.017532412,2.9426348,-3.6818798,-0.7868266,-13.700141
2.1447225,-0.19211051,0.124597095,0.44931138,-1.0679147,5.3140154,2.139599,-8.222392,-8.916912,-0.8876356,-0.4975214,0.0974693,2.0589483,-16.893564,-1.3501078,1.1132443,0.03538544,0.49672428,-0.12454353,0.6579058,-5.0417395,0.14349714,-1.3427184,-18.649788,5.48837,0.19707404,0.6565557,0.023753528,-0.26059702,-0.646819,-0.04436318,-0.22760592,1.9070203,1.8499405,-0.29234654,0.04526308,-7.3694882,-0.29626814,-1.0534354,-4.231669,2.3553298,-0.7976327,-0.43122947,-3.2448564,-10.807721,-1.0392176,-16.99234
2.121157,-0.16891727,0.36856446,0.42565626,-1.0175406,5.0272393,1.3903507,-8.324942,-9.026061,-0.7019356,-0.46536827,0.07752428,3.8176634,-17.520636,-1.3905354,1.1112132,0.020893471,0.56491107,-0.11154011,0.71943665,-3.6331973,0.01879101,-1.371196,-18.675694,5.573726,0.23886181,0.6586838,-0.014273835,-0.27809915,-0.7421558,-0.03050034,-0.18919945,2.0148997,1.1319466,-0.5088646,-0.10300012,-7.3055058,-0.3177487,-0.8711008,-4.2741804,-0.17500384,-0.650161,-0.4399682,-2.7396023,-10.807398,-1.1776009,-16.35046
1.1224335,-0.2114159,0.49756253,1.0341588,-1.0863274,5.053602,2.2928267,-7.727459,-8.896568,-0.76885986,-0.70371646,0.1005917,1.9935644,-15.523009,-1.6582613,0.7932382,0.04706048,0.56650394,0.103910066,0.12289201,-4.503407,0.39569998,-1.3856668,-18.866129,4.785374,0.18089035,0.59985983,-0.012927217,0.100797646,-0.63403356,-0.052230734,-0.28592324,2.1039665,-0.39111066,-0.19313101,0.13794504,-7.7226906,-0.283035,-0.76687324,-4.082002,-0.3200844,-0.6641059,-0.3886465,-2.6385388,-8.368669,-1.1256261,-17.12116
1.2328703,-0.21838576,0.5750571,0.68855757,-0.8962285,4.118241,0.088699445,-6.7273645,-8.39061,-0.6207353,-0.12306038,0.085946776,3.188827,-14.660822,-1.4271003,0.31775966,0.1173787,0.41125524,0.022824507,0.25065857,-4.267102,0.99837106,-1.8500363,-18.337782,5.240632,0.17969666,-0.2532358,-0.020567374,0.19871797,-0.6579072,-0.14803876,0.10463441,2.419011,-1.8047028,-0.40274093,-0.162535,-7.2895303,-0.2834183,-0.7709965,-3.7917628,-0.31469554,-1.2886981,-0.39627573,-2.7308578,-8.516366,-1.0294777,-17.064072
1.1078238,-0.2344175,0.103681065,0.32365507,-1.0082651,3.5924249,0.039104994,-6.91838,-6.8675113,-0.7354516,-0.18494657,0.04432749,2.76963,-14.251448,-1.515879,0.11115403,0.14843492,0.35444015,-0.07524951,-0.6296101,-3.0029814,0.4711323,-1.7094897,-18.426311,4.545007,0.2832201,-0.29108155,-0.08492451,-0.34901053,-0.5860485,-0.18016967,-0.6021724,2.173381,-1.9397471,-0.62688184,-0.2310001,-7.2448845,-0.33741298,-0.778107,-3.6226597,-0.47092098,-1.3822603,-0.23820089,-1.9729961,-7.8821893,-1.0578212,-16.1536
0.8900647,-0.14888462,-0.56194645,-0.04277022,-0.64118975,2.545761,-4.6104093,-7.5398717,-6.7152367,-0.98972833,-0.5518313,0.08322817,3.245623,-13.339603,-1.7558943,-0.26860198,0.6415997,0.1370776,0.06178719,-0.42015076,-0.13657196,1.112105,-2.0330126,-18.704737,3.9631977,0.0105445925,-0.17481636,-0.095937595,-0.15671791,-0.7715737,0.577211,-0.6961644,0.36937493,-4.63865,-0.6169529,-0.57867527,-5.326148,-0.1440657,-0.83976245,-1.5312858,-0.7931915,-0.94107693,-0.112706,-1.8256348,-5.9716706,-1.3612506,-13.036952
2.062126,-0.17084806,0.364084,2.2216017,-1.1949097,5.6344733,2.2791982,-8.208394,-9.24115,-0.6811262,-1.067992,0.15539779,3.9417124,-17.933252,-1.3882927,0.052191887,0.0075342143,0.5797584,0.07551867,-0.2970992,-5.1124344,0.40916175,-0.82972765,-19.033121,5.5812755,0.18050638,0.39714825,-0.19997743,0.23534542,-0.9858147,-0.1417134,0.11658146,2.0887375,0.9410399,-0.15214993,0.22332104,-7.7626605,-0.29495287,-1.1251459,-4.139427,-0.18581398,-0.29954812,-0.49940652,-2.7828386,-10.738346,-1.1857849,-16.492031
1.4096316,-0.18481873,-0.60602087,0.20230514,-1.2620152,3.1293666,0.1152567,-8.421178,-3.372797,-0.57425493,-0.5503274,-0.05047752,2.329428,-14.560804,-1.755191,0.46392593,0.20285563,0.4083533,-0.10926875,0.14512403,-4.249912,0.11728272,-1.2668456,-19.49655,-1.8799907,-0.06743285,-0.6816284,-0.02820378,0.3263979,-0.5173251,0.010512752,-1.4809506,-0.94781446,-1.9646875,-1.4373461,-0.62563324,-6.983921,-0.3983088,-0.6917067,-4.0841265,-0.4386877,-1.2498146,-0.28847012,-2.2679374,-5.6882834,-1.6113743,-14.059206
1.4539763,0.5668314,-1.1740807,-0.879521,-0.48853406,2.3891425,-3.2199087,-7.319461,-2.0368142,-0.95263857,-0.47378144,-0.24601951,0.40154508,-12.686563,-2.6773677,-0.08676189,0.32536864,0.15035744,-0.07807079,-0.5179692,-3.2758584,0.59053886,-1.5278457,-16.521587,-2.5685678,-0.3225537,-0.22391938,-0.043544408,1.2583326,-0.8219185,-0.36289862,-1.624332,-3.2424302,-3.1452842,-4.754874,-0.58836603,-6.955869,-0.018274475,5.937079,-2.643898,-1.8052676,-1.3570435,-0.11257226,-2.2715418,-5.041596,-0.21274555,-12.548661
1.4087107,-0.18631154,-0.5794127,0.2069926,-1.2656585,3.1311288,0.11850256,-8.395951,-3.3715806,-0.5733108,-0.549737,-0.049765356,2.3275619,-14.559756,-1.7555771,0.46377012,0.17302231,0.40926296,-0.1095381,0.14496447,-4.251499,0.11728885,-1.2758665,-19.49688,-1.8803481,-0.067401275,-0.6816257,-0.027948743,0.3264002,-0.51402205,0.010512752,-1.4767262,-0.9475115,-1.8943375,-1.2408322,-0.62745035,-6.983921,-0.41718906,-0.6923735,-4.0445623,-0.43810058,-1.2482249,-0.29248762,-2.267597,-5.696535,-1.6113404,-14.015863
1.4066367,-0.19527686,-0.54635084,0.1826207,-1.2830762,3.130885,0.10963793,-8.345325,-3.4011853,-0.56994945,-0.549507,-0.06569802,2.329324,-14.597684,-1.7514226,0.45587593,0.16389848,0.39431593,-0.114335895,0.1421504,-4.2102275,0.12309188,-1.26351,-19.475475,-1.8799729,-0.06738259,-0.6758649,-0.029412841,0.35224098,-0.6062279,-0.16820495,-1.4755754,-0.9599288,-1.8861208,-1.2348645,-0.6279362,-6.868678,-0.42384303,-0.7083757,-4.1107073,-0.3711559,-1.2383238,-0.28693217,-2.2618945,-5.694432,-1.611989,-14.01687
1.4140959,-0.17195885,-0.7078724,0.22589159,-1.2969488,4.199007,0.035466608,-8.411173,-3.3453104,-0.58763677,-0.53059185,-0.08561639,2.3198812,-14.692925,-1.7535855,0.4672331,0.2088212,0.42257366,-0.12646525,0.14603306,-4.1522155,0.090889014,-1.2060103,-19.495312,-1.8719896,-0.12827165,-0.68846995,-1.0536066,0.33799344,-0.4984757,0.019192511,-1.7267727,-1.4761971,-1.9406434,-1.0766432,-0.6184559,-6.1258807,-0.39560902,-0.6541722,-4.55719,-0.8510757,-1.2630308,-0.26615208,-2.3264503,-5.6547565,-1.6067029,-13.9169855
1.3068869,-0.06895337,-1.0306802,-0.055348217,-1.1401494,1.7821207,-2.4140487,-7.149676,-2.2513025,-1.0257106,-0.57090557,0.07848623,0.81062925,-13.412838,-2.2181282,-0.0093349535,0.2765624,0.15027575,-0.009867643,-0.46571928,-3.9840128,0.3121658,-1.8497174,-17.30192,-2.8354192,-0.055917237,-0.26137358,-0.04719566,-0.19403201,-0.6627425,-0.3077607,-1.5685905,-1.8349493,-1.5273565,-2.06265,-0.026615046,-5.7902937,-0.18909527,-1.3974625,-0.3822591,-0.5428313,-1.2874671,-0.37593374,-1.8640312,-4.8733287,-1.4016098,-13.627066
1.3153191,-0.15815908,-0.873445,0.30986112,-1.7361475,2.9540164,0.7708388,-10.515177,-3.1071298,-0.9623557,-0.5711829,-0.016584605,3.050231,-15.8545065,-1.9304135,0.5098899,0.1550259,0.4129095,-0.20791738,0.13338478,-4.2913547,0.17789067,-1.0790229,-19.752302,-1.8667389,-0.066538244,-0.7148893,-0.10355666,0.5990301,-0.5009304,-0.029194852,-1.4115711,-1.0277215,0.68246317,-1.5770544,0.6116311,-6.873546,-0.39986834,-0.6182763,-3.860444,-0.40754062,-1.3474857,-0.30234575,-2.8047094,-5.2874312,-1.5952063,-13.665102
-1.1481228,-0.2346698,-2.5241458,-0.5477912,-0.70982146,1.5110165,-5.684385,-7.6232433,-1.3018281,-1.0848982,0.4384105,-0.6603162,-0.61294985,-12.1843815,-3.173183,0.10555052,0.40696445,0.10379078,-0.02209906,-0.54334044,-1.6890435,0.44565442,-1.833505,-13.10316,-2.324229,-0.31787676,-0.15917705,-0.06265798,0.16753209,-0.7272182,-0.38597694,-1.0022447,-1.9179914,-0.07724273,-1.9784508,-0.23715816,-6.8031154,-0.23974217,-1.0270988,-2.9005907,-0.5705756,-0.8488839,-1.5994582,-3.1068304,-4.783886,-0.83678734,-11.437734
1.1898376,-0.093267,-0.5951463,-0.18473484,-0.47463533,2.5265455,-3.041251,-9.790897,-2.3483968,-1.1387584,-0.86789465,-0.0796541,2.7921112,-14.913507,-2.061472,0.45090923,0.16080736,0.34713915,-0.15593125,0.3380873,-3.8775287,0.064014405,-1.3151139,-19.565504,-1.8060714,-0.7817632,-0.26143798,-0.019194933,-0.094957985,-0.5445107,-0.1711474,-1.119981,-1.6318383,0.72473735,-1.8297029,0.9297119,-6.8000364,-0.4775018,-0.66832304,-2.6314504,-0.5911261,-1.2577974,-0.4244778,-2.6525283,-3.9330282,-0.99559814,-15.014694
2.1050591,-0.2638115,0.23320597,0.49581406,-1.1421083,4.9882565,0.2968207,-6.929297,-10.887845,-0.30134448,-1.394454,0.06291617,3.4737008,-16.307783,-1.7133918,1.3423641,0.041868392,0.60431695,-0.19020668,0.63526815,-3.7818,0.49066627,-1.3462111,-18.830544,5.350399,0.25352368,-0.3099619,0.012800638,0.3301182,-1.4783686,-0.1628518,-0.023252884,2.0505157,2.035204,0.021429729,0.15291615,-6.9793673,-0.28278065,-1.027317,-3.4765406,-0.2186731,-0.17607148,-0.458385,-3.4753997,-10.256781,-1.0686295,-16.63529
2.1021461,-0.20308249,0.024061449,1.7733487,-1.1295004,5.7709427,0.83943284,-7.014418,-9.358482,-0.85699683,-0.7045858,0.0040090806,3.5348122,-16.207458,-1.4396737,0.5649625,-0.012284543,0.58351064,-0.16555394,0.069073685,-3.363451,0.5646468,-1.2908592,-19.235619,5.1762857,0.22647747,-0.3057442,0.0487786,0.100542374,-1.412455,-0.032505892,-0.07946039,1.9979258,1.7159467,-0.3483634,-0.24283232,-7.981069,-0.26266605,-0.8335593,-4.004395,-0.23922123,-1.2398771,-0.3926857,-3.709545,-9.336346,-1.1599396,-17.061262
1.348622,-0.2587739,0.18785761,0.41699183,-0.9891002,4.7142577,1.0601381,-7.301457,-10.414791,-0.21549593,-0.91191804,0.14064637,2.765538,-13.309794,-1.6569275,0.39168715,0.023984779,0.62859225,-0.041293994,0.08345631,-3.4280267,0.87560064,-1.4296232,-18.960289,5.5862737,0.18995984,-0.36849675,-0.023089062,0.43856996,-0.8922013,-0.09342675,0.07084904,2.2994235,-0.5532888,-0.40801862,-0.31818533,-7.0646267,-0.31300724,-0.98560745,-4.44413,-0.29069558,-0.10397781,-0.41050118,-3.9300401,-8.167499,-1.7595376,-17.104277
1.1025175,-0.18219358,0.44588852,0.44957677,-1.1875758,4.78094,1.8187214,-6.839137,-10.925058,-0.014485936,-0.75944126,0.02366363,2.5669832,-12.386672,-1.4341968,1.127709,0.16777334,0.6025652,-0.10802126,0.1367704,-4.538232,0.52807504,-1.3139862,-19.327925,4.5459156,0.26031056,-0.23259719,-0.052730378,0.14333929,-1.4910351,-0.18803614,0.25703835,2.4480085,-1.9353834,-0.44528514,0.016565489,-7.5041428,-0.30434352,-0.9587809,-4.0037565,-0.20682901,0.14637865,-0.43252987,-3.8521755,-7.509493,-0.9694698,-16.771101
1.4924951,-0.21125767,0.47511917,0.50085485,-1.157303,4.1392593,0.9017849,-7.142012,-6.2405696,-0.7892501,-0.23118794,-0.24812402,2.3735597,-13.406759,-1.9301351,0.07499745,-1.8100703,0.34278113,0.00032590938,-0.4268022,-1.3057518,0.95332515,0.6348463,-19.207655,2.1820967,-0.13618863,-0.5613557,-0.049184892,0.09983224,-0.7246762,-0.24006562,-1.0607946,1.7691903,-1.7719768,-0.936214,0.05702171,-6.6411185,-0.41260043,-1.2144713,-4.3030996,-0.054805752,-1.1898725,-0.29877076,-3.3753774,-7.531384,-1.524376,-13.922131
2.2031593,-0.16451246,0.38117075,0.962305,-1.0787506,3.9977062,0.16687585,-7.310128,-8.435241,-0.88710266,-0.36889458,-0.008329683,2.9423435,-14.316168,-1.6092409,0.11157268,-0.24382535,0.38096648,0.031391174,-0.56591487,-3.1189606,0.9554238,-1.5512679,-18.013317,5.641862,-0.28994414,-0.51740474,-0.013527858,-0.012680333,-0.8608304,-0.16380739,-0.8560167,2.0070074,-2.0431106,-0.9585465,-0.009179902,-7.425772,-0.21808548,-0.9192383,-4.307586,-0.535736,-1.3170688,-0.50495064,-2.3557928,-9.6808,-1.181858,-15.062424
2.1245587,0.0104444055,0.35795546,2.189732,-0.38488695,5.798538,2.504703,-7.277662,-10.027448,-0.14193606,-1.1172714,0.06352644,3.5558586,-17.325884,-1.3101193,0.6836321,0.061508194,0.55592686,-0.340865,-0.79434305,-5.3602514,0.4940507,-0.9203463,-19.506605,5.0277925,0.23389609,-0.22089541,0.016839774,0.013263432,-0.745495,-0.05677229,-0.43756667,1.7180538,1.604156,-0.35605758,-0.14063728,-8.876212,-0.21509203,-0.7710477,-4.502379,-0.56092024,-0.28680143,-0.51467824,-3.4074924,-8.608058,-1.1177086,-15.953084
2.0220335,-0.18146004,-0.19022998,3.4841611,-1.10549,7.331543,3.6234317,-6.4076996,-13.8638115,-0.10720515,-1.5817547,0.043808907,3.3253787,-18.223478,-1.14056,0.39672753,0.01930358,0.5193254,0.11286035,1.7084605,-4.7101784,0.3016707,-1.1769217,-19.150883,7.090671,0.097039625,0.15934469,-0.30753213,0.18657182,-0.9071972,0.012018184,0.1261629,1.9208674,1.5077147,-0.019496884,0.07228422,-8.4390335,-0.8014939,-1.3865818,-4.6682487,-0.6707758,-0.26263452,-0.5006743,-3.599257,-9.422008,-1.1005257,-18.134394
2.0333602,-0.27774867,0.25568405,2.7348952,-1.0715398,3.9231365,3.1082873,-6.181918,-13.941462,-0.04758645,-1.4748946,0.09404898,3.0333579,-16.297255,-1.0940807,0.17371391,-1.6329863,0.35240132,-0.08889873,1.2648937,-3.93212,0.15448374,-0.5386696,-19.105288,7.497612,0.26396334,0.4653142,0.3717109,0.0036562935,-1.5193784,0.1834876,0.1610492,1.9855477,1.4123325,0.21782963,0.39276218,-8.662646,-0.041332748,-1.3826404,-5.3591557,1.9816315,0.007217055,-0.5376157,-4.3163075,-9.557157,-1.2363505,-17.923088
1.3269007,0.07177662,0.12025225,3.6635647,-1.291301,5.16564,1.2538587,-7.2236624,-6.10881,-5.3656297,-1.5208212,0.18664683,2.451829,-14.782006,-1.8102603,0.016487816,0.1557288,0.4055999,-0.1400859,-0.46869856,-0.021288387,0.79988194,-1.8084383,-18.109318,4.173975,0.372141,-1.6075505,-0.4650938,0.2129991,-1.2164595,-0.08864523,-1.907578,0.8009047,-5.8919635,-0.8770372,-0.42263028,-7.6811867,-0.20530967,-1.2782153,-4.967831,-0.4237567,-2.1169465,0.0109742135,3.0869753,-4.15224,-0.28657797,-16.177786
2.0251124,0.08725512,0.25773925,2.0322986,-1.1870557,7.2746644,2.1126812,-6.3679547,-10.513704,-0.23580384,-2.1841547,0.09749687,3.2407877,-17.156199,-1.1460752,0.4185597,0.071463056,0.43383142,0.04227118,1.4534627,-4.8975887,0.0022458208,-0.79095507,-19.490517,5.445284,0.21947645,0.6339452,-0.026672233,0.13999006,-0.92951554,-0.12727931,-0.12881571,1.4253166,5.080473,-0.050514173,0.15032062,-8.653891,-0.41278467,-0.777658,-7.358832,0.15673141,-0.35672253,-0.5353609,-3.930964,-9.339649,-1.0347426,-18.766298
2.098636,-0.20548543,0.2278485,0.68708926,-1.1559274,4.9416738,1.1861992,-7.024056,-9.930822,-0.95636904,-0.94160235,-0.0074725826,3.6877284,-15.907431,-1.4342076,1.14607,0.043419633,0.61420393,-0.14183992,0.048404787,-3.5978541,0.4217091,-1.2507151,-19.318407,5.697777,0.19947258,-0.13816279,0.020687798,0.21219116,-0.8978892,-0.10068812,0.123360865,2.1015193,0.8443188,-0.34314418,-0.011210898,-7.1496305,-0.38628793,-0.81668454,-4.039856,-0.19645226,-0.60970294,-0.40625685,-3.2238824,-9.886442,-1.0671949,-17.210447
2.086575,-0.22320484,0.261296,0.66653115,-1.1381446,4.9495277,1.20935,-6.909952,-9.4109745,-0.9474182,-0.4996139,-0.001933399,3.7050078,-16.753105,-1.4412452,1.1713955,0.048266914,0.54904306,-0.1345403,0.03893247,-3.6508083,0.4217391,-1.4506634,-19.427431,5.637244,0.20624532,-0.13675034,-0.030724904,-0.19183646,-0.68006593,-0.06413013,-0.27135998,1.9619297,1.607437,-0.41297287,0.023655672,-7.195764,-0.34173432,-0.6682981,-4.040177,-0.18036906,-0.6597994,-0.3631001,-3.183259,-9.747704,-1.1334193,-17.367893
1.0856595,-0.17103828,0.3536143,0.65857506,-1.2330118,4.836188,2.0475223,-6.7231507,-9.722498,-1.0066887,-0.7360208,0.0069556325,3.6693215,-16.812258,-1.6344844,1.0745021,0.10502121,0.61493397,-0.19298515,0.054498937,-5.072691,0.58978826,-1.4394442,-19.340296,5.204583,0.16925359,-0.20954907,-0.035238657,-0.020188214,-0.80447185,-0.084241256,-0.32196832,1.9277637,1.6214975,-0.2597823,0.0064172447,-7.208006,-0.35967103,-1.1008818,-3.5732088,-0.24674682,-0.4786862,-0.3234194,-3.1948447,-8.039219,-1.1417513,-16.822515
2.0204694,0.077811964,0.3334343,0.6930099,-1.2321727,4.933737,1.0952916,-7.077743,-9.6821785,-1.0018998,-0.7304459,0.01807145,3.72543,-15.972794,-1.4409053,1.1455522,0.038467363,0.59929526,-0.124257185,0.057891738,-3.654134,0.4257513,-1.3217744,-19.460558,5.7489443,0.19362943,-0.20459956,0.023017975,0.28893843,-0.87262255,-0.072614186,-0.27658302,1.9127645,0.8068162,-0.3172625,-0.02002612,-7.2137356,-0.34199405,-1.0486096,-3.9351764,-0.17815739,-0.59111226,-0.3628163,-3.2355337,-9.821106,-1.1426541,-17.24642
2.1107996,-0.21375285,0.23983145,0.68882483,-1.1443712,4.948511,1.2323407,-6.9009957,-9.688003,-0.96264505,-0.7205684,0.011008217,3.6863055,-16.799109,-1.4516062,1.1697568,0.04274845,0.55288976,-0.1348099,0.04841546,-3.6522336,0.42442912,-1.4191566,-19.354692,5.8748784,0.20347281,-0.13820668,-0.03435034,0.050289188,-0.6710773,-0.075373374,-0.2780013,1.9114428,1.630011,-0.30248374,0.014079913,-7.2086945,-0.36762616,-0.70740646,-4.0738344,-0.1825859,-0.66428065,-0.36428246,-3.1905227,-9.792044,-1.1366395,-17.31539
2.108145,-0.21380186,0.24231003,0.6753641,-1.132782,4.964887,1.1093693,-7.064175,-9.659383,-0.97213274,-0.7132957,0.005118367,3.6917236,-16.78246,-1.4757769,1.1724168,0.043199196,0.6090512,-0.12565409,0.051082443,-3.6359432,0.43672326,-1.2547147,-19.344843,5.6948442,0.20077248,-0.1297227,0.04177335,0.22505574,-0.80501634,-0.08125435,-0.24236679,1.9127164,1.6182024,-0.4001965,-0.0026544477,-7.214507,-0.32706025,-0.7485992,-4.0466905,-0.17979158,-0.6024385,-0.37768796,-3.1918352,-9.7907095,-1.1397451,-17.232836
1.1898768,-0.21002798,0.33402526,0.63175523,-0.9500314,4.366919,1.0057056,-6.9747767,-9.47006,-0.9337347,-0.7129425,0.033687074,3.7077808,-16.81509,-1.6005057,1.1524818,0.046168365,0.59088355,-0.12529647,0.05196823,-3.7202284,0.43916634,-1.3030304,-19.511225,5.2118864,0.21489316,-0.16540621,0.006516148,0.3219026,-0.81232864,-0.16457216,-0.03599192,2.0008314,1.6522211,-0.3491775,-0.0011399145,-7.178771,-0.3011625,-0.68800884,-3.870354,-0.17904939,-1.2493377,-0.34325176,-3.2244086,-8.148465,-1.1380315,-17.096601
1.1594554,-0.25009915,0.31522027,0.6337243,-1.1179882,4.7437067,1.1211231,-6.895861,-9.370797,-0.9411314,-0.70251626,0.018558005,3.683145,-16.831047,-1.6481625,1.1568291,0.046276387,0.55265176,-0.13416435,0.051369246,-3.469172,0.38801196,-1.4157921,-19.344576,5.244128,0.19576336,-0.19775099,-0.068613306,0.038293403,-0.6833869,-0.0692669,-0.083590984,1.9245845,1.6340642,-0.352973,0.008973345,-7.213502,-0.341069,-0.7074498,-4.026527,-0.17950779,-1.310628,-0.3569748,-3.1887178,-8.043932,-1.1447216,-17.00469
1.1144919,-0.3380358,0.25868395,0.51052237,-1.0698844,4.443748,0.15427405,-7.1228933,-7.0416555,-0.6992744,-0.5050748,0.0798825,2.8550572,-12.90329,-1.5928466,0.10225067,0.014840092,0.586967,0.037319202,-0.2858376,-3.3245366,0.47642392,-1.4645389,-18.632845,4.0843167,0.2552378,-0.39348444,-0.028361099,-0.073816516,-0.70371574,-0.13600355,-0.58489114,2.220834,-0.54348654,-0.573263,-0.17191213,-7.0878153,-0.21221909,-1.063623,-4.198506,-0.2366403,-1.4461755,-0.3814898,-2.8781114,-7.914396,-1.0614408,-16.662949
1.1237546,-0.24990413,0.25591472,0.38821688,-1.0932175,4.3880787,0.12121954,-7.335249,-7.341141,-0.6899438,-0.93141323,0.051274624,2.9141674,-13.965662,-1.6926371,0.016907247,0.012063545,0.61592937,0.03390215,-0.3367462,-3.0302703,0.46823773,-1.3257805,-18.708323,4.126597,0.26125276,-0.34169224,-0.014543989,0.29610145,-0.7891233,-0.18084085,0.43315116,2.3329072,-0.5165132,-0.67674416,0.076636024,-7.0140204,-0.32151017,-1.132435,-4.162311,-0.38492107,-1.289699,-0.4510958,-2.7048554,-7.879675,-1.0415704,-16.29918
2.099704,-0.21661268,0.24166062,0.668132,-1.1299309,4.9605813,1.209709,-6.9001546,-9.693651,-0.96445185,-0.71703774,0.0099999,3.6848173,-16.790972,-1.4422697,1.1639469,0.04131754,0.5562333,-0.13455725,0.047342848,-3.653035,0.4223864,-1.4149737,-19.353529,5.86516,0.20157255,-0.14133556,-0.035915077,0.039708123,-0.677056,-0.07840225,-0.28118777,1.9109608,1.6201212,-0.32043722,0.014006056,-7.205173,-0.34828588,-0.70662385,-4.04374,-0.18168572,-0.659359,-0.35778522,-3.184326,-9.794515,-1.1402483,-17.315702
1.1887774,-0.22048783,0.23125704,0.6330679,-1.1289817,4.963434,1.1504401,-6.897664,-9.778968,-0.7627981,-0.7186484,0.010039192,3.6832564,-16.697317,-1.6462171,1.1573105,0.040708706,0.5542749,-0.1352065,0.14690636,-3.4653459,0.42032632,-1.4097129,-19.371946,5.1794367,0.20539115,-0.18987755,-0.034668222,0.037654996,-0.6763356,-0.073838845,-0.09384093,2.0739427,1.6378562,-0.31021997,0.01107205,-7.2217445,-0.3448069,-0.7034456,-4.0698347,-0.18116064,-1.2814491,-0.36636317,-3.5305812,-8.047889,-1.1418468,-16.964443
1.3094603,0.1558987,-0.20552191,1.130352,-0.8784971,14.29137,44.101303,0.1468104,-2.3822043,-1.7816541,-0.4232097,0.6226542,-3.3030505,-10.629905,-2.838695,-0.823641,0.013110155,0.57327497,-2.2577877,2.7181747,10.574578,4.0322704,-4.1457443,26.848923,11.016943,0.31620786,-1.6855712,-1.595865,-1.1088263,-0.16672796,-1.5681041,-2.0500011,-1.4220595,18.22801,0.20492578,3.6992583,-2.6072016,-0.5804788,-1.5141537,19.64148,-0.032645624,-1.7438766,-0.084406905,2.5582716,-2.4669254,-0.44436347,-3.3844497
1.0385214,0.058509592,-0.36935204,0.64877135,-0.8800691,10.9252825,46.330788,-0.7600323,-2.2472956,-0.40991828,-0.7041533,0.34763584,-3.1502826,-13.987962,-2.6120424,2.4306192,0.050321545,0.5587009,-1.5604999,2.146687,17.477077,4.0479274,-4.0716267,26.697987,11.249052,0.074381515,-0.76382005,-1.4845532,-0.45053375,0.4290356,-1.5881059,-2.7376895,-1.84673,15.737411,1.1710626,4.3817434,-4.396406,-0.69405377,-1.1978384,21.878538,-0.19165738,-0.9850877,0.593121,-0.61282194,-3.0436482,-0.37505963,-6.722555
1.1143326,0.028633127,0.6473144,2.2278466,-1.1165524,11.248722,51.885185,-2.7195628,-4.0669,0.1471214,-2.5901768,0.12793222,2.509517,-13.93458,-2.0927243,2.580627,-0.36665383,0.7093249,-2.181216,1.6950378,20.725626,-1.4904286,-2.140728,30.631765,12.827377,-0.15770338,-2.304651,-1.3547832,0.48730665,-1.4361583,0.7334545,-4.840016,-1.1811929,14.134037,3.4394383,1.9699416,-2.1105661,-0.48649856,-1.3671025,15.613568,-0.05619363,-2.206199,-0.44445086,-1.0094469,-4.2536187,-1.3149123,-8.03255
1.1169418,-0.36593923,-0.26119936,0.41505888,-0.69382787,10.642115,18.366186,0.4824647,-1.381287,-0.11038426,1.2128308,0.047215305,-3.4943986,-13.743807,-2.5926688,2.3875306,0.10399849,0.5888706,-1.4210744,2.0900934,32.64299,3.926195,-4.392829,33.75215,11.930957,-0.2899072,1.2277647,0.13305727,-1.1574081,0.36495253,-1.1836164,-2.3059552,-1.8887645,15.846457,5.48625,3.0582695,-3.3181581,-0.66284955,-1.8628964,21.648422,-0.1235161,-3.9705443,0.53706867,-1.3156357,-3.2992482,-0.24276422,-7.75809
2.1347423,0.23041838,0.05978248,0.51833826,-1.0303117,7.062358,3.8529654,-6.7898827,-10.043468,-0.69267255,-1.6796203,0.05792448,3.055458,-16.504742,-1.4126257,0.84560937,0.105492614,0.6344496,-0.5108057,1.7953702,-4.5802627,-0.92775416,-1.342437,-19.263824,4.813052,0.12057192,0.52530843,-0.059885632,0.14990464,-0.95733076,-0.116761506,-0.38032162,1.4655398,1.1013602,0.1778783,-0.2213545,-7.9772563,-0.34604,-0.5301403,-4.207366,-0.23970576,-0.32807648,-0.528637,-2.4704702,-10.37347,-1.1826154,-19.340271
1.0393553,-0.25554064,0.16859017,0.37100625,-1.1102492,4.871333,2.0567698,-7.1150656,-10.633372,-0.09757072,-1.1637278,0.09650637,2.287937,-13.525503,-1.6575392,1.1914866,0.09923916,0.6652917,-0.19546054,1.7123115,-4.5373645,0.7545788,-1.2214384,-18.6924,4.7478366,0.21788348,1.9690987,-0.00549265,0.10346907,-0.87383354,-0.19421545,-0.27160987,2.008607,-0.43118855,-0.21113344,-0.38829604,-6.802645,-0.46358505,-0.75260365,-3.6786702,-0.34646013,-0.5446126,-0.4633821,-3.6513011,-8.786449,-1.1741045,-17.013258
1.209222,-0.22951345,0.118555844,0.3525618,-0.9224388,4.7598343,0.586871,-7.7031183,-7.9096665,-0.7075883,-0.984248,0.13314223,2.5813339,-14.641452,-1.3603368,1.1392114,-1.1538014,0.7054547,-0.22122794,1.673266,-3.1850033,0.55091316,-1.4658343,-19.288055,3.399614,0.24402098,-0.40022045,-0.060281932,0.31839454,-0.85683095,-0.01632826,-0.4071854,2.0227218,-1.7409636,-0.010460581,-0.21884912,-6.8474197,-0.28888378,-0.833324,-4.3694415,-0.3966723,-0.5957238,-0.5210161,-2.977513,-7.959359,-1.0328224,-16.387709
2.0035465,-0.12794527,0.26591814,1.2025286,-1.0276017,4.8627963,2.1775093,-7.04787,-11.074076,-0.035401348,-1.4024601,0.045655873,2.1877654,-14.61498,-1.295213,1.1419774,0.14635466,0.5333994,-0.20856088,1.7152512,-4.564525,-0.66779214,-1.2292916,-19.456755,5.4923244,0.2092137,0.7608804,-0.01247522,0.38355353,-1.0102568,-0.21693678,0.101399556,1.8867103,-0.12325467,-0.16675512,-0.27554145,-7.3517885,-0.34682092,-1.0391027,-3.5110621,-0.1637099,-0.2519069,-0.40805656,-3.468546,-10.533147,-1.0095896,-16.829725
2.0098586,-0.22731447,0.20410617,0.49154037,-1.1640446,4.919966,2.1515837,-7.939075,-8.618992,-0.8179891,-1.2428648,0.011699007,2.7523577,-14.846477,-1.3789395,1.2662315,0.08369912,0.56562597,-0.038603872,0.5376373,-4.559161,0.34948677,-1.410157,-18.896357,4.998547,0.22854064,0.46106815,-0.003829214,0.14325841,-1.0244219,-0.13824366,-0.39534277,1.9661343,-0.53878105,-0.3884841,0.24124789,-7.319308,-0.4266586,-0.976944,-3.7472644,-0.27200288,-0.4440691,-0.38923198,-2.7462769,-9.746259,-1.0379012,-16.795828
1.9577689,-0.15088105,0.30726013,1.7935969,-1.0795463,5.8437295,1.9388837,-8.2845745,-9.856431,-0.80396605,-1.161333,0.06673571,0.7457634,-13.857819,-1.3539597,1.1468503,0.013690814,0.40803647,-0.18291509,0.4820903,-5.0417914,0.53916425,-0.8185212,-18.95251,4.4925117,0.16296962,-0.3136407,-0.07675736,-0.13275868,-0.99924445,-0.16113901,-0.4182045,1.995939,-0.6966614,-0.3419747,-0.06757246,-7.5512633,-0.3585352,-0.93413204,-4.290622,3.5475993,-0.4583377,-0.55074155,-3.4259982,-9.656443,-1.1195941,-16.332819
1.9025347,0.23597966,0.45467892,0.3756928,-1.0913808,4.6926417,1.7011156,-7.8939266,-9.305225,-0.43355492,-1.1607152,0.1035028,1.6325336,-12.952416,-1.2174376,0.8222775,-1.5621067,0.6016085,-0.28423595,0.4828575,-3.145179,0.5686127,-1.1234202,-19.22651,5.4311786,0.17627968,-0.31230173,-0.12996228,0.28430498,-1.5198411,-0.18601215,-0.44764334,1.8866307,0.013973598,0.46061167,0.17098543,-7.354275,-0.28214976,-0.81691957,-3.8899539,-0.39574024,-0.20615606,-0.42823204,-3.4570353,-10.062625,-0.9906079,-16.413996
2.2397003,0.003427834,0.5550198,1.1999474,-1.1605438,5.404378,1.7194021,-7.0476146,-10.707335,-0.21855757,-1.4874799,0.14906022,0.6952763,-13.738086,-1.6133574,1.3880901,-1.5747447,0.69399095,-0.19166404,-0.56413025,-3.2961361,0.47600466,-1.1953845,-18.932981,5.0509057,0.20564827,0.33347628,-0.28347155,-0.13798252,-1.4253274,-0.23120007,0.25304848,1.8868554,-1.12156,0.24618994,0.09755495,-8.94539,-0.4087599,-0.8433448,-5.030044,3.9555125,-0.37199688,-0.47311518,-3.5331726,-9.225922,-1.0758833,-15.916461
-5.9625225,-0.9080322,1.0903822,-0.98752135,0.5716299,-14.857016,-18.661917,2.1243007,1.172615,-0.86950535,0.68075573,-1.0080457,0.97325027,30.239803,5.802258,-0.5979503,1.285709,-1.0861322,-0.44614136,-0.6650359,19.666048,-3.4263132,4.112813,31.749332,-4.9986067,-0.35950643,0.17250468,-0.055957276,-0.21966796,-0.4048591,0.34911647,2.7659118,-1.6427542,-11.780586,-0.33660683,-0.5860779,13.116658,1.7252548,6.9933743,2.80767,-4.803825,3.2626827,-0.49826074,1.0715877,6.5057073,-0.28315827,13.03793
0.8783777,-0.60342366,-2.064551,-1.6498163,-0.30243328,0.3878182,-2.0236967,-1.1365614,-4.693938,-2.5248237,0.85242707,-1.1401932,-1.4362957,21.660086,0.83777106,-0.6844785,-0.73883003,-0.13561817,0.5623572,-0.14410716,18.896053,-1.1104164,-4.6912794,29.134817,-1.8334925,0.040191546,-0.04334763,-0.17208283,-0.79670876,-0.40614954,0.36419824,-2.8416965,-1.3654716,-5.698551,1.7504256,-3.4850578,16.400475,-0.923405,3.5831409,2.5460052,-3.4552221,3.8658464,0.533108,1.7185314,8.68482,0.11096927,9.444736
-0.5066024,-0.25417084,-0.4309753,-0.36912262,-0.5052032,-8.888087,-4.96893,-1.2500032,-4.990184,-1.3582251,0.6951482,-0.47913948,-1.8778353,25.720043,-0.008504715,-0.9046139,1.1038836,-0.12122807,0.911512,0.030175935,18.456715,-0.3966719,-1.4107279,24.557022,-2.2299101,0.26932332,0.15870692,-0.18724799,-0.5924279,-0.36754772,0.044914767,-1.2093309,-0.95820147,-4.786898,1.8286371,-0.26680195,15.486897,-0.4413661,-0.51840115,4.014275,-1.9342979,2.0039725,0.28427783,1.64428,8.435069,0.20618413,11.870309
2.5834684,-0.25082397,-1.7849306,-0.35614306,-1.091831,-7.544418,-4.393226,-1.0487677,-5.1324816,-1.1931511,0.79627585,-1.053013,-1.9152557,22.00076,0.09896065,-1.0630649,0.8092206,-0.09702467,0.83985406,-0.3026149,18.626165,-0.29263783,-1.4536365,24.91351,-1.6867826,-0.21070093,0.16422622,-0.161418,-0.84183633,-0.8570978,0.013247678,-2.5070136,-1.2935925,-5.2506785,1.567212,-0.27713165,16.235523,-0.3533314,2.7198162,3.887686,-2.031728,3.453326,0.3556244,1.6887001,8.491339,0.22565429,11.25371
-1.1019682,-0.1072081,-0.42016423,0.7806843,-0.15377042,-8.57722,-4.322684,-0.89341044,-5.1173496,-1.2231007,0.7593119,-0.611757,-1.8765427,25.400938,0.35188943,-0.87558025,1.003508,-0.096883364,0.5864596,-0.18202238,17.739082,-0.42986953,-1.5056763,25.087122,-2.3716307,0.04901403,0.17899974,-0.19417709,-0.35023206,-0.8660208,0.03503409,-1.2721746,-0.65554607,-4.4868193,1.5694506,-0.809293,16.631884,-0.7003776,-2.2458076,3.901738,-1.8586214,1.8201437,0.4087427,1.7678384,8.360515,0.2648423,12.321845
0.87775975,-0.027168976,-0.5574923,0.09573437,-0.25406834,-1.4733871,-6.198278,-7.740397,-7.50612,-0.83212334,1.181621,0.28595245,1.5693654,-13.97516,-1.5453143,0.958484,0.7452387,0.54881585,-0.32692868,0.30953273,0.22824836,0.39897743,-1.3440452,-17.473486,4.946643,0.483502,-0.091616355,-0.03538493,-0.56275827,-0.6945078,-0.21320482,-1.2302493,-1.8263066,-6.5432463,-0.33496732,0.25120288,-6.0751257,-0.4973269,-0.4614374,-2.0346065,-0.76582044,-0.79216754,0.30839854,-1.0250372,-4.5902853,-0.6061843,-12.794084
0.67117554,-0.03249938,-2.4169295,-0.1367057,-0.5670504,-1.5392656,-6.0379553,-7.7486997,-5.8946056,-0.7811264,1.2507317,0.29421604,1.643145,-14.746595,-1.5754306,0.27978203,0.45798925,0.23546267,-0.3105621,0.35096762,1.133412,0.46038094,-1.1015613,-17.60668,3.7333744,0.34964448,-0.106085956,-0.08280876,0.00063673523,-0.81125855,0.4011118,-1.3477205,-1.868219,-4.5976076,0.38790902,-0.37512815,-5.733749,-0.61599827,-0.94388944,-2.3743808,-0.7450268,-1.0953538,0.32434368,-1.2443635,-4.05533,-0.68233585,-12.049565
0.8154882,-0.08583306,-2.5444443,-0.026238443,-0.421763,-3.3826153,-6.3880267,-7.250941,-6.1605186,-1.0608376,1.0701456,0.4325071,1.9821635,-13.944566,-1.7522383,0.16971964,0.5874071,0.2595338,-0.30671862,0.15518878,0.82840127,0.49116865,0.29358706,-16.391422,2.969205,0.251864,-1.0493206,-0.053278044,-0.053073242,-0.82774603,0.42110997,-1.4185942,-1.4289612,-7.380267,0.40934408,0.1470277,-5.6687956,-0.6819046,-0.79710233,-1.9541422,-1.1268488,-1.0710657,0.31604517,-1.1454778,-2.2435625,-0.63925457,-12.047313
1.4617294,-0.41567582,-1.6281915,-1.5983444,0.5794906,10.02123,19.170109,1.0469788,-3.469411,2.2524862,1.0332285,0.4794791,1.8995789,25.439625,-6.660104,0.24059871,-0.93127126,-0.1494899,-1.7232442,5.9075274,22.714949,0.058662925,-2.174272,26.886837,-2.1995213,-0.13640448,0.4478358,-0.06471822,-0.26635092,-0.84956527,-0.14891244,-2.8362849,-0.07561449,-5.009871,-0.5922337,-2.8706367,11.476629,-0.6527285,-2.3576741,4.167792,-2.309871,0.6797007,0.36627737,-2.635919,5.9067297,0.33631793,18.957148
-3.0114915,0.27536345,-1.3821774,-3.1139193,-0.11905698,-8.884153,11.712915,3.72021,-4.2075467,-1.2136163,0.5822368,0.83849394,3.0296586,30.208961,-4.07562,-0.35862216,-1.3801262,-0.19747725,-0.7917649,-0.00822106,17.417147,0.37041345,3.5539234,29.586237,-3.6267433,-0.7248286,2.4219625,0.25592437,0.60283554,-0.22911489,0.26925236,-1.2163376,-1.1022884,-6.187722,2.2169542,-0.86902493,12.175935,2.3283217,0.024007982,2.88916,-1.8673383,-1.3290378,0.39580667,1.8881052,9.838914,0.67365456,18.399294
2.1218615,-0.26267052,-0.32039648,0.6087447,-1.1162019,4.792488,0.9302166,-6.6046815,-9.458511,-0.9537563,-1.6351825,0.014158331,2.8179905,-16.728277,-1.5001726,0.49181822,-0.045456976,0.71744424,-0.14956933,0.2765134,-4.0728564,-0.5950215,-1.2832156,-19.216673,5.06784,0.21219997,0.49183992,-0.042702038,-0.2768069,-0.7988182,-0.044924486,0.14735757,1.8658706,6.1025705,-0.32253906,0.20657091,-7.1285906,-0.30240408,-0.72920907,-6.564419,2.6879728,-0.23908193,-0.83970594,-4.203399,-9.944654,-1.1470592,-17.388218
2.0788786,-0.16713798,0.3166032,2.308292,-1.1474332,4.4561367,0.5547041,-6.964005,-8.865494,-0.89824456,-0.8702944,-0.020251593,4.2790165,-16.491377,-1.4367038,0.1513199,-0.013102241,0.5778213,0.19910444,-0.17116402,-3.7237782,0.47335878,-1.2572145,-19.451328,5.2931194,0.24115811,-0.3131874,-0.074832305,0.16158874,-0.7792149,-0.08199888,0.08893374,2.0198455,5.6519403,-0.4353381,0.64141285,-7.3468666,-0.2527844,-0.90599954,-9.25006,-0.2205127,-0.19617496,-0.37015045,-4.087157,-9.225386,-1.0489559,-17.26438
1.9849873,0.006762987,0.3057099,2.0199945,-1.0731176,4.8784547,1.7183768,-7.8056893,-10.7600155,-0.041538503,-1.2037606,0.06905738,3.4639919,-17.586086,-1.3904768,1.2829839,0.08296842,0.5777888,-0.13201626,0.39127877,-5.21088,0.57105714,-1.3388973,-19.79663,5.3689146,0.18014883,0.27912104,-0.02636974,0.18358576,-0.9815689,-0.11306977,-0.41435257,2.0263686,1.9319178,-0.2290584,0.016916398,-7.431495,-0.32617164,-0.7960217,-3.5600085,-0.27294174,-0.15912518,-0.3917782,-3.7875075,-9.033815,-1.1557606,-16.618883
2.0491443,-0.32789424,0.21657458,1.9802868,-1.1757402,4.145653,0.43744665,-7.458506,-8.532377,0.42444634,-0.42413765,-0.05753218,3.8092737,-15.864979,-1.5092455,-0.030965423,-0.002771466,0.59001094,-0.19913305,1.4074708,-4.057316,0.8675156,-1.5326564,-19.290031,4.339982,0.10951887,-0.33495525,-0.049267083,0.16281536,-0.861323,-0.05597101,0.13458446,2.078374,6.2693124,-0.58648634,0.22221167,-7.1371694,-0.27056807,-0.98798186,-8.967944,-0.34314024,-1.3513523,-0.9261313,-4.1369886,-9.17342,-1.0639437,-16.133684
1.4274728,-0.24457946,-2.0994587,0.35851863,-1.0950732,4.1380177,-0.009580444,-7.1478195,-7.111695,-0.7063283,-0.30873603,0.11524461,3.396353,-16.803335,-2.00046,0.14359951,0.22121097,0.3565557,-0.18392166,-0.44372204,-1.0881256,0.8708482,-1.5748305,-19.43101,1.9278553,0.17643693,1.4346129,-0.05646419,0.32725102,-0.66179436,0.28586555,-0.873668,1.8052961,5.580792,-0.7548618,0.6225971,-6.8029075,-0.36903822,-1.0281292,-7.6562085,-0.3798889,-1.1558807,-0.19622009,-2.4511738,-7.1325984,-1.1062156,-13.448538
2.1927915,-0.2016399,0.9434906,1.0753101,-1.154798,4.0911865,0.4902847,-7.0192776,-7.550894,-0.5518379,-0.67465997,0.19577757,1.9638052,-13.950236,-1.3000323,-0.0019179486,-0.29366922,0.37284583,-0.010862786,-0.67093724,-0.3702087,0.75694716,-1.555801,-18.813492,4.228919,-0.0638243,-0.6182164,-0.033319492,0.0007548716,-0.5527203,-0.129683,0.54006755,2.0064185,-1.1446533,-1.6051527,0.53013754,-7.621847,-0.24550214,-1.2791021,-3.2364626,-0.4800646,-1.2758448,-0.21883743,-2.4675078,-8.720598,-1.1329286,-15.758637
2.182913,-0.07743516,0.11193349,2.01903,-1.0332127,4.5539556,0.45877182,-7.418941,-9.059674,-0.052690476,-1.6424862,-0.0041877874,3.8063254,-19.130926,-1.3727019,0.8043995,0.017488655,0.6427102,-0.015600605,1.531216,-3.7135847,0.4943277,-1.3169216,-18.949295,5.596757,0.1968118,-0.5830438,-0.042144235,0.17900777,-0.84628916,-0.020194838,-0.08253995,1.955108,5.7456446,-0.56846756,0.012208543,-7.2810993,-0.3586471,-0.786903,-5.551273,-0.7306602,-0.7705167,-1.0908034,-3.7523017,-10.074591,-1.0931777,-16.61081
2.1312053,-0.027413374,-0.07325921,3.051146,-0.5785911,7.259222,1.6521055,-8.180079,-11.073868,-0.20057568,-1.2843788,-0.13008031,-0.6059946,-14.009499,-1.2163811,1.0968763,-0.086991146,-1.2185882,0.20674294,1.5830512,-6.6149497,0.48467344,-0.72243947,-18.71355,5.7396774,0.19690704,-0.21238932,-0.38344154,3.044834,-1.6028569,0.027808974,-0.4370639,2.3447428,-0.86438835,-0.17806439,0.25767186,-8.062161,0.016476434,-1.8932426,-3.9267342,3.931288,-0.2194541,-1.1196082,-4.4497766,-10.758901,-1.0320028,-17.224869
2.0923681,-0.3282767,-0.0133984005,0.29843825,-0.61743975,3.0139346,-1.5999329,6.1853366,-21.35036,-0.6588677,-0.40228584,0.07631531,4.5864663,-16.025045,-1.398247,1.0286084,-0.058457002,0.6132525,0.17304757,-0.24139854,-3.6572435,0.9092486,-5.3446784,-16.296303,5.652825,0.35212547,-0.94873935,0.052079845,-0.44294518,-0.857482,-0.12670502,-0.2922032,2.2484426,6.966683,-0.6958005,0.1234578,-7.0900736,-0.21976167,-1.1538261,-6.6943235,-0.31912476,-0.5784964,-0.679322,-3.6545908,-9.380135,-1.2652452,-16.224812
2.030175,-0.05545397,0.29735017,0.40263027,-1.2642987,5.6814137,2.3188949,-7.2320914,-9.964716,-0.93651915,-0.4360339,0.115580685,2.2922738,-17.44745,-1.2270216,0.4306692,0.09555326,0.3890935,-0.08696549,1.6505251,-5.027799,-0.29046816,-0.95376587,-19.166199,5.596032,0.23594116,1.1548729,0.029193528,-0.23362894,-0.44038674,0.10261579,-0.87345743,1.246889,5.808584,-0.3592616,0.04468747,-7.773394,-0.5534456,-0.9358537,-9.745283,2.7067804,-0.7120936,-0.55131537,-4.2871866,-9.12439,-1.1308669,-15.752431
2.2225664,-0.13475657,0.5233405,0.32072765,-1.1708626,5.292716,1.5730191,-7.51745,-9.613384,-0.8234494,-0.66565907,0.061935455,1.9999408,-17.38786,-1.3437047,1.2415284,-1.1967602,0.39297438,-0.3164688,1.5294832,-3.7971818,-1.5559824,-0.8015125,-19.400843,5.595535,0.22283408,1.5788337,-0.013537132,-0.10530519,-0.8163796,0.15396652,-1.0850197,0.2909097,1.7723901,0.35655335,-0.11205794,-7.689659,-0.57987255,-0.66601014,-4.1831136,2.8631656,-0.6707921,-0.5984011,-2.620365,-9.248454,-1.0433879,-17.000391
2.1301687,-0.1779854,0.2550428,0.27331057,-1.1787958,4.8463955,1.5380161,-7.7093015,-9.894905,-0.64595294,-0.84611964,-0.017071621,3.5059738,-17.4361,-1.6787236,1.3074473,0.1440283,0.57124513,-0.17361161,1.6026319,-4.5510764,-1.2551277,-1.2700962,-19.474144,5.488547,0.19189805,0.7438557,0.047087643,-0.17249821,-0.44223282,0.28023782,-1.0037376,1.5967687,1.8751915,-0.4365468,-0.0679649,-7.1131845,-0.5041141,-0.8821356,-4.194782,-0.20957471,-0.372729,-0.48058623,-2.7986674,-9.28803,-1.018425,-16.951338
2.1619256,-0.18428914,0.2653931,0.48948723,-1.0463245,5.5287714,2.8378966,-7.6434503,-9.794972,-0.66437405,-0.34637776,0.0026380771,3.2316306,-16.479975,-1.3050176,0.7409284,0.13186781,0.45195442,-0.19446066,1.6436026,-4.177847,0.20684896,-1.552132,-19.554415,5.857035,0.19210678,0.57457745,-0.036326498,-0.117436044,-0.41610414,0.14183222,-1.0179216,1.6385309,0.9976165,-0.38077083,-0.05027911,-8.093141,-0.40764484,-0.85717154,-5.3926063,0.3636103,-0.7515065,-0.50621736,-3.686453,-8.923198,-1.0865941,-17.009762
1.1298689,-0.18902245,0.09023786,0.13924238,-1.2551959,4.2094646,1.1854887,-7.361262,-8.421921,-0.8199897,0.27215764,0.029791782,2.0962794,-12.9948015,-1.695854,0.28909,-0.1505647,0.5584472,0.19358288,0.009105787,0.52386266,0.49630076,-1.6730762,-18.617771,4.9176683,0.344908,-0.25817132,-0.014382626,-0.66992044,-0.050184187,-0.051365886,-1.0157728,-1.0192195,-1.9674313,-1.2941104,-0.27567813,-5.5352063,-0.4717894,-0.6186173,-4.380391,-0.78882664,-1.3207812,-0.06749497,-3.8387792,-6.924025,-1.026638,-15.778494
2.228064,-0.32588533,-0.31562665,0.4600004,-1.0474889,4.1549335,0.44722673,-7.7866187,-7.6417146,-0.65406936,-0.21380071,0.15081777,2.7091749,-14.723947,-1.2695237,0.11435316,0.099805355,0.5001988,-0.31468228,0.32933113,-3.49256,0.4522085,-1.9487535,-18.744125,6.003649,0.25276026,-0.3445606,-0.025018979,-0.5890638,-0.21976991,0.0019185402,-0.55138975,2.1211271,-2.6465065,-0.94310206,0.087072745,-7.2945604,-0.4499877,-0.7588082,-3.9061313,-0.24081461,-1.4968284,-0.18993849,-2.377754,-10.173609,-1.0493122,-15.967765
2.238688,-0.10976929,0.33462843,2.174754,-1.2496201,7.1866074,1.8365664,-6.3131843,-10.479564,-0.3683444,-1.4439762,0.047798656,3.3768628,-17.167469,-1.2325841,0.5249579,0.05085749,0.49454498,-0.19088762,0.7198543,-5.3321953,0.18434,-1.2265161,-19.565973,5.758811,0.2207212,0.53796595,-0.07383627,0.21399727,-0.7857484,-0.040473968,-0.01636226,1.687965,1.7855177,0.28154692,0.23071225,-7.936312,-0.33428094,-1.3492565,-3.758028,-0.17522328,-0.3404103,-0.36599818,-3.5717597,-9.441379,-1.0501599,-18.952808
2.1236033,-0.25666413,0.36993903,-0.6932368,-0.21000671,5.8939757,1.0099403,-7.076091,-17.003311,1.1722084,-1.0251148,-0.05165413,2.3064334,-12.700717,-1.7549742,1.5237781,-1.6848276,0.47813597,-0.15000077,9.508261,-7.21601,0.2816776,-1.0973228,-18.55046,7.4378657,0.23631854,0.8033645,-0.07332603,0.20758432,-0.8736218,-0.0001466444,-0.32945898,1.2802469,2.9334035,0.8975615,0.110969044,-7.851965,-0.3328656,-1.0315852,-4.4827766,-1.0376887,-0.37827387,-0.56005114,-2.9339335,-9.348289,-0.98585796,-17.74722
2.0777988,-0.14726193,0.4119402,0.73627853,-1.3860278,4.6302752,0.4140367,-6.9704747,-8.8316345,-0.76048625,-0.57294315,0.038373277,2.513131,-13.305394,-1.2434998,0.14433679,-1.3903925,0.4906362,-0.212049,-0.002440552,-3.600241,0.44087464,-1.5086929,-19.263838,6.134191,0.22991186,-0.19613864,-0.054420833,-0.19179942,-0.79699194,0.21009733,-0.24537514,-0.028962696,-0.48362347,0.077365056,0.15993942,-5.471709,-0.6296786,-1.0460569,-4.6339197,-0.25517315,-0.31801748,-0.8234945,-2.89483,-10.002949,-1.1232381,-15.878142
1.7352034,0.19596973,-1.815455,2.0583487,-0.39860496,5.307307,3.0776134,-5.973985,-13.277536,-0.13676797,-1.8658282,0.10798575,3.1501815,-18.332935,-1.6163592,1.2410567,0.044874385,-0.031599667,-0.1128944,1.5179859,-6.349921,-0.90762675,-0.83883274,-19.589045,3.4392843,0.15219921,1.3694768,-0.027534436,-0.2160405,-0.44605118,0.19430207,-1.0644318,-0.90294194,5.832009,-0.18484142,0.12262052,-6.4433436,0.019770605,-1.4650606,-7.9654846,2.7707238,6.0266457,-1.3548892,-3.908532,-9.235978,-1.093867,-16.840918
1.8433728,-0.051746387,0.20687237,1.6217527,-0.32799253,7.470443,3.574746,-8.239693,-13.554022,-0.1679408,-1.8962014,-0.28386435,1.2232115,-18.333729,-1.4963957,1.8282713,-1.6144083,-0.055604916,0.22432195,1.6343431,-4.946841,-0.84443617,-0.81634575,-19.39158,7.53738,0.16282092,1.5723209,-0.43528318,-0.6524284,-0.37470886,0.23819765,-1.7057763,-0.92484653,6.038912,0.44733796,0.1505155,-4.6721663,-0.08512569,-1.2633072,-8.094158,3.6921604,-0.18432018,-1.2914627,-3.6992295,-9.274155,-1.1106161,-17.720612
2.1794786,-0.32848018,0.022367489,0.37958223,-0.9023727,5.190948,1.1364009,-7.027082,-9.25456,-0.84538496,-0.936817,0.38494572,3.7887866,-17.943428,-1.2830634,1.2006869,-0.07597416,0.48256704,0.2691118,1.3310422,-5.17681,0.4296893,0.89713943,-20.026268,5.9321985,0.41433933,-0.6123658,-0.24823458,-1.2388332,0.23249233,-0.26457274,-1.4715403,-1.0147036,1.6103935,-0.4624782,0.11794787,-1.9061106,-0.48475033,-0.58700866,-2.387114,0.0046580876,-0.78383386,-0.6035208,-3.9486098,-9.307591,-1.3372184,-17.19155
2.1326017,-0.23874605,0.28193602,0.6099293,-1.270562,5.224477,1.6527123,-7.8213105,-8.639675,-0.69372123,-0.49967355,0.26817748,2.5535421,-17.169487,-1.8285718,-0.26052624,-0.032258917,0.4309626,-0.045692716,-0.71317375,-5.933145,0.89246166,-1.7352703,-19.308393,6.311408,0.27343756,0.4435939,-0.06985554,-0.6043393,0.4164213,-0.18388091,-1.703144,-1.1481949,6.1435885,-0.29090193,0.2159525,-3.7040222,-0.5004818,-0.77539414,-9.113157,2.61302,-0.30413857,-0.46683824,-4.3754325,-9.046494,-0.9837093,-15.108671
2.1618795,-0.14394332,0.5765422,0.8292136,-1.4583373,5.3029037,-0.19687006,-6.6856747,-8.947213,-0.9170759,-0.12165929,0.034838036,2.1134174,-15.186788,-1.7890385,0.026490394,0.06745253,0.822452,0.03378498,-0.7958986,-0.9151555,0.7804406,-2.1724916,-18.056286,6.172847,0.10627446,-0.72986686,-0.06151175,-1.58589,0.32921612,-0.2650691,-1.7275554,-0.83231974,5.9194355,-0.87663454,0.39099306,-0.29000297,-0.3087185,-0.3548714,-8.686683,2.3868918,-0.1683251,-0.4766932,-5.068607,-8.760084,-1.1678272,-14.566879
2.2897885,-0.19474256,-0.14399694,0.8439669,-1.4043056,5.752973,0.5440554,-8.135739,-11.753672,-1.1337383,-0.4033647,0.07602741,4.929645,-17.452723,-1.2817667,1.0336493,-0.13783903,0.54233515,-0.057775486,0.016045263,-6.6092386,0.23657072,-2.8918474,-19.779545,5.842822,-0.23948321,0.016846523,-0.20376933,-1.1706194,-0.19248876,-0.19605143,-2.9917572,-0.7803586,1.4731268,-0.12380811,0.6727861,12.3197,-0.31932575,-1.0595375,-2.2996454,-0.35754037,-0.7875872,-1.2448664,-7.3975606,-9.814228,-3.358489,-16.849186
2.1439428,-0.09410375,0.113749385,1.1351521,-0.68775177,4.7979712,1.5979177,-6.629603,-9.703355,-0.29897436,-0.36102948,0.06962726,3.7698958,-18.818401,-1.1573162,1.0079765,0.096758045,1.5499427,-0.13480657,1.4888439,-6.4827657,0.23963392,-1.667922,-19.099346,6.2052894,-0.26203752,0.87664515,-0.20017827,-0.5725205,0.45672694,-0.094734944,-0.49684232,2.0963817,7.3438153,-0.2926,0.19474906,-7.520076,-0.23977426,-0.9830146,-6.902198,1.6352744,-0.43589202,-1.1506901,-3.7822723,-9.193087,-1.1409245,-16.77385
2.0242531,-0.15237266,0.3768178,1.1904523,-1.1559176,6.0150404,3.0019884,-7.268714,-12.733375,-0.8695274,-0.3224828,0.13049388,3.715382,-19.416525,-1.4261156,1.1431849,0.09448731,0.43636674,0.035625152,-0.08417879,-5.937444,0.16830993,-1.5466137,-19.223412,7.813699,0.3043203,0.6159775,-0.055853248,-0.19368412,-0.32753956,0.27996126,-1.2494184,-0.7715862,7.205555,-0.32263842,0.5946178,-4.9897566,-0.10181397,-0.8530543,-10.435874,0.0453085,-0.42249712,-1.4828748,-2.501891,-9.005982,-1.1072382,-15.422031
0.96981776,-0.05307559,-0.55983543,-0.09511863,-0.7754677,3.5578268,-2.927944,-7.652173,-7.318119,-0.5355784,-1.1704037,0.30393606,2.9481993,-13.42778,-2.0704527,0.24354318,-0.066728145,0.09250275,-0.102301225,-0.46262848,-3.476073,0.2628285,-1.9795542,-18.665882,4.6141877,-0.08320973,-0.7706832,-0.1461389,-0.6313243,0.014191165,-0.13821489,-1.784939,-1.4998133,-0.9470016,-0.65350175,0.10730181,-3.849234,-0.44632167,-0.5774227,-2.6568897,-1.1425486,-1.3865681,-0.4276172,-1.6270075,-6.361891,-1.0661546,-14.637776
2.0174859,0.2758228,0.5411193,3.3416367,-0.51178193,5.8929887,2.685063,-5.516816,-10.4919405,0.100795336,-1.5902107,-0.25637248,2.193547,-18.982054,-1.3102328,0.5328604,-1.8902715,0.2731131,-0.11641482,1.739113,-6.172396,-0.47674137,-1.0255542,-19.758886,5.833067,0.20666343,1.0797142,-0.0006623754,-0.15679398,-0.13506246,0.07379428,-1.3824663,-0.80618244,6.55835,-0.19282232,0.06926514,-5.065066,-0.12348586,-1.3491503,-7.419572,-0.5205119,-0.42696363,-1.0315624,-5.0659194,-9.213643,-1.0910225,-15.511478
-0.51275414,-0.33184174,-1.6423143,-0.62485975,-1.5214297,-8.518369,-12.020518,6.5042048,-5.3916016,-1.4833747,0.03214135,-1.4482354,0.525671,31.605745,5.622248,-0.7815156,3.3611314,0.2216444,0.017308757,-1.1825682,0.43404588,-0.1631235,-3.9912338,31.37526,-1.9204738,-0.7062169,-0.12930952,-0.14361754,-0.8956586,-0.48347452,-0.01850067,-0.86390454,-0.9100983,-0.17921555,0.46414715,-2.1323311,14.127611,-0.5029872,2.2923756,2.912771,-3.2325606,-0.9696382,0.51267046,2.114305,9.170793,0.20703559,13.4991255
-4.283563,-1.0461106,-1.389794,-1.6195946,0.054504406,-9.856729,-14.0271435,5.385433,-3.7234452,-1.5457759,0.7045299,-2.5684822,-2.1443248,26.366352,5.144322,-1.2875483,3.4120505,-0.22331935,-0.62341475,-1.2321252,17.30367,-2.1758287,-3.826225,32.66628,-1.5222837,-1.5719728,-0.11524159,-0.11315505,-0.82297313,-1.1982034,0.04634483,-1.5953602,-1.8208814,-1.9864647,1.3997967,-3.7779152,11.589082,-1.0065771,10.130857,4.763003,-2.3470156,-4.3927717,0.22915433,1.4562105,6.270927,0.12468926,4.9164114
-3.349584,-0.45067507,-1.8896663,-1.3969989,-0.82295066,-10.515301,-14.054718,3.233104,-3.189764,-1.6411097,0.47556275,-2.1823196,-1.8210803,25.125528,5.3246384,-0.12009581,3.2264276,0.008343486,-0.54089355,-1.1393591,17.04252,-0.23604995,-3.7188795,28.650726,-1.8319758,-0.5406362,-0.2959756,-0.2151724,-0.7160727,-0.4920035,0.008222634,-1.3854924,-1.2409029,-0.7372599,2.0661592,-2.2734783,13.921831,-0.022783468,1.3463058,2.611419,-2.5983076,-0.0916412,0.44260764,1.4626124,7.1947,0.17978609,5.064863
-4.4297976,-0.39284566,-1.0420831,-0.1642265,-0.59260166,-9.346403,-13.937745,2.6684978,-3.5994453,-1.3208683,0.66712445,-1.6889894,-1.9271284,25.072393,5.179756,-0.093385674,1.3925391,-0.0048757205,-0.09628598,-0.90739906,20.676422,-0.8227038,-3.6180627,29.662933,-2.594013,-0.48858315,0.1739871,-0.09230254,-0.76460016,-0.4089467,0.20429812,-1.1724973,-1.1943072,-4.5265346,1.7695423,-1.805698,12.20325,-0.18125877,1.1179466,2.7295494,-2.3512433,-0.0024261796,0.37024766,1.7998474,6.6075044,0.19469829,5.075654
-1.957191,-0.78031135,-1.7608546,0.11631535,-0.8436993,-10.303317,-12.6836195,5.0470896,-4.9902825,-1.4258324,0.78143036,-1.660344,-1.3327696,21.52419,6.0458374,-0.97701687,3.3550732,0.29351884,-0.3426733,-0.67195076,0.6539527,-0.90390676,-3.9108412,29.183624,-1.8159305,-0.81127214,-0.11785314,-0.14284255,-0.79226387,-0.8732777,0.12038191,-1.3850874,-1.4529552,0.3588286,0.7604407,-1.8150903,14.511082,-0.54886043,1.8213134,2.3664887,-1.814723,-1.0051671,0.51772267,2.286455,9.159545,0.17119865,12.0996685
-1.8301907,-1.0185211,-2.0840433,-1.0216084,-0.41898188,-7.2698154,-10.365362,1.9271818,-3.3434439,-1.5064217,0.24191687,-2.9258215,-1.8819711,25.962168,5.6623764,-0.65072596,3.1883945,0.029038513,-0.52208436,-1.4397237,16.284973,-0.48722613,-4.110799,27.647366,-2.188294,-0.5891936,-0.3533307,-0.19206576,-1.7591947,-1.2378312,-0.09584228,-1.4505866,-1.396408,-1.8477378,1.2497138,-1.955486,14.982746,-1.8234891,2.642023,2.8763657,-2.3789558,-0.95256734,0.4092323,1.4007592,6.2739806,0.084727295,6.6821938
-3.2097642,-0.079467386,-1.5422527,-1.3013924,-0.5039638,-9.762094,-12.410685,2.7695208,-5.078347,-1.3198712,0.6112588,-1.9372574,-1.6975608,28.066406,5.1146517,-0.5606855,3.3130305,-0.057243668,-0.53564876,-0.045395285,16.97247,-0.53877527,-3.9544814,26.366283,-1.7679666,-0.739234,-0.32324168,-0.064072825,-1.3721118,-0.6131519,-0.22999392,-1.2538812,-1.4438466,-0.9501336,1.7530274,-2.3339646,13.876699,-0.52668816,1.8554578,2.6789289,-2.2584085,-0.8051733,0.43582043,1.5197511,6.7415543,0.054045826,5.0000896
-4.2639637,-0.1724501,-1.3917567,-1.6750783,-0.38371816,-17.866997,-17.908989,11.050758,2.8042395,-1.1024324,0.24034882,-2.61254,-1.6201885,25.148638,5.8804274,-1.1567796,-1.4968307,0.039677944,-0.69468313,-0.79561865,20.389956,-0.6754066,-3.1186137,29.61684,2.4559615,-0.34072253,0.33988634,0.13365197,-0.60018,-1.5766319,-2.4743545,0.0072971014,-2.7125502,-1.709487,0.19281618,-5.339839,11.917809,-0.12991953,0.49866298,3.1249588,-1.1184218,-0.66262984,0.54600143,1.1334679,6.875161,-0.079805136,9.251962
1.9316068,-0.30296913,-4.3555136,-0.949537,-0.28840584,-9.775781,-12.8270445,-2.379283,-5.3208356,-1.5393792,0.24919967,-1.4830184,-1.7730926,18.943417,3.0894592,3.5298812,-3.3729036,0.28860727,-0.3583363,-2.4617782,15.714958,-0.1794975,-3.1449265,24.09568,10.765325,2.9976285,0.14443126,0.015129375,-1.9424036,0.7552897,-0.011852489,-3.2485547,-3.1507921,5.742302,1.0822208,-1.8876586,14.492722,-0.67085975,2.0088308,2.8649495,0.36473095,-0.51045793,0.50330997,1.3085942,8.217058,0.26487333,6.6788173
2.0076473,0.14827332,0.41988665,1.6671354,-1.1679336,7.3488183,3.2130783,-5.6367607,-13.7789545,-0.082715295,-1.8733813,0.103995316,1.2619528,-18.456484,-1.44356,1.2873524,-1.5322596,0.00038711345,0.22739947,1.519402,-3.8452291,-0.9659427,-0.7671266,-19.668194,7.396477,0.14739597,1.6667047,-0.011122868,-0.26204652,-0.87422293,0.20262578,-1.1118593,-0.6676876,6.023466,0.49044988,-0.018879732,-7.478189,-0.22874899,-1.2044996,-8.120906,3.634653,-0.19069357,-1.5872072,-3.7763085,-9.333931,-1.1046141,-17.65689
1.7556452,0.04143946,-1.0676211,2.5913117,-0.43843564,7.0214343,3.1122704,-5.545992,-13.521447,-0.15928674,-1.8906324,0.054265577,3.1762562,-18.35982,-1.5959722,1.225652,-1.5509772,-0.032444555,0.27280962,1.581254,-4.7726307,-0.8987065,-0.6728185,-19.68326,3.4191806,0.1522251,1.2103747,0.036259834,-0.1060954,-0.9649155,0.012626365,-1.0429293,-0.54169023,6.435776,-0.25908235,0.163234,-7.849057,-0.20474195,-1.4600132,-9.619017,2.3755963,5.7861094,-1.5864604,-3.855351,-9.341556,-1.0992522,-16.508663
2.0375159,-0.08151174,0.44304374,0.32545826,-1.2350947,5.063193,1.228573,-4.707856,-10.515526,-0.84155697,-1.4366175,0.10147059,1.8603549,-17.638826,-1.2545283,0.46338332,-0.072306514,0.23490244,0.006166102,1.5865341,-4.6171575,-0.3330182,-1.0099471,-19.027025,5.9234247,0.24747975,1.2036785,-0.068487816,-0.4846389,-0.42405355,-0.088595144,0.0014063367,2.2156174,6.224917,-0.5594827,0.057952806,-6.99051,-0.5200415,-1.0391603,-6.535269,0.48454106,-0.5989159,-1.320519,-5.2627206,-9.350271,-1.1251999,-16.363642
1.9938459,0.08295245,0.3108129,2.0931406,-0.30413562,6.8170705,3.5259738,-5.8820133,-10.935215,-0.22192328,-0.63346547,0.059906818,3.7293043,-18.446178,-1.2308629,0.4704553,0.0073083965,0.051445905,0.11022629,1.6643411,-6.1431293,-1.1673194,-0.7430715,-19.81904,5.2296395,0.28951517,1.3109045,-0.015755432,-0.511943,-0.77266407,0.042036068,-1.0572336,0.25045827,7.0942564,-0.014457903,0.2220893,-8.251218,-0.38758224,-1.5186262,-9.784488,2.430809,-0.27589977,-1.2375594,-3.9665556,-9.225639,-1.1595985,-18.25747
1.9944451,0.27536863,0.3055568,2.74316,-0.20391412,7.9945297,4.0030932,-9.086745,-13.135051,-0.68359333,-0.7923936,0.14288378,2.263829,-18.177698,-1.1500491,0.5438758,-0.040171407,0.30932164,0.09847358,1.6685758,-7.120499,-0.71430606,-0.8993131,-19.518583,7.371869,0.22201283,1.1693218,-0.13475327,-0.5541258,-0.48346484,0.2946918,-1.2122754,-0.83298486,7.0245676,-0.2709382,0.01296057,-4.8956175,-0.15722743,-1.0918356,-9.749079,2.1569586,-0.13091071,-1.5606298,-4.180724,-9.365616,-1.1390119,-17.506655
2.151116,-0.07047376,0.39920577,2.1884494,-0.6501402,5.608723,3.1513512,-7.395343,-9.609457,-0.40108547,-1.4651154,0.15690482,3.4099185,-17.36334,-1.3683634,0.11897164,0.022915123,0.48119122,0.03659826,0.328158,-6.078518,0.3525705,-0.93536144,-19.867645,5.7360234,0.28152952,0.5510001,-0.004374497,-0.51045865,0.41130283,-0.11447606,-0.32911754,1.4010246,6.054445,-0.40002033,0.20790784,-8.871937,-0.33033785,-1.0156609,-7.050183,0.11703888,-0.5429703,-0.89456767,-3.8578408,-10.354897,-1.1414219,-16.606672
1.9983472,0.09207738,0.40816563,2.7272851,-0.3893772,7.2873526,3.0632854,-5.8179865,-10.084662,-0.91863,-1.7201995,0.117622964,3.4240746,-18.801222,-1.2643601,0.5111578,-1.4877398,0.15598437,0.0054918895,1.7420033,-4.9018025,-0.3434793,-0.84933025,-19.558401,5.442649,0.327314,1.0624182,-0.008744511,-0.26885512,-0.794842,-0.09057915,-0.3605651,1.2047285,6.835117,0.5957789,0.060610566,-8.556203,-0.20544145,-1.2694929,-7.527144,0.27977413,-0.21151094,-1.3127614,-5.165191,-9.420016,-1.1771926,-19.00517
2.0906384,-0.20293671,0.17918545,-0.69571966,-0.5827452,7.057346,3.4446208,-1.3946396,-13.142197,-4.8238754,-1.9358201,0.09152214,3.3659065,-16.416079,-1.4315583,1.1667771,-1.5523959,-0.5541664,1.0310466,4.052796,-3.5798304,-0.207141,-0.80709106,-19.058638,7.1964726,0.24827689,0.77871466,0.21624193,-0.26241988,-0.6619823,0.2980306,-0.4564102,2.6059096,7.09691,0.50090766,0.22889745,-8.324743,-0.3925806,-1.166649,-6.4908323,-0.26676574,-0.30950257,-1.3282838,-4.511782,-9.330345,-1.1587436,-18.175161
0.72306246,-0.31925836,-0.30462784,0.16248298,-1.1414222,2.6877372,-3.3465586,-8.959542,-4.7311735,-0.77958137,-0.7709342,-0.9306387,1.1481193,17.950998,-2.190335,1.1525459,-0.8110955,0.0201473,0.1054355,-6.1498966,-3.8859482,0.19743757,-2.094379,-17.840641,7.1495247,0.105963156,-0.60988235,-0.20305422,-2.3750255,-0.78883076,-0.1924464,-0.1738207,1.5424129,-1.5532519,-1.793152,-0.1784395,-11.551637,-0.9100772,-0.8014202,-4.4793925,-1.22892,-5.524817,-1.2447435,-5.0682244,-7.43524,-2.2430382,-14.428512
2.2089827,-0.21955277,-0.42946526,2.2483232,-0.4428493,8.825801,3.7041757,-8.848791,-10.455526,-0.29354042,-2.1245432,0.11956456,3.6109285,-17.145319,-1.140932,0.46263543,0.08733655,0.586501,0.03507513,1.6145015,-5.8751216,-0.037438627,-0.75621605,-19.534376,5.650145,0.2581394,0.50671005,-0.061623786,0.23758736,-0.8347812,-0.053246163,-0.4988869,1.6482251,5.825545,-0.43266654,1.0765759,-8.613354,-0.39639258,-1.3548461,-8.432866,0.069805875,-0.3217563,-1.3329012,-4.3988013,-9.241569,-1.1567502,-18.44861
-3.2513535,-0.778266,-3.566223,0.13697667,-0.80599964,2.363364,0.26961175,-9.780659,0.88088775,-0.9439469,-1.3954093,-0.12201753,2.5961783,-13.519369,-5.9780936,-0.44154233,1.3296913,0.9131978,0.22190735,-0.5145725,2.469934,-1.9286925,-0.32175565,-12.998224,-2.1847548,-0.099723406,-1.2789979,-0.11010321,0.21464117,-0.5393735,0.18241823,-1.4730974,5.828644,1.0840373,-1.4955162,1.7722245,-8.403411,0.035482462,6.0288997,-5.625963,-3.1272693,-1.7448239,-1.0040154,5.3870077,-3.4829752,-1.252554,-3.9100776
2.0700903,0.48549777,-1.3715624,7.845142,-0.726183,11.3295355,0.9283267,-9.240471,1.8235154,-0.8496961,-0.2128752,0.6684767,6.2573028,-10.637873,-2.5623095,-0.73227495,0.2508206,0.9955547,0.16136065,-0.57577294,4.709843,0.93686193,0.7997212,-18.255629,-2.563211,0.18887587,0.3652936,-0.28295752,1.5844506,-0.35563564,-0.1053301,-2.0001044,6.8658557,4.5661483,-0.7339468,1.6568027,-7.223769,0.96510404,8.903383,1.3643885,-1.7819383,-1.8406231,-0.53338706,-1.9748086,-1.8884269,-0.26545623,-3.1232285
1.432743,-0.08927945,0.5531286,5.179734,-1.4486367,3.9845624,0.29027873,-10.981522,-0.76526725,-0.9495349,-0.24645303,0.49379066,3.2690158,-17.082968,-2.4424477,-0.05862744,0.15523413,0.6317936,-0.26389855,-0.36714423,2.3600633,0.76865447,-0.87611,-19.64204,-1.4046322,0.16435175,2.2644181,-0.038106218,0.23168194,-0.43373498,-0.1654518,-1.9032639,3.7342522,1.1531291,-2.4994628,1.3995233,-7.286209,-0.2470599,-1.3172755,-6.3757396,-0.39398646,-0.38887206,-0.176457,-2.226849,-3.4474676,-1.5785975,-13.944296
-1.5329332,-0.519335,-1.4274949,0.5244554,0.5514719,3.8468478,-4.2548547,-7.7668834,5.2100005,0.22991621,3.5527234,1.1573704,1.621005,-3.5082564,-3.212953,-0.34483114,0.2025099,0.42652825,0.6306166,1.6660345,4.7789087,1.0234894,0.84436125,-9.638925,-3.442608,-0.19719352,0.48698288,0.11448031,0.41498476,-0.08023617,0.7384824,0.012589552,9.129518,0.47254208,-0.9803223,2.0688496,-10.1607685,0.05840731,3.7824872,-2.1152089,-1.5996938,-2.3465085,-0.5270226,8.166257,-1.0350608,-0.4262439,-0.7556661
3.754082,-0.22049044,-1.494038,0.19998714,-0.24320453,6.8473387,-5.9799705,-13.282537,1.7440906,-0.8954861,0.88763124,-0.7321541,7.211922,8.542184,-2.2019155,0.0780857,-1.2965333,-0.772561,-0.25679794,-1.4876783,1.4462836,-1.0536653,-1.0314176,34.088158,-2.4680948,-0.18755765,0.3153877,0.013013824,0.37610468,-0.437294,0.61640817,-3.4670281,8.184785,-10.174675,-1.6891798,2.5503712,-13.478733,0.4366242,3.7826502,4.636071,-1.072362,-5.9668016,-1.711694,4.117425,-1.8393077,-0.48731083,-4.7125173
2.4619527,-0.2089143,0.5384762,7.9146814,2.595576,13.018251,3.5010355,-7.873537,7.985718,-0.079853125,0.36658216,-1.1992524,4.533443,-13.718359,-1.1273671,0.027061075,0.13531385,1.70759,0.82070833,0.8538441,-2.899098,0.66004777,-0.18288107,-17.846832,7.2112226,0.27646634,3.7381628,0.45387596,-1.8742527,-0.7259619,0.24174044,-1.2162867,3.8590155,10.934737,1.1923858,2.1968226,-5.8531327,0.30550647,-0.8232818,-4.5927925,0.30291343,3.2995245,-0.5157116,-1.8502263,-6.3301797,-0.9694043,-15.363959
-7.2919106,-0.015640002,-2.0705137,7.9683814,0.8045519,3.8005023,-2.604109,-11.1867485,3.257796,-1.4534198,-0.05313814,-0.47054225,2.0286841,-4.1974444,-1.3115522,-0.21126372,0.6898763,-1.0576017,0.16929722,-3.50728,3.0690658,-0.91303617,-1.7319,26.69429,-1.7540107,0.20586044,0.0788562,-0.12977445,-0.005183942,-0.4516684,-0.2699644,-1.4408631,7.7807493,3.0586474,-0.8761531,1.920685,-13.434052,-2.5063667,5.471485,-2.1337936,-1.0792502,-1.8426708,-6.9674206,4.1856675,-0.5514896,-0.23974717,-3.1632767
-3.3814363,-0.07751184,-1.4320375,4.1551905,-0.2713012,14.4416,-3.3814948,-7.0835156,0.57286996,-0.9310896,-0.16765486,-0.33200866,2.4847245,-11.833995,-0.25132775,-0.9139405,0.131009,1.0253345,0.3468677,-3.1448836,3.500299,-2.0307498,-1.6178743,-12.732562,10.69756,-0.08217052,-0.11497861,-0.06273661,0.31612837,-0.51880896,-0.015035578,-3.4586618,6.1967473,-1.0312552,-1.3202255,-0.037718084,-9.419226,-4.1633615,-1.1833799,-2.8724875,3.7899764,-2.9936244,-0.30391708,6.6588306,-6.6691217,-0.2116953,12.542475
-6.7304845,-0.1601778,-1.0704288,1.0765319,-0.7630129,-7.323177,-14.028883,0.95968217,-4.212546,-1.3768553,0.49405402,-1.5951885,-1.2106323,16.98114,2.3355012,-0.020862844,-3.6881971,-0.49060506,-0.6407148,-0.9789632,22.43464,-0.93580997,-3.902265,24.437685,-8.00193,-0.6923859,-0.57672006,-0.35151973,-0.40530986,2.2998528,0.3296381,-1.8258207,-1.0361465,-8.505024,2.0935016,-4.1073847,-5.4519935,2.4847608,1.2646223,0.55691296,-2.0828211,-0.8799261,-6.216734,1.6530788,4.9922185,0.14596288,0.7365305
-12.250446,-1.1540674,-0.65703595,-0.6534189,-0.8457588,-12.120588,-13.279192,3.2103398,2.3217561,-1.0601594,0.3616831,-2.9091477,-3.0088265,22.152266,1.7458774,-0.0021340912,3.3084483,-0.98550266,-1.1993489,-10.60561,22.224007,-1.902621,-3.5079687,25.573654,-4.5357256,-0.9224889,-0.6782523,-0.10972176,-3.0280044,0.22797455,-0.47251686,2.157917,-1.5078462,-13.13311,-2.917631,-3.139214,-4.8072977,1.3145244,6.888646,2.5930042,-4.07125,-2.4673436,0.2534739,1.7952458,-0.3250572,-0.80425715,8.988974
2.1678638,-0.26717702,-0.27096888,0.22463824,-0.86697036,4.0635223,-1.9448999,-7.1787324,-9.09662,-0.8908111,-0.50124764,0.12713544,3.4251735,-15.55162,-1.5264981,1.018644,0.035836928,0.59519386,-0.26525185,0.032641955,-2.9774756,0.4275194,-1.4507225,-19.312677,5.618932,0.30721816,-0.1456004,-0.026589073,-0.40372878,-0.18277271,-0.03812816,0.11654107,2.0131147,1.661609,-0.33198482,0.19636305,-7.109717,-0.22760144,-0.67694724,-3.579996,-0.22132203,-0.82781035,-0.4851207,-3.3256595,-8.634022,-0.8495516,-16.920513
1.7813298,0.10419686,-1.0716492,2.1101015,-0.36557606,7.30657,2.9536443,-7.8641734,-13.563382,-0.13823687,-1.9733229,-0.33058426,3.1999512,-17.307016,-1.6164942,1.7565056,-1.5340316,0.09799551,0.2053554,1.6624922,-4.966434,-0.9113121,-0.56510925,-19.658817,3.09662,0.11252776,1.3540617,-0.17864634,-0.034091413,-1.6323175,0.30335093,-1.3385364,-0.8527746,6.750612,-0.16902316,0.22602089,-4.778103,-0.026238631,-1.5883393,-9.107581,2.3449302,5.777089,-1.4131551,-3.8787024,-9.308235,-1.1326967,-17.28265
1.762039,-0.07329711,-1.1535335,2.6318443,-0.36650565,7.0713363,2.5485938,-5.636008,-13.904081,-0.087549515,-1.9827484,-0.021543961,3.2772949,-17.268301,-1.6973956,0.96992755,-1.5595734,-0.052214716,0.191422,1.6330754,-4.5126514,-0.8015947,-0.46568885,-19.521069,3.1010957,0.13744432,1.1542432,-0.13723718,0.18786478,-1.5134932,0.14273356,-0.0043545803,1.5978205,6.3894897,-0.31219858,0.31571028,-8.892384,-0.24980217,-1.5888362,-9.189912,2.2158136,5.8653965,-1.3626503,-4.729687,-9.418533,-1.1152332,-17.79744
-0.9422993,-0.6578571,-2.5945327,-0.009823699,0.16669491,7.5405107,-5.510949,7.578554,-4.9153237,-1.3683094,1.0539768,-0.93307453,-1.489552,27.088842,2.3463266,-0.03913796,0.010154458,-0.18714951,0.6256592,-1.718054,1.0156211,-1.2051419,-3.4527013,27.545038,-2.5569031,-0.67330754,0.15554309,-0.13786916,-0.13634905,-0.06031787,0.4022975,-1.7992269,-2.4470918,3.70761,1.6556867,-1.9387815,17.291117,-0.46752614,-0.5150523,3.31067,-2.2015345,-3.2455587,0.59874165,2.478335,9.89327,-0.04470152,21.613901
-0.9170492,-0.6712592,-2.2371466,0.066486195,0.5955245,7.4072604,-6.055919,6.660808,-4.7646437,-0.966699,1.05881,-1.2833794,-1.782889,17.008745,2.317727,-0.31300578,-0.28542408,-0.121976234,0.36654854,-1.6754619,1.2317275,-1.0745063,-3.4775662,29.58108,-2.825652,-0.5794957,0.22626,0.7653331,-0.68852746,2.5090623,-0.62254816,-1.8127476,-2.9301379,10.103309,2.104206,-0.8390845,16.848545,-0.28157037,-3.179154,5.637829,-1.4347347,-3.0768714,-1.6473376,3.665335,9.7088,-0.04499129,20.97554
2.0106046,-0.058980893,0.3413429,2.4159622,-1.1479672,7.1445227,2.6305635,-6.590467,-11.639775,-0.15614852,-1.915464,0.06997724,3.3073745,-18.255358,-1.1803708,0.45699406,0.11083218,0.45467478,0.0041629113,1.4657255,-5.25044,-0.21625197,-0.60545367,-19.691452,5.416546,0.24728718,0.6392533,-0.016464142,0.38595948,-1.0158635,-0.048813954,-0.18355767,1.4898707,6.2410707,-0.08094885,0.14424723,-8.581921,-0.21428278,-1.1444858,-7.151555,0.114991665,0.056846928,-1.2440975,-3.9590766,-9.239857,-1.0436105,-18.727942
2.2022457,0.04685006,0.41421217,1.7655867,-1.1711379,6.0780406,2.8013546,-7.5309706,-10.34002,-0.22342215,-1.8005896,0.10029085,3.008066,-17.541292,-1.1551454,1.161368,0.03795185,0.58378816,-0.08766698,0.79513603,-6.239609,0.15240291,-1.1289335,-19.842024,5.4530735,0.27050814,0.6468334,-0.029239327,0.416237,-0.8710894,-0.19009225,-0.79710877,-0.7939778,5.2514095,-0.024614729,0.21258858,-4.7662435,-0.13454905,-0.709506,-6.9499245,0.12306067,-0.6491448,-0.77506,-4.113134,-9.297969,-1.0802485,-17.088717
2.0180771,0.18008676,0.48676625,2.8659022,-0.3353369,7.409282,3.2698715,-7.8986197,-11.495137,-0.08493715,-1.844729,0.09293565,3.2273908,-18.263203,-1.1380508,0.37774915,-1.383541,0.11545032,0.1279925,1.5831467,-6.334605,-1.0967233,-0.9335947,-19.535175,5.308461,0.23919226,1.0233452,0.00033859716,-0.19198616,-0.83121604,0.07166124,-1.2724152,-0.6043149,6.770881,0.296302,0.12028763,-4.9913263,-0.095142156,-1.4868636,-7.6849794,2.2326534,-0.15607965,-1.6372443,-3.9634697,-9.349432,-1.1405845,-18.30221
2.006951,-0.053620186,0.31032327,2.046088,-1.2158684,5.5303917,2.4521544,-7.1310678,-10.521345,-0.16036782,-1.7636302,0.12175837,3.3799915,-17.10878,-1.2707176,1.1253589,0.03838024,-0.088374436,-0.0671406,1.527913,-5.0593576,0.0159921,-1.091641,-19.578384,5.4658027,0.21074204,0.60978013,-0.10312308,-0.29891238,-0.39583623,-0.16232242,-0.3100576,1.6735737,4.9480767,-0.5163919,0.30075863,-8.672414,-0.37149704,-0.84390116,-6.371709,0.2926748,-0.76622117,-0.41703704,-4.091197,-9.339928,-1.1493808,-16.57219
1.0682131,-0.090037875,0.083671294,0.65120196,-1.1300234,5.144725,1.4443446,-7.1258354,-9.427908,-1.112758,-0.67914206,0.15613918,3.4331172,-16.949312,-1.6653942,0.9524489,-0.008187454,0.54921925,-0.10337346,-0.023660624,-4.5652146,0.44461194,-1.6530352,-19.731525,5.1132884,0.44649532,-0.5121505,-0.18566804,-0.5922856,-0.32924715,-0.15881288,-0.09576978,-1.0107558,1.4761535,-0.20013279,0.09485623,-2.3582559,-0.09922004,-0.5729938,-3.8317442,-0.014867755,-0.40348294,-0.8601275,-4.223133,-7.9417233,-1.2574974,-16.789875
1.0221112,-0.2943819,-0.3921155,0.423942,-1.0074685,4.9872727,0.93905336,-7.445889,-9.46932,-0.61331666,-0.5566248,0.22338744,4.3104444,-16.418161,-1.5257663,0.8800715,0.13405526,0.5852562,0.08159628,-0.110346824,-3.8982425,0.38387662,-1.7131209,-19.951078,5.531193,0.58334714,-0.21265458,-0.17381957,-0.72418875,0.6546508,-0.13109131,-0.18541108,-1.1211854,6.032253,-0.35701317,0.073796414,-2.58248,-0.40306774,-0.8218096,-7.248411,-0.07807072,0.017666027,-0.8408861,-5.069233,-8.104575,-1.2342985,-17.394754
2.016463,-0.24205998,0.06382719,0.44995144,-0.9333923,4.052545,0.5367936,-7.0467525,-9.3457575,-1.0148547,-0.67864025,0.030635498,3.9998686,-16.23383,-1.3631847,1.0828806,0.05187529,0.5696016,-0.20777586,0.05928807,-3.8512108,0.35930255,-1.6117327,-19.234873,5.6843014,0.17213301,-0.12857237,-0.05761057,-0.31112728,-0.2281041,-0.048588824,-0.18894199,1.7656122,5.7547035,-0.35454533,0.23440735,-6.8923926,-0.36215883,-0.66979784,-7.2991343,-0.24810502,-0.53310454,-0.25035855,-3.6256568,-9.881966,-1.1526256,-17.135323
1.8835163,-0.23575181,0.4033383,1.2991016,-1.2134778,5.5222707,2.1061487,-7.330166,-9.842582,-1.0740082,-1.6034932,0.09616559,3.446767,-17.195452,-1.3998775,1.2394818,0.10173157,0.59997535,-0.1456928,0.23063162,-5.262397,0.45267615,-1.3132571,-19.100323,5.474479,0.21044438,-0.24369462,-0.04685743,0.18955736,-0.48054245,-0.015203073,-0.37092403,1.8236891,6.105465,-0.2633465,0.09835688,-7.5942907,-0.32544452,-0.75353444,-6.302989,-0.37772465,-0.61650044,-0.83772594,-3.5912545,-9.825084,-1.138714,-16.70725
1.7799945,-0.10258338,-1.1455795,2.5872018,-0.28440627,7.1535964,2.9513514,-6.342009,-13.590731,-0.32730198,-2.003242,0.011005339,3.1739242,-17.311432,-1.7054307,1.1820431,-1.5550508,-0.012267527,0.36825612,1.6660968,-4.5094843,-0.7587781,-0.5040375,-19.604021,3.0578275,0.104170054,1.0856099,-0.40501374,-0.032901388,-1.4832784,0.31971243,-0.547221,1.6277125,6.5396433,-0.17270562,0.2970933,-8.898098,-0.26668307,-1.7617277,-9.266354,1.994005,5.8774376,-1.3719739,-4.346771,-9.358406,-1.1514924,-17.749098
0.32919082,-0.08474017,-1.7281165,0.19472727,-0.38104835,-2.3631432,-5.517377,-7.501006,-5.9040675,-0.5804103,-1.402941,0.534443,1.5475802,-13.84348,-1.480631,0.1244618,0.12311276,0.24504305,-0.6589879,0.15424488,0.8027749,0.058179893,0.83071274,-17.727108,-1.7912682,-0.07539135,0.032195263,-0.059149366,-0.25419977,-0.57780945,-0.068980515,-1.4171145,-3.414442,-5.1604204,0.3703332,-1.0308819,-6.419828,-1.4541445,-1.698507,6.4680533,-1.0605206,-1.1229714,-0.16206558,0.26946157,-1.7049737,-0.3300255,-2.4010854
-3.3090594,-0.644793,-1.4599282,-0.38149968,-0.49946046,-5.9915476,-7.794332,-6.161375,-3.1446908,-0.54051673,0.519206,0.25861922,1.7357078,-10.958428,-7.1379924,-0.0202686,0.016882973,0.021199789,-2.432053,0.5561899,1.9241896,0.3871695,-0.40546975,-13.147,-4.2521453,-0.5375926,-0.45584893,0.060208097,-0.7775171,-0.9037809,-0.084911846,-0.8501488,-2.7881694,-8.540177,0.5360316,-2.180184,-5.209091,-4.5709496,-0.0726394,7.2740774,-2.120877,-1.6712247,0.32298383,4.7752495,7.434856,-0.12787612,10.387165
0.7042231,-0.11851179,-1.8937638,0.59014297,-0.53832287,-1.6507691,-7.0409775,-11.364402,-8.457654,-0.55246663,0.8807692,0.39463463,1.1792394,-13.892613,-2.6110308,0.31861067,0.10646257,0.10078503,-2.664358,2.6278648,-2.043937,0.33307424,-2.0027566,-16.942932,1.5539877,0.3572579,0.56513447,-0.55216056,-0.002982165,-0.77134717,-0.30216524,-0.9710248,-1.0560735,-4.9912777,0.57282466,-1.3102884,-6.5313478,-1.3508861,-1.2888175,8.211744,-0.5165146,-3.436975,-0.34828833,-1.1751068,-5.1163383,-0.5447302,13.555991
2.0506277,0.0008857655,0.23186056,3.0994825,-0.45458525,7.1924577,3.3321588,-6.467336,-12.096574,-0.025574747,-2.1350014,0.091431454,3.3177488,-18.26109,-1.1645205,0.48228696,0.09843709,0.42702726,0.03023152,1.4897449,-5.8042145,-0.09374602,-0.81242955,-19.655642,5.2521777,0.20974207,0.60777384,0.017102169,0.13335675,-1.0277492,-0.00018976428,-0.04222783,1.6167009,6.1388044,-0.3216528,0.07914756,-8.610766,-0.20327556,-1.197268,-7.209637,-0.29470152,0.071223155,-1.2352186,-3.9665277,-9.384705,-1.1795051,-18.682459
2.0605226,-0.24827315,-0.038695503,0.6449618,-1.185644,5.0606365,1.1870891,-7.3036904,-9.1836605,-0.940326,-0.6846543,0.100651704,3.6439466,-16.796682,-1.3582699,1.093435,0.085283615,0.5602774,-0.19675073,0.07414945,-3.692165,0.3861744,-1.4371123,-19.732702,6.1347756,0.25945196,-0.09437799,-0.30097708,-0.52512425,0.14646831,-0.124444164,-0.08122322,1.6069432,1.5862969,-0.44529516,0.033080444,-6.964441,-0.31648406,-0.74108523,-2.5138438,-0.24183698,-1.3219268,-0.2757171,-3.4280963,-9.808638,-1.0414002,-17.75293
0.9097594,-0.169881,-0.13763727,0.36924055,-0.961871,4.7349014,1.1472499,-6.666576,-9.306501,-1.0009041,-0.49037915,0.08100524,3.7387824,-16.74482,-1.6435196,1.1580391,0.072405875,0.55851233,-0.1091681,0.040899817,-3.4779682,0.466986,-1.5139179,-19.431345,4.779304,0.23374522,-0.17820649,-0.07198364,-0.47168422,-0.72684705,-0.08292881,-0.19290005,2.0617106,1.6408107,-0.29976434,0.22145675,-7.2319326,-0.3283397,-0.7176105,-4.0123925,-0.17748158,-0.46936712,-0.38100886,-3.4487953,-7.9221287,-1.1384908,-16.843597
1.1895763,-0.24093935,0.22879231,0.44700417,-1.0065593,4.3997283,2.135776,-7.1586947,-9.048711,-0.7904849,-0.15690337,0.041453425,3.8892672,-16.661734,-1.6206886,1.0705544,0.118862726,0.537487,-0.12487478,0.024391923,-4.586935,0.40422976,-1.4665353,-19.651274,5.318689,0.25529462,-0.17783199,-0.022295156,-0.6683547,-0.2355514,-0.2601657,-0.19272126,2.038159,1.541346,-0.53304833,0.069060124,-7.2544613,-0.25724885,-0.86232215,-3.921093,-0.1876168,-0.67318773,-0.4007112,-3.0842865,-7.8667583,-1.1333493,-17.358948
2.0873978,-0.2103139,0.33970207,1.2469615,-1.1315616,5.1426225,1.199209,-6.923119,-9.699118,-0.86855537,-0.90708894,0.01229344,3.6108167,-17.23621,-1.4452553,1.1536883,0.02223089,0.58852285,-0.12916319,0.023144636,-3.5995197,0.4247136,-1.3821098,-19.34989,5.917578,0.20088673,-0.18125269,-0.028534574,0.09340194,-0.75689304,-0.07238691,-0.30755576,1.9501799,1.8031607,-0.31273374,0.0659029,-7.5733624,-0.32968816,-0.96728593,-3.92633,-0.20821977,-0.69245523,-0.38678107,-3.1833599,-9.787859,-1.1534518,-17.247816
1.180522,-0.36255762,0.24437654,0.47267944,-1.1162798,4.4128757,0.84469646,-7.197211,-8.679096,-0.7194477,-0.6622522,-0.01507634,4.0121913,-15.738022,-1.6668925,0.096860245,0.008900115,0.5980338,0.13194132,-0.1909401,-3.353338,0.4876737,-1.4073442,-18.844404,5.0856724,0.27152804,-0.37829897,-0.06621565,0.13149296,-0.51534975,-0.16915682,-0.64820313,2.2416449,0.83896166,-0.5678539,-0.23058875,-7.184429,-0.29847887,-1.0585767,-4.1229973,-0.2817025,-1.3563089,-0.37614354,-3.0157962,-7.4245906,-1.0731934,-16.552107
1.7287685,-0.21178576,-1.1885943,2.751688,-0.3443005,7.209101,3.1209311,-6.1022844,-13.036037,-0.19045618,-1.971033,0.056568515,3.1139627,-17.304058,-1.6593528,1.1561205,-1.5630412,-0.17718123,0.282505,1.6387196,-4.547764,-0.71951705,-0.6641069,-19.458656,2.8911216,0.12938395,1.0805625,-0.0063863895,-0.19870171,-1.1977316,-0.34530923,0.008919287,1.6216631,6.3273115,-0.27337158,0.25584787,-8.975449,-0.26512048,-1.7592237,-9.431239,1.9673378,5.856988,-1.314295,-4.670696,-9.400493,-1.1283118,-17.185522
1.724012,0.113995604,-1.7311938,2.6674776,-0.43533862,5.277953,2.5320454,-5.7088747,-13.799826,-0.09114228,-1.9135562,-0.007156523,3.307082,-17.252562,-1.5320861,0.7659647,-1.5848343,-0.0059527652,0.17263265,1.6592418,-4.5690603,-0.9477828,-0.7269135,-19.393702,3.0530744,0.20047295,1.1231011,-0.03829982,-0.43986598,-1.3913358,0.11309468,0.02362743,1.708907,6.5145993,0.043787006,0.108166344,-8.855585,-0.3040835,-1.4582378,-7.1231074,1.8460872,6.0027404,-1.3499405,-4.4480634,-9.444318,-1.1183779,-17.45994
2.096895,-0.13513783,0.24055064,0.64931786,-1.1257825,4.9474373,1.2093151,-6.87155,-9.695946,-0.96440464,-0.71259946,0.018753607,3.6847155,-16.791748,-1.4384263,1.1456543,0.068448156,0.5573441,-0.13114159,0.04150702,-3.6471303,0.4226024,-1.4158652,-19.395819,5.785792,0.20275523,-0.13593252,-0.028000336,0.036841094,-0.6820192,-0.07744038,-0.28362432,1.9102257,1.626826,-0.32262594,0.01072517,-7.205717,-0.3453441,-0.72625613,-4.0454016,-0.17912522,-0.6906335,-0.36855176,-3.1678057,-9.585925,-1.2135824,-17.323704
2.0084143,-0.19969599,0.31564328,2.1471121,-1.0981492,5.1412253,0.97920525,-7.2717705,-10.272634,-0.04712505,-1.6802838,0.11781821,3.3515544,-17.74219,-1.3113942,1.1179509,-0.010310046,0.5131949,-0.017724728,1.5451977,-3.8247378,0.15215997,-1.100458,-19.90059,5.3590803,0.2505912,0.6828953,-0.013230927,-0.27756906,-0.7235532,0.13358273,-0.25311035,1.7560849,5.3000445,-0.42828837,0.1783485,-7.7319837,-0.2630521,-1.0924965,-6.6634436,0.121651396,-0.7054525,-0.34535527,-4.114071,-10.536118,-1.0474653,-16.703075
2.1270568,-0.24409832,-0.0027484752,0.36070934,-1.098522,4.7774377,2.1228435,-6.8689733,-9.851445,-0.09673034,-1.6049579,0.07208313,3.2638948,-16.976381,-1.1393791,1.108993,0.10127323,0.49875844,-0.08630452,0.71847415,-4.5695434,0.034455962,-1.3454984,-19.271717,5.5311246,0.25387597,0.66681063,-0.022001425,-0.30380803,-0.6710036,0.2615428,-0.20936696,1.7988896,5.307671,-0.23418342,0.066863045,-6.921213,-0.30845764,-0.80315363,-6.601923,-0.11223966,-0.7565873,-0.4298992,-4.012934,-10.4007,-1.1647243,-17.003513
2.089076,-0.21611072,0.15206409,0.6640766,-1.1420032,4.825575,1.3456093,-7.349446,-9.185845,-0.952163,-0.5003896,0.018621989,3.7171311,-16.751602,-1.4409382,1.1980513,0.047135253,0.5533638,-0.1394527,0.02744836,-3.6787755,0.42319384,-1.4208322,-19.416899,5.799057,0.20558318,-0.13715793,-0.093967184,-0.39821094,-0.2853658,-0.06978872,-0.26677018,1.9432821,1.5879196,-0.28204477,0.02384316,-7.1804533,-0.32746536,-0.6331254,-4.0147653,-0.18748415,-0.7635855,-0.3742404,-3.140156,-9.744768,-1.1284467,-17.471544
2.0142782,-0.20982456,-0.033765446,0.70494807,-1.1289729,4.97658,1.0679876,-6.780545,-9.403182,-1.0371906,-0.5795528,0.010138897,3.912523,-16.26156,-1.411847,1.1747702,0.09716182,0.54289246,-0.19824678,-0.036900084,-4.0320373,0.36242056,-1.6072443,-19.359041,5.525739,0.17768383,-0.30458406,-0.026279971,-0.34347317,-0.7130084,0.15405904,-0.46790528,1.6772604,6.630575,-0.45768058,0.06077857,-7.0404906,-0.3910905,-0.676787,-6.8768573,-0.23101895,-0.41642055,-0.8616444,-3.8542726,-9.897816,-1.1472157,-17.405792
1.0879375,-0.23849368,0.12183381,0.50373435,-1.0297383,4.750114,4.362689,-6.9460683,-9.305358,-0.9883691,-0.8713471,0.032636,3.823123,-16.714691,-1.6804786,1.1568359,0.1256191,0.5353721,-0.12307312,0.039687973,-4.458589,0.31718594,-1.4376609,-19.380398,4.69269,0.23832749,-0.199754,-0.00408643,-0.35030663,-0.39231074,0.25338483,-0.35096544,2.0160828,1.5977781,-0.39256716,-0.011423208,-8.827221,-0.33062556,-0.6027461,-4.641533,-0.15326919,-0.565259,-0.34830838,-3.1345952,-7.984367,-1.2848396,-16.984922
-3.0442507,0.20583571,-1.6152833,-2.5614362,-0.30028665,-8.492537,-12.918481,-0.29623228,-4.1349325,-1.7029,1.1204406,-0.8240737,-2.5373218,18.291258,-5.581598,-1.1072922,-3.0662959,-0.21460676,0.89951265,-0.61494505,22.278969,0.4412699,-1.7019454,-7.439631,-3.0451977,-0.08165345,-0.49695578,0.21684088,-1.9368407,0.2041446,0.029829603,-0.64257306,-1.5825182,-7.7133493,1.7605289,-1.3380909,12.976933,0.34819996,2.0500035,2.2110155,-2.3699746,0.021106375,0.67978156,0.9251465,3.969652,0.39107597,3.12354
-3.0411277,0.15580533,-1.4728005,-2.7704446,-0.0059318612,-8.349847,-10.681897,2.6971323,-4.314496,-1.9044033,1.1244413,-0.37577847,-1.3153998,9.693181,-7.3878074,-0.37737292,-2.1383612,-0.20789018,0.26760286,-0.5510395,20.33763,0.54900426,-1.7395142,-7.774146,-4.806265,-0.18761101,-0.13413796,0.20401907,-1.0306168,-0.28393716,0.06356852,-0.73762065,-1.4444172,-8.355979,1.4133288,-2.179438,14.491777,0.45492387,0.9714056,2.8311872,-2.6141639,-0.37865368,0.57439435,1.2767037,2.7447164,0.32326746,0.01260024
-2.4135828,0.39315796,-1.6781738,-2.701903,-0.08802233,-7.183748,-12.941347,0.10804904,-4.104646,-1.4416997,1.1108385,-2.4852402,-2.320678,17.522804,-6.311154,-0.29822132,-2.4315166,-0.41153917,0.23603079,-0.46339077,23.450476,-0.15935583,-1.5908293,-7.454457,-2.783539,-0.12987679,-0.33846992,-0.09442664,-0.80662924,0.31141308,0.45156726,-0.6372868,-1.5131811,-7.56068,1.903145,-1.3336382,12.65376,0.42529616,0.87054443,4.1248775,-2.3118403,0.10780911,0.44078198,1.4165416,3.9512165,0.38819355,7.881971
-3.4326303,-0.22826524,-1.8023604,0.37584317,-0.18758579,-9.785509,-11.071394,5.038797,-4.691437,-1.149023,0.9393136,-0.90764153,-1.4584217,11.765405,-6.084348,-0.39261392,-2.7298706,-0.18515036,0.41307944,-0.3033475,1.5346745,-0.89422923,-1.6722056,-8.610349,-5.230745,-0.2902991,-0.079725266,-0.16550922,-1.0488762,-0.76345307,-0.029136596,-0.6086254,-1.3216393,-8.278755,1.549237,-1.6287067,14.066471,0.18338257,-1.6476496,2.8081279,-2.5549777,-0.3473087,0.33968306,1.6662946,5.9156156,0.25054914,16.73804
0.15125947,-0.81094855,-0.8859569,-0.66696215,-0.07877188,-5.3562284,-8.428824,4.345154,-2.0483685,-1.0688012,0.94646436,0.035234217,-0.30399808,12.468246,-5.6023526,0.031697467,-2.146495,-0.3429074,1.7886736,-0.7933352,1.0526108,0.24821132,-1.7969314,-12.252889,-3.9041345,-0.36697254,0.0777115,-0.074006215,-1.0121584,-0.027729344,-0.056849074,-0.7845772,-1.840839,-9.039388,1.8080107,-1.5882816,-6.105358,-0.59714377,0.8785132,2.1939003,-2.4097373,-1.5376978,0.3974703,3.0148234,5.8177176,0.21045522,19.755692
2.7533534,-1.0675241,-2.4190264,0.45119008,-1.05904,-3.3622165,-9.210104,3.5238404,-4.6888237,-2.2289248,0.65468884,-1.4409338,-0.87720686,10.132148,-7.0757127,0.15208377,-2.3999927,-0.1370848,0.6022609,-1.4035159,0.9838913,0.48094058,-2.2546177,-14.921903,-3.8867462,-0.42461324,-0.40773678,0.050541174,-1.412504,-0.7450183,-0.21855828,-1.4411056,-2.2786255,-8.485606,1.0336334,-2.2369695,12.607399,-0.51164365,2.6301637,2.2213163,-1.6097711,-1.3869042,0.0966083,2.7253256,6.0119424,0.18804915,16.316252
1.9821805,-1.1827235,-2.0972843,0.69332,-1.2015799,-4.256939,-10.371942,4.1537905,-2.6916983,-1.0178756,0.60006666,-0.9423514,-1.1368856,11.868888,-6.8962164,0.17005768,-2.1337059,-0.16517228,0.6017925,-0.79135704,0.6361197,0.46581277,-2.428679,-11.4071245,-5.7301874,-0.41446358,-0.82612365,-0.5265446,-1.0272617,-1.1675023,-0.48548618,-1.4808226,-1.3840235,-9.784509,1.3517175,-1.9726536,12.244106,-0.4110157,-1.140655,3.1990085,-3.9226663,-0.6123456,-0.10797954,3.5064383,5.481387,0.21251379,16.643412
3.0429046,-0.6338623,-2.3069386,0.9415653,-1.0687933,1.087973,-9.324692,4.083017,-4.8827877,-1.4547389,0.9649267,-1.1471428,-1.3390402,-6.8601007,-5.3222218,-1.6878731,-1.9502057,-0.02994716,1.0246601,-1.5619259,1.5478994,0.44338855,-2.0226793,-15.132022,-3.0226374,-0.29769373,-0.36319908,-0.6777235,-3.7548118,-1.3555924,-0.037186965,-1.6119467,-2.860102,-5.2445645,1.4363313,-0.67789,15.287685,-0.06729769,1.3329967,6.048468,-1.9434168,-2.8506553,0.18996476,4.9315023,5.0898986,0.17274171,17.046926
-5.720195,-0.09737722,-1.845468,-0.6708602,-0.55696446,-9.110024,-13.26967,3.0970018,-1.827707,-0.93619907,0.56936413,-1.6781032,-1.1701088,-8.568106,-6.473665,-0.48088068,-1.2348627,-0.012606288,0.089431554,-0.30979124,19.749851,-0.759991,-1.3540189,17.970062,-4.424118,-0.63708377,-0.10532056,-0.02756398,-0.9120921,-1.26363,0.0770469,-2.2626634,-1.5348291,-7.607646,1.0780542,-2.5847058,13.95394,-0.6797477,1.2392477,10.652943,0.17799939,2.0188625,0.44809955,-1.4719722,4.3099656,0.21914473,2.6654575
-3.0302737,-0.062477764,-1.8466829,-1.307055,0.3491457,-3.8228338,-22.430069,4.6263213,-3.2903643,-1.6088701,1.0405256,0.84410787,1.5977614,-10.822775,-1.3278061,0.20546846,-0.41255724,0.06935507,2.005462,-0.24183436,2.6735983,-0.14198254,-1.5689536,-12.2883835,3.6678305,-0.27293238,-0.01686124,-0.09837758,-0.7608009,-0.82259595,0.6465774,-1.1544771,-1.7628572,-4.355354,1.5466635,1.7958308,-0.9078178,-1.9095895,4.3030386,8.097218,-0.29963556,1.0536085,-0.055529136,4.3951745,4.175221,0.25840467,17.729223
-5.741721,0.07170813,1.4645389,-1.5763311,-0.35160393,-13.118445,-15.154939,-0.14938463,-2.4606228,-1.0068204,0.7195084,-0.82376516,0.74509585,25.728298,5.5529284,-0.06598629,1.3206549,-0.49477458,-0.047970787,-1.741183,19.174362,-0.84457624,-0.6275872,30.436594,-2.9261634,-0.30264267,-0.002509478,-0.26360297,-0.7743119,1.3176534,0.2850924,-0.59885,-0.83822066,-8.346663,0.6019063,0.43347389,15.013704,1.6775682,1.2423104,3.9722602,-2.1298897,4.326465,0.15120247,0.953274,7.123669,-0.030430397,13.859079
-1.4065855,-0.280479,-0.4291715,-0.5875734,-0.2798166,-7.649284,-7.2745996,-1.4073881,-4.51599,-1.3034456,0.8328268,-0.5630658,-1.8711009,22.546108,0.86562854,-0.7465865,0.8248851,-0.08337633,0.7581699,-0.05726038,18.490517,-0.3215397,-1.5669303,25.277905,-2.3889718,0.2439203,0.1779056,-0.13699318,-0.62591976,-0.48946384,0.092866495,-0.9967844,-1.1125188,-4.0884495,1.7813954,-0.01860527,15.930021,-0.30219457,2.4893246,2.8973336,-1.8164601,3.4227288,0.35719198,1.7042333,7.2763624,0.29847997,12.097758
-1.3189121,-0.41181472,-0.5226405,-0.48151806,-0.22722703,-8.367389,-6.5851345,-1.1400635,-4.8054404,-1.2699499,0.80187327,-0.23410803,-2.2216637,25.719341,0.519933,-0.7503197,0.8253784,-0.119283296,0.7422472,-0.1187039,18.498539,-0.31403416,-1.739448,26.110605,-2.2254121,0.22676869,0.19072922,-0.2690054,-0.492755,-0.5273705,0.21544449,-0.92048067,-0.99532586,-4.6513114,2.045664,-0.22617887,15.710204,-0.35752648,-1.8152231,3.0181656,-1.9532729,4.3803844,0.54316247,1.5354913,7.396883,0.3271862,12.120233
-1.7200288,-0.58167946,-0.46787548,-0.3926193,-0.47982377,-8.580699,-8.4015665,-7.670723,-2.6482446,-1.2586073,0.67771864,-0.5229752,-1.6428307,28.384611,1.2651982,-0.7904656,-0.24916111,-0.13934453,0.7431552,0.22178745,22.162558,-0.9007556,-1.1181448,24.897139,-1.7411573,0.22219892,0.08056817,-0.13728161,-0.042105243,-2.0257924,0.3723082,-1.3396775,-1.6988642,-4.982982,1.7649634,3.6018174,15.702036,-0.41659322,-0.6653711,4.230612,-1.6547483,3.4301443,0.40629703,1.4838829,6.601363,0.054213908,12.073024
-1.4198142,-0.32406536,-0.5859997,-0.115598604,-0.5907292,-8.403827,-8.914755,-0.40376863,-5.125188,-1.1634588,0.76137614,-0.61570364,-2.3152826,23.843037,0.318778,-0.7940843,0.762306,-0.0938022,0.72320014,-0.17413428,18.617928,-0.37911847,-1.6141639,25.70007,-1.3463618,0.2747099,0.11445028,-0.28371903,-0.49073502,-0.5117164,0.15095185,-1.0034525,-0.97733223,-4.7846503,2.075182,-0.108690366,15.626351,-0.55208004,1.4096678,4.386336,-1.4489392,3.2978134,0.51908726,1.6063472,7.377025,0.2609093,12.458789
-0.58868253,-0.79501134,-0.565873,-1.1054127,-0.64931023,-7.5105314,-5.9848676,-1.0406988,-4.7798934,-1.0677558,0.8160353,-0.6073728,-1.8758324,22.575375,0.37512589,-0.86723614,0.78030866,-0.094437815,0.75088155,0.09615564,18.587488,-0.3610116,-1.443647,24.46599,-2.2785847,0.35777447,0.17760396,-0.21319312,-0.38903573,-0.6408763,-0.0025320873,-1.3484694,-1.20395,-4.6383443,1.7739531,0.30014694,15.559041,-0.37808514,2.6443117,3.9551475,-1.5486659,2.6760578,0.3834641,1.7915015,8.376689,0.19466911,11.720144
-2.408633,-0.46458393,1.4079885,-0.15899333,-0.17412503,-10.843597,-8.1880455,-0.8469716,-4.1881332,-0.90446895,0.8455209,-1.1981933,-1.5969381,32.989437,4.8080645,-0.25340557,1.2769527,-0.15094543,0.2974572,-0.7377553,21.203762,-0.71719927,-3.3325157,26.011353,-2.0856788,-0.19389617,-0.12606826,-0.18526408,0.039463222,-1.2588105,0.28405625,-0.97337955,-1.0526392,-8.460273,1.8790056,-0.014767042,13.5968485,-0.73774827,-1.6750847,2.7185655,-2.3221176,2.2645543,0.60821795,1.5938058,8.924547,0.06456226,14.69772
-1.3156962,-0.31577605,-0.5815563,-0.45601028,-0.23139276,-8.260547,-6.524999,-0.9176895,-4.7076077,-1.0558121,0.8065808,-0.3702596,-2.305288,21.447594,0.3391976,-0.81291425,0.8128474,-0.11623103,0.74860865,-0.14542592,18.589676,-0.34204525,-1.6474557,25.443626,-2.3009212,0.27637327,0.19672082,-0.28630775,-0.49493355,-0.5735324,0.17127949,-1.0251747,-1.042799,-4.708336,1.7652231,-0.28956318,15.733061,-0.24522847,2.5759468,3.9526923,-1.4409618,3.36081,0.52554446,1.6353309,7.52497,0.31499305,12.427054
-1.3156962,-0.31577605,-0.5815563,-0.45601028,-0.23139276,-8.260547,-6.524999,-0.9176895,-4.7076077,-1.0558121,0.8065808,-0.3702596,-2.305288,21.447594,0.3391976,-0.81291425,0.8128474,-0.11623103,0.74860865,-0.14542592,18.589676,-0.34204525,-1.6474557,25.443626,-2.3009212,0.27637327,0.19672082,-0.28630775,-0.49493355,-0.5735324,0.17127949,-1.0251747,-1.042799,-4.708336,1.7652231,-0.28956318,15.733061,-0.24522847,2.5759468,3.9526923,-1.4409618,3.36081,0.52554446,1.6353309,7.52497,0.31499305,12.427054
-1.3156962,-0.31577605,-0.5815563,-0.45601028,-0.23139276,-8.260547,-6.524999,-0.9176895,-4.7076077,-1.0558121,0.8065808,-0.3702596,-2.305288,21.447594,0.3391976,-0.81291425,0.8128474,-0.11623103,0.74860865,-0.14542592,18.589676,-0.34204525,-1.6474557,25.443626,-2.3009212,0.27637327,0.19672082,-0.28630775,-0.49493355,-0.5735324,0.17127949,-1.0251747,-1.042799,-4.708336,1.7652231,-0.28956318,15.733061,-0.24522847,2.5759468,3.9526923,-1.4409618,3.36081,0.52554446,1.6353309,7.52497,0.31499305,12.427054
-1.3156962,-0.31577605,-0.5815563,-0.45601028,-0.23139276,-8.260547,-6.524999,-0.9176895,-4.7076077,-1.0558121,0.8065808,-0.3702596,-2.305288,21.447594,0.3391976,-0.81291425,0.8128474,-0.11623103,0.74860865,-0.14542592,18.589676,-0.34204525,-1.6474557,25.443626,-2.3009212,0.27637327,0.19672082,-0.28630775,-0.49493355,-0.5735324,0.17127949,-1.0251747,-1.042799,-4.708336,1.7652231,-0.28956318,15.733061,-0.24522847,2.5759468,3.9526923,-1.4409618,3.36081,0.52554446,1.6353309,7.52497,0.31499305,12.427054
-5.821936,-0.85029763,0.952737,-1.4718409,-0.6022372,-12.318839,-16.822504,1.1176405,-5.739629,-1.0194961,0.628256,-1.2037067,1.4582977,30.200502,-2.1016953,-1.7802374,-0.30461845,-0.40315866,-0.029102715,0.680199,18.079435,-3.2372935,-0.679312,31.021545,-3.578307,-0.6851752,-0.11643195,-1.3167208,-0.438516,4.5637465,0.3242879,-0.9040862,-1.1464546,-11.012499,-0.5357257,-0.071544245,16.829037,-0.6872013,8.207633,15.994322,-2.0391514,4.439464,-0.8500045,0.24096462,6.642151,-0.01658827,12.209323
-7.7555194,-0.16048902,0.95489717,-1.3518229,-0.48002875,-11.046981,-11.8708725,0.84835774,-4.6840377,-0.9090247,0.9345796,-0.350147,-2.6714277,30.149366,3.1840277,-0.2274632,1.5971628,-0.04918404,0.12904835,-0.52671856,19.160234,-0.676914,-1.4392532,27.852127,-1.9935875,0.06381501,-0.32965285,-0.22961092,-0.5425761,0.77385515,0.09105294,2.4986537,-0.9831413,-5.537734,1.2588063,0.3099674,14.68875,-0.9791943,-0.55308366,3.0325902,-1.8350422,3.9293525,0.53937155,1.1269828,7.8481584,0.097179085,12.081723
-6.397366,-0.14081553,-0.7879657,-1.5039263,0.62233454,-11.2305,-14.039594,0.041686147,-4.3709345,-0.8722882,0.8816824,-0.5482185,-2.088921,31.73624,1.8276194,-0.19504945,0.4458394,-0.041048445,0.252043,0.19026788,19.752216,-0.582796,-0.32502997,28.140089,-1.9114043,0.33576053,-0.35207003,-0.13922007,-0.568893,0.68047523,0.12074858,2.6633384,-0.7462186,-6.6928835,1.5113593,-0.122481875,14.499723,-0.91393435,-0.5724345,3.1810012,-1.6583549,4.095877,0.38319635,1.0942034,8.283262,0.08400761,11.704976
-6.7510037,-0.09716773,-0.21312694,-1.1538911,0.2881253,-11.776149,-14.568355,1.04633,-4.3980994,-0.73114884,0.9265568,-0.46594036,-0.34648007,26.61091,4.0184374,-0.36377266,0.7405058,-0.17959762,0.27507922,0.3061553,18.68394,-0.65307146,-1.6493744,30.700817,-1.0339445,0.3082484,-0.27740046,-0.22161278,-0.69450885,1.1533029,-0.10240588,2.030367,-0.98889786,-6.683877,1.9836838,0.4105306,14.005388,-0.50847405,-0.70505965,4.845889,-2.22633,4.5494175,0.24045229,1.0889833,5.7712984,0.033619814,12.656642
-4.8035474,-0.14279789,-0.43898514,-0.23265572,-0.2204589,-11.065778,-8.138745,1.8931488,-4.184884,-1.0372634,0.8781843,-0.09845702,-2.7524862,27.473955,5.933105,-0.044485133,1.6695434,-0.119814955,0.2207889,-0.51854414,20.051476,-0.80914056,-3.1830666,26.489305,-1.7903906,0.34580153,-0.30468863,0.015526457,-0.6251695,-0.18822224,0.13047437,0.19544226,-0.8771429,-5.2103033,1.6083193,-2.165083,14.217346,-0.6252305,-2.9449067,3.8458295,-2.185727,4.5313754,0.32812932,1.4515862,7.727468,0.10158288,12.474302
-8.195949,-0.21685071,0.9370526,-0.64789903,-0.41780326,-12.023816,-8.586406,-0.07397224,-4.934128,-0.7790229,0.9087787,-0.6523678,-2.7832308,28.492098,3.809079,-0.8350614,1.1214246,-0.113742016,-0.0061439243,-0.1833991,19.888153,-0.8176264,-2.969421,27.239674,-1.4178977,-0.009518755,-0.21483406,0.3153511,-1.271529,2.9067955,-0.18756211,2.3805223,-0.7432568,-6.8045115,1.8143408,-0.058583897,13.788513,-0.45340607,-2.2459984,7.648363,-1.8951511,3.9064853,0.09254455,1.2226402,6.1031017,0.060033936,12.75668
0.4439344,-0.3834128,-1.5018463,-0.64223504,0.7608998,-11.500594,-5.6839805,2.4930556,-6.7389116,-1.1214724,0.6828426,-0.55918884,-1.1776214,25.901863,-3.7275403,-0.24503374,0.8087007,-0.104661174,0.6548769,-0.40565667,1.5109878,-0.029528271,-1.6661841,26.479753,12.04061,0.17289463,-0.49918482,0.15213962,-0.117161244,-0.2545899,-0.054084767,-0.95623237,-0.8314491,-3.855579,3.3937995,-1.0769846,17.252375,-0.44601852,-2.9888136,4.9955707,-1.5977275,1.7605904,0.16079754,2.5790389,9.835925,0.5332341,11.351769
-2.2868726,-0.6580735,-1.71026,1.1622225,0.5601705,-12.401241,-6.5368686,-9.714921,-3.4573085,-0.7235036,0.5971914,0.8563333,-1.5032245,26.069496,-1.2489101,-0.27002224,0.9146853,-0.13172203,0.7297973,-0.123977624,1.410885,0.21096428,-1.1102369,27.156643,11.717752,0.20994112,1.1339688,0.15447448,-0.20727281,0.161634,-0.044665087,-0.1604983,-0.8002044,-5.92211,1.9116609,-0.90160596,17.080677,-0.24789529,-1.461709,6.0137777,-2.1153774,2.0045996,0.2505295,2.4222095,14.825407,0.03493008,10.867457
-1.9505311,-0.774178,-1.8400624,1.2231448,-0.009898186,3.8005266,-6.7451878,-9.283303,-5.2558646,-0.29946557,0.19570115,-0.29278,-0.3566914,20.22091,-2.3904245,0.003433626,-0.7084549,0.057033803,-1.3486112,-1.7124923,0.20822641,0.2359932,-2.8199823,31.535532,17.1881,-0.060795218,0.51291615,0.026330223,-0.9750834,0.0683162,0.10719139,-1.6521571,-1.3844644,-6.4669666,3.3220687,-2.5066593,18.94437,-0.5053802,-1.390994,6.6122,-1.2103021,0.5462675,0.5288359,2.5556514,14.87513,0.33798134,13.138831
-2.516871,-0.56864625,-1.7373614,1.583205,0.19476187,1.5472984,-9.02522,1.8802148,-4.454978,-1.335222,0.33285853,-0.17853417,-0.8597345,27.359177,-6.008723,0.48617917,-2.1494787,0.0537369,-1.0417429,0.093451396,-2.2939832,0.25548217,-2.329734,27.751059,19.033522,-0.13258766,0.07336867,0.02519782,-0.98649037,0.24847487,-0.23342054,-1.6574693,-1.3432195,-6.4486003,1.7180176,-1.2741156,14.032494,-0.7459647,-1.4816431,3.929834,-2.454313,-0.73819435,0.5445126,2.584331,11.113419,0.24949847,12.670195
2.398987,-0.39930633,-2.9752803,3.3372204,-2.659215,14.328472,16.405762,-9.36385,-5.115027,0.12023986,0.91778964,0.05172001,-0.66516894,-8.810876,-3.439802,0.18693085,0.21965294,0.87214357,-0.23839627,2.9698055,-3.12323,1.0094264,-1.004234,28.11185,21.330036,1.2172263,-0.44307768,-0.13441497,0.9360374,1.5683509,0.11116677,-4.0242515,-1.8400071,-1.9409417,0.9500398,-2.4367554,14.566927,-0.43467233,-1.7453512,7.214284,-0.34238166,-2.3613713,1.110759,4.4092646,18.527613,-0.6418343,12.503045
2.5569015,-0.7178592,-1.4902582,-2.4891145,-0.5761257,-11.819423,-10.680305,1.856386,-4.0962896,-0.8559852,0.46247578,-1.623519,-1.7823071,-4.8484435,-6.01507,-0.5250274,-1.3139205,0.019011874,0.24098362,0.21523991,21.346537,-0.122406945,-1.9736623,17.421259,-2.310798,-0.738268,-0.026903534,-0.3907355,-0.18824983,-0.6497271,0.10130889,-2.7433603,-2.166226,-7.5093937,1.7788979,-2.9961033,8.35524,2.2071602,0.91007626,8.207377,-2.2101352,-1.236817,0.15647964,1.794093,5.212502,0.23433857,16.945446
-2.9953423,-0.14165968,-0.21613213,-2.0426733,0.020890027,-14.183318,-11.992874,2.5340993,-5.3488584,-0.9927486,0.73032856,-1.3798552,-2.4970489,7.458492,-7.819964,-0.62131333,-1.8805146,0.08628534,-0.8524286,0.5195688,19.70234,-0.3986528,-1.2470208,15.983945,-2.4738076,-0.32909262,0.29863012,-0.125206,0.09879492,0.1343444,0.301815,-1.004595,-1.2877163,-8.602678,1.369584,-2.6283774,9.270672,1.3535815,-0.35264912,4.031511,-1.8138986,-0.4499696,-1.1217782,1.904108,5.1983533,-0.40235952,15.944578
-2.8861406,-0.09188376,-0.6450342,-2.209246,-0.06080639,-14.408098,-13.728551,2.5909424,-5.3950195,-0.6331687,0.765428,-1.1700374,-1.4070663,5.129814,-6.4622946,-0.46753013,-1.2267523,-0.08247204,-0.56657183,0.27710813,20.697437,-0.5096176,-0.50079894,19.215664,-2.584116,-0.4580611,0.4358333,-0.30129734,0.21993475,0.21303189,0.21236275,-0.957288,-1.3013965,-9.045882,1.1657275,-2.2814193,9.760184,1.1335119,-1.7577869,3.9787664,-1.936705,-0.4743591,0.056446098,2.015385,5.381352,0.25386894,15.497384
-0.95588326,-0.06028883,-1.0763886,-2.4301667,-0.47786766,-7.8000436,-14.836923,4.318183,-1.3822579,-0.80685896,0.86986315,-1.2641793,-1.4150922,-2.61578,-5.7509227,-0.19389886,-1.59416,-0.15975296,-2.2352557,0.76624316,25.303127,-0.12337137,-0.38075623,-8.694038,-3.4107785,-0.5546721,-0.20306422,-0.13388117,0.25604808,-1.0426227,0.21439077,-0.541171,-1.1785023,-7.0146785,1.2066054,-2.5040112,10.268379,3.2370286,-3.9551249,9.786402,-2.0500703,-0.46489626,-0.4554576,2.434589,5.419023,-0.5029708,18.000082
-2.9961896,-0.026226452,-0.7007635,-1.3563995,-0.22478767,-12.506439,-11.342439,1.2971703,-2.8501828,-1.0422267,0.86222273,-1.3322449,-1.3540255,-5.2925053,-8.191521,-0.32006893,-0.9077726,-0.05083487,-0.41744056,0.38070777,22.34569,-0.39629304,-1.7395637,18.918177,-2.6876779,-0.5570422,-0.022320203,-0.2725261,0.139288,-0.91654,0.3326932,-1.0466001,-1.0161842,-7.69318,1.4909672,-2.79794,10.051759,1.9681945,-2.6770928,8.952165,-1.4457964,-0.8425762,0.07132252,2.140327,5.3854527,-0.45926866,16.867077
-2.1180773,-0.12731466,-0.5280459,-1.6753794,-0.21558222,-13.654956,-13.4769535,2.8666086,-3.6409225,-0.9691028,0.65164834,-1.1386214,-2.1342945,5.164127,-7.1481104,-0.40583628,-1.1786959,-0.7100797,-0.7532541,0.0017455227,21.017435,-0.1649895,-0.5542338,16.026493,-3.8735237,-0.7784036,0.0007719963,-0.174369,-0.35725108,-0.08515367,0.2062039,-0.7862983,-0.6909555,-9.207908,1.734722,-2.4245646,10.010163,0.4645313,-2.9160743,3.8438077,-1.6967465,-0.997817,0.29387283,1.5289683,5.418019,0.29977047,13.794782
-5.862529,0.032989204,-0.97320104,-1.6147029,-0.14532757,-11.881355,-11.58886,3.7592824,-2.3513792,-1.1679375,0.99486417,-0.7718804,-1.3441241,-5.570816,-6.0872226,-0.030251678,-1.6680319,-0.13935933,-0.5015756,0.588416,24.302166,0.49813524,-1.7785023,16.202038,-2.6763752,-0.5193807,0.14744665,-0.03163139,0.5961956,0.675458,0.39472443,-3.845861,-0.9902322,-6.724308,2.0835724,-2.697869,9.682395,2.058921,-3.3212786,9.01189,-0.6229257,-1.0617663,-0.8126038,-0.9919805,5.322457,0.29635727,16.49218
-2.8020058,-0.23176171,-0.49220031,-1.7286314,-0.081509866,-12.223963,-10.205145,2.0751662,-2.4426904,-0.87072307,1.0463455,-1.4390779,-1.5075129,-5.896769,-6.3523903,-0.42559764,-1.784912,-0.17813084,-0.94674975,0.380497,22.219099,0.2571783,-1.9136226,15.747497,-2.6820402,-0.5468786,0.011808057,-0.35203928,0.37827784,-0.7451411,0.06817618,-1.0094283,-1.1165826,-7.444436,2.0245254,-2.913135,9.188484,1.8927174,-1.5665762,9.22801,-2.0201151,-1.1040231,-1.0213606,2.006646,5.3173985,0.3137221,16.581335
-5.1701083,0.36164057,-0.4747656,-1.5997442,-0.10754034,-13.993361,-9.936299,2.0209816,-4.3457394,-0.9403641,0.22709042,-0.77140903,-2.126096,-6.0617065,-6.874833,-0.41528028,-0.91663516,0.17763674,-0.41639462,0.60275185,22.078375,-0.094772354,-0.98697996,15.287206,-2.3518536,-0.9370973,-0.7565473,-0.33622208,-0.14015424,0.6206268,0.33709583,-0.83427674,-0.481699,-6.814294,1.8128567,-3.3141825,10.476403,2.0072308,-2.129903,9.165594,-1.5130544,4.4728117,0.35215122,1.8214955,5.4292345,0.12516692,13.182051
-4.124106,0.19622882,-1.2968808,-2.7580938,-0.113974884,-17.750637,-15.104565,0.47416598,-1.3517176,-0.49996936,-1.8013387,-2.9710996,-2.5066435,9.927476,-7.7948804,-0.2752439,-2.4785252,-0.08960781,-1.125753,0.1007746,20.08921,0.24033776,2.5262353,12.366635,-3.0762126,-0.67621166,0.33991784,-0.21674721,-0.122971036,-1.4198667,0.20019163,-0.8909835,-1.3701999,-7.700007,0.44596857,-2.0244272,10.683967,0.791037,-3.1029286,4.5926633,-2.4607327,-0.59340787,-1.9055133,1.3269321,5.7885156,-0.4950493,15.360872
1.0817523,-0.27257428,-0.00011100604,0.14041084,-1.0447116,3.5854044,0.14781548,-7.513003,-6.5381155,-0.9744417,-0.47102624,0.011150005,2.9118314,-13.826689,-1.8593925,0.08684591,0.06679082,0.42032924,0.03341469,-0.60077846,-2.697791,0.93387413,-1.6748126,-18.733467,3.8224168,0.05722853,-0.57758754,-0.32457623,-0.2639928,-0.5372863,0.26619884,-0.8162239,2.273153,-0.8099331,-0.63168347,-0.11169624,-6.582119,-0.3930679,-1.0926641,-3.6911497,-0.41143322,-1.3477297,-0.36716744,-2.3453758,-7.574382,-1.0330324,-15.269072
1.14641,-0.21405195,0.26489368,0.62181926,-1.1408503,4.9287744,2.862866,-7.202557,-9.098404,-0.9016797,-0.59423256,0.021182036,3.6941693,-16.738024,-1.6412741,1.1500996,0.11950273,0.5197643,-0.13525449,0.03932737,-4.5801973,0.42065138,-1.3843235,-19.396322,5.156077,0.22780097,-0.17656957,-0.01828985,-0.14405875,-0.35701776,0.28447008,-0.25543702,2.014327,1.6285806,-0.4820993,-0.0029118892,-8.298598,-0.3733903,-0.84662414,-4.391998,-0.16840918,-0.6986069,-0.35343212,-3.1423948,-7.9274673,-1.0563767,-17.410686
2.099704,-0.21637577,0.24145442,0.66784346,-1.1299309,4.9605813,1.2087682,-6.9001546,-9.693961,-0.9645289,-0.71726805,0.010707813,3.684548,-16.791313,-1.4422721,1.1639469,0.041332424,0.5544049,-0.1346034,0.047342848,-3.653035,0.42258906,-1.4150487,-19.353636,5.865343,0.20156293,-0.14123201,-0.035915077,0.038894035,-0.677056,-0.07432914,-0.28118777,1.9109919,1.6321546,-0.32825267,0.013821551,-7.205173,-0.34791988,-0.70662385,-4.04374,-0.18168572,-0.6565994,-0.36029202,-3.1843853,-9.794571,-1.1390367,-17.315832
1.450232,-0.1307886,-1.2835785,0.18094186,-0.7876469,1.6379634,-3.0700917,-7.2502522,-2.3536062,-1.0199581,-0.44341326,-0.083790794,0.44213977,-11.666359,-2.000965,0.0058044028,0.2015123,0.1690438,0.003316206,-0.22049074,-3.6366167,0.62680113,-1.9116307,-17.515295,-2.5200686,-0.106332585,-0.1747001,-0.057600193,0.036156025,-0.6194047,-0.32005063,-1.6208481,-1.8947948,-2.1288803,-1.0452265,-0.42072552,-5.637354,-0.23493803,-0.74861354,-4.0388317,-0.57383114,-1.3297439,-0.35033178,-2.9653845,-5.1076193,-1.3043684,-13.1569605
1.1882726,-0.13485073,-1.4071777,0.16336183,-0.83854276,1.7954518,-3.0799406,-7.278937,-2.1256278,-0.79604834,-0.32923126,-0.16344506,0.81619287,-12.672571,-2.0576205,0.044827532,0.17750134,0.13311411,0.006842228,-0.38885447,-3.6423085,0.34365863,-1.9262444,-17.320595,-2.127111,-0.05554226,-0.23650579,-0.06364035,0.010286599,-0.7137075,-0.22175492,-1.5583202,-2.4816494,-2.854274,-1.6536813,-0.12685809,-5.802176,-0.21100326,-0.82510304,-4.466955,-0.54009116,-1.2788365,-0.34826064,-2.584535,-4.919646,-1.5616605,-12.999772
1.1772767,-0.16309103,-0.40221453,0.34607494,-1.3030295,3.0300605,0.23886614,-10.58648,-3.424499,-0.6423522,-0.46735075,-0.06465438,1.9261149,-13.018329,-1.750696,0.48106015,0.037684094,0.41344503,-0.17403011,0.115278564,-4.452896,0.09743754,-1.0681485,-19.731602,-1.9536011,-0.19052784,-0.64619917,-0.06938717,0.19425331,-0.5007385,-0.03379231,-1.4908465,-0.95908916,-1.4209373,-1.4084103,0.7040624,-6.81393,-0.21329384,-1.0307932,-3.4710462,-0.40519676,-1.2215856,-0.3690742,-2.896201,-5.1771145,-1.6493058,-14.181783
1.1998209,-0.15170558,-4.5088043,-0.53003097,-0.5777454,0.8227951,-5.4522753,-7.5861077,-5.5007334,-0.83967,-0.34679723,-0.46224496,-0.689143,-12.033132,-2.8151014,0.013367746,0.45612928,0.1502271,0.058783602,-0.4537544,0.42331302,0.4865897,-2.015922,-14.004289,-1.443196,-0.045157462,-0.36846197,-0.13067219,-0.11086546,-0.5407484,0.6167989,-1.448118,-1.7853807,-4.8497734,-0.84186405,-0.35486776,-6.0224495,-0.047068406,-0.39525113,-4.1283627,-0.7488083,-0.9435457,-0.9772611,-2.0985565,-4.1527777,-0.5170082,-9.022199
1.462232,-0.12717292,-1.3408548,-0.39896312,-0.56289065,2.222717,-4.7776666,-7.4093194,-5.4613876,-1.1748198,0.1663855,-0.45525685,0.29617712,-13.087768,-2.4967551,-0.1503971,0.26184997,0.09094157,0.0013323341,-0.39280838,-2.7417867,0.37757233,-1.9554682,-16.857563,-1.4483312,-0.25671268,-0.31838274,-0.11847381,-0.17597833,-0.5408956,-0.31408522,-1.1862751,-1.3438594,-3.074064,-0.7044112,-0.049192633,-6.2811995,-0.1544131,-0.77838993,-2.3088431,-0.92663735,-1.0429535,-0.33916515,-1.716693,-4.198049,-1.0858854,-11.910551
1.38301,-0.2532929,-0.55222464,0.28637198,-0.40447146,3.476444,-3.955372,-7.530215,-0.8116574,-0.8037927,0.16106632,-0.115843564,1.2805004,-13.15056,-2.625146,0.026747582,0.46026176,0.4067428,0.011625795,-0.3304618,-3.6071048,0.3068585,-0.08932107,-17.432434,-1.369989,-0.20139484,-0.25546005,-0.025989642,-0.04480771,-0.51244956,0.36123592,-0.9963811,-1.3744657,-3.0028021,-2.525513,-0.3283531,-6.4174104,-0.82624066,-0.78384894,-4.088281,-0.61718154,-1.1548318,-0.19387452,-2.334738,-4.275868,-0.9505199,-11.328378
1.4278737,-0.1252292,-1.1449019,0.24831137,-0.25752297,3.4934673,-3.4462025,-8.556019,-2.5382926,-0.98104733,-0.51384956,-0.0789905,1.7218065,-13.613323,-1.6758144,0.4163714,0.22204477,0.39116678,-0.14359988,1.8322672,-3.9997346,0.16491717,-1.3485402,-19.086472,-2.5684009,-0.32371685,-0.28195393,-0.04288274,-0.05586576,-0.63961333,-0.008029694,-1.417512,-2.1872787,-2.6763294,-1.4921259,-0.6571762,-6.0306373,-0.54231167,-0.3073406,-4.136662,-0.4558292,-1.4497854,-0.42606342,-2.3334544,-4.0356956,-1.3678632,-13.875597
1.1051936,-0.24539335,-0.55392146,-0.7091703,-0.14647077,1.7011782,-3.4916854,-8.801816,-2.2159517,-0.9878617,-2.2607446,-0.21157356,1.0598749,-0.9296258,-1.9490848,0.9371226,-2.965021,0.76469666,-0.2805346,-0.56134045,-3.328861,0.3413413,-0.1551657,-16.431772,-2.242554,-0.43963522,-0.3734979,-0.07476919,-0.494032,-0.5699825,0.08940418,2.3475378,-1.209684,-4.7367864,-0.9642803,-0.8830813,-9.179177,-0.6344702,-1.1811919,-0.43350124,-2.2964036,-1.0455769,-1.1412615,-2.0798633,-3.9727333,-0.28553033,-13.472769
1.1234814,-0.22157514,-0.112023436,0.36998346,-1.0516568,3.9185617,0.15587632,-7.6066113,-7.084338,-0.64379466,-0.7093529,0.1192323,2.867434,-13.983946,-1.722705,0.07412911,0.0071059186,0.5737564,0.020414514,-0.35899916,-2.8400266,0.5010345,-1.5538543,-18.530727,4.1121535,0.22803183,-0.3414573,-0.072203144,-0.121227324,-0.3862956,0.22018191,0.42163962,2.646163,-0.5646299,-0.84612656,0.104721636,-7.0589604,-0.3126391,-1.1613351,-4.0859776,-0.376177,-1.3563609,-0.28208968,-2.8655684,-7.9169807,-1.1816822,-16.297935
1.0558665,-0.21268378,0.032859683,-0.028622422,-1.0274699,3.8326247,0.029797351,-7.3928604,-6.2902565,-0.6830618,-0.46130958,0.033236645,3.0305626,-13.988099,-1.8055565,0.030055571,0.04800458,0.59380436,-0.016095994,-0.6890268,-2.7165625,0.9226623,-1.7141874,-18.666388,3.6710975,0.1439702,-0.60176075,-0.07664263,0.057531815,-0.7161931,-0.08272591,-1.0998268,2.0080197,-0.7711866,-0.407342,-0.38191465,-7.519477,-0.39004403,-1.1365311,-4.086086,-0.35098672,-1.3562759,-0.28032026,-1.9201,-7.6501355,-0.3325511,-15.182656
2.1034174,-0.2120967,0.23909089,0.6664803,-1.1315002,4.9696674,1.1953061,-7.0877075,-9.6924515,-0.96303254,-0.71744895,0.009681647,3.6853886,-16.790623,-1.4428846,1.156146,0.041360952,0.6035852,-0.13717462,0.047761988,-3.652964,0.41437936,-1.2839013,-19.347376,5.658731,0.20088413,-0.14260024,-0.036685675,0.29953504,-0.7872741,-0.075538695,-0.27883652,1.8961464,1.6267533,-0.35237545,-0.0021825344,-7.1778173,-0.33877674,-0.7036607,-4.002416,-0.17746513,-0.60056424,-0.35961473,-3.2220948,-9.785994,-1.1390381,-17.278563
1.0636667,-0.22959283,0.2719655,0.6320636,-1.1372265,4.7157373,0.6505924,-6.720215,-9.626205,-1.0285679,-0.7298279,0.01719207,3.7223568,-16.794687,-1.6491908,1.146494,0.056641974,0.55464053,-0.12648574,0.0587881,-3.7023408,0.39125606,-1.4623817,-19.133501,5.096483,0.2029746,-0.20814164,-0.06980044,-0.07222657,-0.68102175,-0.07403502,-0.29667577,1.9124643,1.6517464,-0.3284474,0.180617,-7.067744,-0.33550435,-0.7170558,-4.041808,-0.17623894,-0.4480802,-0.3762937,-3.0069373,-8.181766,-1.13828,-16.812931
1.2367934,-0.23364778,0.22726786,0.63711417,-1.0788932,4.835838,1.1399072,-7.0338984,-9.352022,-0.94067174,-0.7201912,0.009446262,3.76046,-16.774252,-1.6416005,1.1757715,0.035579436,0.5973453,-0.12340223,0.021590717,-3.6699252,0.49189165,-1.2994251,-19.323925,5.0251255,0.2003609,-0.18634316,-0.18682395,0.21087779,-0.8773737,-0.123935185,-0.3193475,1.9042311,1.6770425,-0.33094233,-0.004497685,-7.116534,-0.33033377,-0.6891905,-4.0956554,-0.11438845,-0.6107633,-0.3712538,-3.2396696,-8.054683,-1.1407022,-17.416988
1.8408371,0.12723558,-1.7249466,2.7178047,-0.34266472,5.345158,2.345636,-5.6717687,-14.00652,-0.08430756,-2.123296,0.0038720695,3.3627236,-17.247625,-1.5286692,0.79364604,-1.5304514,0.058905475,0.07037873,1.6430943,-4.57522,-0.9828559,-0.55029434,-19.425825,2.9344966,0.19610214,1.119434,-0.18759966,0.3145561,-1.5805742,0.18509826,0.025957875,1.6811349,6.530841,0.019372845,0.13578218,-8.855168,-0.2913518,-1.4924574,-7.1103644,1.9503849,6.0863028,-1.3624456,-4.5767145,-9.447263,-1.1187681,-18.157387
1.999186,0.054188177,0.22332565,2.0780594,-1.0759087,7.2930775,1.9758897,-6.3092465,-10.325683,-0.20180765,-1.8872142,0.06704731,3.204641,-17.059496,-1.1866472,0.41700292,0.07301084,0.44116908,0.033963796,1.3469107,-5.3186626,0.0051002684,-0.8048348,-19.47684,5.38455,0.19713397,0.62562853,-0.008705171,0.22786875,-1.0157421,-0.08067798,-0.34308577,1.4577718,5.8787045,-0.2772662,0.14024307,-8.520907,-0.34770238,-0.9610888,-7.391189,0.19355987,-0.46984485,-0.9107751,-3.925009,-9.390835,-1.0448594,-18.710314
1.0700867,-0.2601423,-0.038940724,0.13792183,-1.0287298,3.5968406,0.09069723,-7.499634,-6.2796564,-0.83676326,-0.47935465,0.018148266,2.9271302,-13.785696,-1.8246374,0.08854149,0.05822618,0.4167984,0.06619354,-0.573236,-2.600789,0.91603035,-1.727674,-18.905867,3.8967543,0.08685016,-0.56979924,0.012311745,-0.30657893,-0.46744105,0.118611634,-0.010903619,1.9019542,-0.81305814,-0.6975896,-0.085637726,-6.9621253,-0.14760311,-1.1405126,-3.9915407,-0.38978022,-1.2083513,-0.29289722,-2.721791,-7.6262145,-1.0583583,-15.72687
2.099704,-0.21627457,0.24145442,0.6681752,-1.1282084,4.9605813,1.2087883,-6.900907,-9.693961,-0.96445185,-0.71731955,0.009983721,3.6849084,-16.790972,-1.4420241,1.1639469,0.041332424,0.5546376,-0.13455725,0.047863822,-3.6531973,0.42258906,-1.4151555,-19.353367,5.865346,0.20156293,-0.14179407,-0.035915077,0.040712737,-0.677056,-0.077375606,-0.28118777,1.9113743,1.6195211,-0.30012,0.014116599,-7.205173,-0.3454963,-0.70662385,-4.04374,-0.18168572,-0.6583028,-0.36027205,-3.1842752,-9.795058,-1.1391318,-17.315342
1.3655676,-0.15440625,-1.1128539,0.30865157,-0.91186965,3.5742676,-2.1867926,-6.843505,-5.9046984,-0.6395364,-0.3759605,0.1773421,2.664486,-12.907054,-2.4911866,0.11961235,0.31244642,0.27523053,0.017995974,-0.15981111,-0.39450088,0.83763087,-1.8069209,-19.229774,-0.5660291,-0.0062950044,-0.43953493,-0.078764044,-0.16598341,-0.03553759,0.22244117,-0.8404582,2.0933828,-1.8132721,-0.7287274,-0.0922891,-7.231949,-0.18989612,-0.94419074,-3.7446144,-0.48665988,-0.9675055,-0.49031466,-1.9856026,-4.7623324,-1.4346651,-13.948559
1.9461933,-0.11064007,0.34932074,1.1557013,-0.35142002,5.5714173,3.4768298,-5.727145,-13.524672,-0.2388179,-2.2340546,0.0039460505,2.3485718,-18.250889,-1.2327125,1.0722361,-1.3994074,0.23355074,-0.3206127,1.4893426,-4.641797,-1.0181,-1.2882296,-19.393732,7.18806,0.25211602,0.64878875,-0.022774747,0.06995698,-0.77668107,0.02847034,-1.0460025,0.947819,6.0207305,0.3846382,0.2865743,-8.269446,-0.3045668,-1.4564123,-7.3518333,0.6314071,-0.5390752,-0.3976809,-3.6560109,-9.3830805,-1.2675698,-15.621512
1.8732576,-0.076769866,0.5313011,0.49027398,-1.3046355,5.551013,2.361319,-6.6155868,-10.110506,-0.14988406,-1.0797881,0.10850638,2.6131651,-18.460857,-1.4554749,0.45960656,-1.6407312,0.61316943,-0.15629354,1.5139474,-3.8178566,-1.0311763,-1.4188883,-19.547934,4.936262,0.2549816,0.73679537,-0.003041693,-0.1655509,-0.76044583,-0.1009936,-1.2051061,1.139218,2.3688931,0.37397122,-0.09009576,-7.5330663,-0.3326637,-1.037073,-4.2631397,-0.4575264,-0.56553614,-0.37754947,-2.6644392,-9.225367,-1.1079743,-16.478033
1.8519372,-0.27357113,0.4512839,1.645888,-1.2214125,5.9826436,2.4523513,-6.7318,-9.602854,-0.86903477,-0.82452923,0.11067922,1.294963,-18.186943,-1.4005657,0.45336387,0.042920906,0.49540606,-0.074136354,1.6334126,-4.8794494,-0.82352376,-1.4244437,-19.835766,4.732236,0.2198765,0.62742233,0.005237637,-0.21008876,-0.6931055,-0.10310084,-1.0487357,1.947814,2.055243,-0.12098175,0.06069419,-8.409044,-0.3617225,-0.9324385,-4.7319036,2.627299,-0.6144211,-0.39780065,-2.7574632,-8.743495,-1.153998,-16.422552
1.938318,-0.28972057,0.5357514,0.51859,-1.2356778,4.7620716,0.77949405,-9.193397,-7.710761,-0.8029077,-0.40383792,0.25743774,2.453309,-13.481774,-1.371038,1.0578363,-1.2644048,0.52025145,-0.24132146,-0.6037584,-3.5534067,0.095929824,-1.4630132,-18.982239,4.160969,-0.070140034,-0.27827802,-0.020572742,-0.030556591,-0.33341283,0.20955415,-1.2946917,1.6017332,-0.25341758,0.2800086,0.014399613,-7.2660832,-0.26484987,-0.8646094,-4.424583,-0.23511608,-0.6611769,-0.40961534,-3.0159287,-8.276896,-0.96968603,-15.715947
2.1219823,-0.26467943,0.7663667,0.4716911,-1.2136824,4.9451723,1.5531472,-8.469734,-7.3451295,-0.5641564,-0.40903637,0.29053974,1.8537614,-15.005459,-1.2407194,1.1190199,-1.1617732,0.5747529,-0.05325679,-0.21292484,-3.1024904,-0.498393,-1.2375463,-19.366762,4.224711,0.28929257,-0.27722389,-0.028922819,0.1084105,-0.19769597,0.24920627,-1.0702295,1.7092315,-0.14801905,0.20985112,0.3390119,-7.2966614,-0.2189708,-0.68993795,-4.224458,-0.19729942,-0.6541385,-0.35435525,-2.5127747,-9.274622,-1.0229229,-16.9943
2.0899374,-0.27407408,0.632607,1.0574144,-1.2493134,4.368141,-0.3200055,-7.4777923,-7.9758763,-0.69059306,-0.66254824,0.18384752,2.8826036,-13.758811,-1.3574774,1.2252514,-0.011878444,0.54536366,-0.26615027,-0.22328663,-3.483599,0.45594773,-1.7592025,-18.981436,4.55209,-0.2740499,-0.16301852,-0.010051242,-0.12538208,-0.19558834,0.13868318,-0.45964134,2.3301196,-0.42945075,-0.38828817,-0.1804765,-7.8999906,-0.25742826,-0.7637014,-4.000028,-0.19850029,-1.4214808,-0.53974324,-2.0628972,-9.5918665,-1.1436317,-15.63306
2.0725625,-0.23739563,0.38489813,1.3089465,-1.1812046,4.8510385,1.297046,-8.715381,-8.168703,-0.91262007,-0.4924732,0.090969495,3.79194,-17.398027,-1.3253031,1.2643439,-0.03025681,0.6034812,-0.0006128543,-0.06492199,-3.4802,0.41793358,-1.327556,-18.84373,4.2605495,0.21129097,-0.4053031,-0.012120196,0.32626665,-0.37210783,-0.03142915,-0.2902767,2.0788167,1.5486137,-0.41841945,0.08405088,-7.911664,-0.29954478,-0.83936703,-4.056429,-0.5136566,-0.94484144,-0.38135743,-3.2772272,-9.123868,-1.0075369,-16.850603
2.1153326,0.040328767,0.5753367,1.8852301,-0.45593485,7.220225,3.5813947,-4.4881964,-10.920043,-0.16650179,-1.4642562,0.056283347,3.7330265,-19.65544,-1.8655487,1.0231622,-0.11738313,0.27648988,-0.17780273,0.26427433,-5.984444,0.055994462,-1.1980703,-19.68002,4.5690446,0.27546254,0.41233218,0.008713789,0.16222124,-0.8336195,-0.27960083,-0.97319156,2.2475932,1.5714473,0.24087285,0.3005111,-8.177437,-0.27437514,-1.002213,-5.142405,-1.8850995,-0.048650064,-0.35660708,-1.7499208,-9.224301,-1.1539809,-17.563805
1.9346006,-0.3097613,0.53673595,0.4289069,-1.1814184,4.301441,0.24557908,-7.0024137,-6.7451863,-1.4153297,-0.7156461,0.18478444,2.300157,-12.29218,-1.3898224,-0.51531845,-1.3145006,0.6010571,-0.29200763,0.12196839,-3.9713976,0.35599297,-1.0362811,-18.25554,4.4893165,0.21690325,-0.2552111,-0.011266216,-0.928671,-0.826735,0.001361318,-0.30831996,2.647999,-0.774348,-0.03767831,-0.079747766,-7.0710707,-0.24264744,-0.8073992,-5.5624537,-0.46621582,-0.021798376,-0.48134142,-3.14157,-9.2428,-1.1908804,-15.513048
2.4975417,-0.21687177,-0.88430566,-1.7323133,-0.055423394,9.171791,14.409122,1.8439552,-3.1472778,-0.878633,0.39909798,0.13685727,-0.8292605,25.926973,-2.1099393,-0.3996912,-1.476579,0.01147748,0.55549717,-1.9386722,6.352879,-0.47147974,-2.139286,26.496346,-1.5096648,0.29436466,-0.9997201,-0.07447872,0.05647635,-0.7267911,-0.06946621,-3.120872,-1.4440206,-0.33843476,-1.736201,-1.469861,-6.1463375,-0.77433956,2.3868256,4.402026,-0.78711426,-3.774116,-0.07155166,5.978893,7.7272043,0.11963413,14.285865
4.2783856,-0.4249425,-2.4724948,-1.7457751,0.19420429,11.984076,15.810727,3.4903758,-1.9005432,1.8307319,0.2216599,0.3414723,-1.5337778,22.594582,-3.701691,-0.50389326,-1.4827533,0.018104658,0.76122314,-1.3095309,1.8215208,-0.3914634,-1.8680339,26.2747,-1.4106723,0.32440805,-1.0035164,-0.1518039,1.2907567,-0.9446803,-0.23871872,-4.2007084,-2.3110445,3.724778,-3.6983929,-3.3005555,-5.984057,-0.8067648,1.8996824,4.835179,0.5004823,-3.3953652,-0.20825183,3.6644793,7.1371317,-0.16989318,12.413972
2.405467,0.11853671,-1.2207193,-1.9851301,-0.22118564,11.206824,16.40721,1.9680609,-3.1420674,-0.9338435,0.45473048,0.08201289,-1.026561,26.503527,-1.6825569,-0.41241223,-1.4837425,0.055801906,0.49003083,-1.7948121,6.4852343,-0.4774325,-2.086654,25.618404,-1.3093057,0.33421728,-1.0130286,-0.20846833,0.02553301,-0.7218816,-0.07579469,-3.1680455,-1.4863636,-0.4168846,-3.1163945,-0.45636526,-5.1681147,-0.7905896,1.4794848,4.954265,-0.8020973,-3.840509,-0.043768533,3.667434,7.9404907,0.11701777,12.699507
1.2964152,-0.36929953,-2.1213014,-1.9197402,-0.47101083,16.700367,19.205418,-8.458932,2.544699,0.6258079,0.7279449,-1.04768,-1.6176592,16.080854,-4.1669345,0.55473185,-0.5526266,0.14020982,1.9578385,5.557516,1.6515139,1.311125,-0.8626365,25.143538,6.42859,0.1391373,0.09324791,-0.26526642,1.689699,-2.1216683,-0.21004523,-3.9381738,-3.109081,14.628407,-3.0430863,4.861999,-8.495333,-0.5788384,-2.4652915,13.406085,0.50069785,-5.7159796,-0.36046365,6.7862935,7.2679877,-0.46750364,13.188339
2.2648141,-0.32489255,-2.3933482,-0.7052465,-1.0782396,16.905165,20.785286,-10.324506,-0.23690236,2.5925715,-0.7898895,-0.9629806,-3.2286007,12.217584,-4.4039793,0.12667714,-0.1865357,0.0374662,-0.5041274,5.3013086,1.2347407,1.2316986,-1.3043107,19.297764,6.684315,-0.15991218,-0.26792404,-0.3724012,0.29740265,-2.497506,-0.14137399,-3.9545417,-4.8436236,15.235633,-3.0442536,3.7223113,-9.398755,-0.5563689,3.5755405,11.594967,1.2786578,-5.964737,-0.49288264,5.2709475,0.94379634,-0.71929336,12.135722
2.4975417,-0.22067669,-0.88430566,-1.7323078,-0.055423394,9.171791,14.409276,1.8439552,-3.1472778,-0.878633,0.3990955,0.13685727,-0.8292605,25.926973,-2.1099393,-0.3996912,-1.4765828,0.011489858,0.5554971,-1.9386722,6.352879,-0.47147974,-2.139286,26.496346,-1.5096729,0.29436466,-0.9997207,-0.07447872,0.05647635,-0.7267911,-0.07238389,-3.120872,-1.4440206,-0.33839256,-1.7678051,-1.469861,-6.1497273,-0.7744045,2.3868256,4.402026,-0.7869575,-3.774116,-0.07155166,5.978893,7.719861,0.11967053,14.285876
1.9164519,-0.13449965,-1.3374892,-1.9723793,-0.5491129,15.657543,13.528759,1.7497511,4.9855323,-0.5746723,0.09574684,-0.9158875,-2.3031776,16.523073,-4.3597226,-0.23042876,-1.2715088,0.2823539,-2.5780132,-4.8423977,26.378658,0.46968392,-2.0722747,-7.878782,-2.9440665,0.12278081,-1.0472172,-0.100597486,0.32660186,-1.2232686,0.20106845,-2.2168696,-1.4524963,11.851153,0.9468137,3.192036,-6.023839,-1.1536179,5.377586,5.531947,2.5638525,-3.45246,1.4966124,6.850298,8.348695,-0.18797328,16.226292
2.92319,-0.024099944,1.1922829,1.6190759,-0.57449114,6.741705,23.397432,-5.227352,2.429585,1.0186173,2.4516463,0.2813541,7.5950823,-8.100188,9.661503,1.6673156,0.71958196,-0.07123184,-0.94496334,0.2614776,68.13459,1.0409362,-0.9187175,-4.171646,16.209856,-0.20280132,0.77572197,0.16489708,0.94904727,-0.599388,0.019574074,10.889131,-1.2143992,19.721323,-0.18048838,2.4065871,18.016651,-0.59165883,4.350193,26.006748,0.23967984,0.9584119,0.050124336,-5.3260293,-6.543184,-0.031551104,-8.58383
3.3477745,0.034980234,1.7979765,4.2098947,-0.14221098,10.664409,29.848307,-3.1175284,4.253997,2.671293,3.9000304,1.1073076,3.1749895,-7.249518,9.470704,0.16520558,0.37549815,0.44700047,0.23912202,-0.38748872,73.04122,0.35991654,0.20487975,0.39100292,16.982347,1.3236446,0.7622626,0.26865482,2.17379,-0.113345176,0.110929,13.759603,0.20179391,21.37166,1.4397149,2.0928464,5.297716,0.37878612,5.553638,29.255476,0.3078174,5.54568,1.2119257,-0.8456147,-6.412891,-0.004739577,-7.754067
2.6521947,0.266756,-0.85525995,4.955506,-0.51493186,11.605411,18.76818,-6.501752,4.121344,1.4863161,2.0912416,0.8890197,10.172004,-11.925172,8.499846,0.6759392,-0.0027367892,0.4411407,-1.0420638,-0.6107438,70.148125,0.8398202,-2.5154068,-0.8076461,15.038186,0.10637429,0.5121501,0.41937864,1.1168026,-0.7219933,-0.17115296,6.489813,-1.2824348,9.800999,-1.8262342,2.4866703,15.329977,0.25986,4.2206492,-5.6468263,0.76859605,2.0444224,0.8116236,-4.5641165,-6.9643826,-0.361027,-7.161445
3.6382055,-0.15575512,0.83504635,5.9963584,-0.028134068,9.206185,23.202566,-4.055924,4.2263794,1.8818328,3.6886609,0.5352471,4.8785896,-7.7951436,8.756914,0.6271087,-0.21221088,0.41241217,-0.55839413,-0.863483,74.84654,1.4733076,0.37442687,-3.6055377,15.194276,0.021908749,-0.62736166,0.12693651,1.0294797,-0.080578074,0.13371776,6.0400033,-0.74537873,19.970673,-0.23062563,1.7963912,-3.515758,-1.198762,5.372056,27.444902,0.34814507,-2.1303544,0.8597785,-0.87756634,-5.725379,-0.29775956,-8.388988
9.277942,-0.23019236,-1.3183614,7.972891,-1.5988975,15.965243,20.05371,-5.2218204,-0.38472775,-1.1148107,1.0538872,0.36803055,13.159099,-3.7730818,2.3482568,0.1633669,-0.18212889,0.08441725,0.34216765,-0.97744817,66.30023,-0.4188978,-0.7121205,34.26712,12.053872,0.12319584,0.0073038964,0.26758173,0.6065204,0.5565707,-0.09305929,18.4639,-0.34147695,21.633463,-0.8038418,2.6516802,-1.4303488,-0.13522954,2.383734,29.448666,0.83947784,5.9809856,-0.5235529,-1.8454713,-6.092065,-0.08745504,-7.119476
2.609248,0.644255,1.2125996,6.365494,-0.83629936,9.454828,24.495493,-4.10844,7.859742,0.06058805,1.9424492,0.5599651,8.589745,-6.3248672,-1.6581799,0.13989598,0.18181112,0.13509585,0.46372637,-0.5249276,76.33381,1.1213405,0.5987933,-1.7901143,36.389122,-0.32494825,0.56887555,-0.031555325,2.2701638,-0.12039567,0.7150809,5.4262424,-0.39063498,23.824455,2.6120532,1.536971,-3.3508365,-0.75720954,4.3246846,29.994162,-0.108009696,7.4168043,1.3600203,-0.33966798,-3.0392287,-0.25744858,-3.315638
1.9488883,0.5137063,1.418483,2.073661,-0.39072376,2.2278566,14.6549835,-6.544641,0.07665274,-3.839831,0.78479284,0.596391,9.074337,3.5083656,1.5535578,1.4478728,-1.0984522,-0.10386527,0.53124225,-0.93290484,64.09816,0.97484773,-2.7316687,-2.265977,30.523,0.03833739,0.20423709,0.15434682,0.40934393,0.40640232,1.0647073,-0.36780107,-0.29878667,19.872984,2.1857617,2.3296387,16.572453,-0.59433806,0.4165083,17.499132,0.25568393,-0.756312,0.69841695,-5.482451,-0.23181431,0.36093274,-9.043255
2.995795,-0.3819722,0.85650814,8.836158,-0.3037165,15.922484,15.384302,-6.3005753,5.0023265,-0.81051695,1.9870918,0.36039644,13.851439,-6.313694,0.33817938,1.4325078,-0.4495837,0.19573687,0.22441648,-0.8744721,66.200806,2.061135,0.08851726,31.161718,20.667526,0.19282958,0.6017837,0.073393956,1.8971636,0.7498618,1.0105675,-3.3749363,-1.3926873,26.863735,2.6064095,2.0763,-2.064686,-0.16363607,3.9038718,25.408258,-0.15468605,4.9049306,1.6405195,6.6127915,-5.196425,-1.8200148,-4.678303
3.1663938,0.37850603,1.0610328,10.592806,-0.07530756,9.895996,16.996193,0.5448563,1.6540527,1.3305005,0.7583185,0.9984651,7.6700487,-4.8276076,-0.8419437,1.0869899,0.07057588,0.97920656,0.042387363,0.6654278,76.38594,3.1466267,-1.0271477,-11.36292,35.556065,0.6514836,3.7354488,0.5112578,2.8336477,-0.8812727,0.8400794,-0.9251632,-0.47204104,29.082363,3.3277593,7.7748013,-1.9072269,-0.31862283,4.408077,30.422628,-0.18172623,4.6165876,2.3325706,-0.25148746,-5.1816597,-0.9278005,-2.4763238
2.4097722,-1.1200445,4.9718065,13.254679,0.11724797,11.6035595,19.503113,-4.938484,0.88739306,-1.568804,-1.2236706,1.0201381,17.512714,7.5697594,4.438259,1.4032384,0.2184659,0.34023172,0.028354261,-0.21104391,68.348976,1.3264201,0.50945956,2.7228138,36.70802,-0.3552599,0.89566857,-0.06660879,2.4417562,-0.64415634,0.56821847,5.989399,0.34912315,12.999107,6.000639,2.6058297,15.318489,0.65811527,1.2526772,1.1382712,0.43888813,6.4144945,1.3236612,-3.954944,-5.5762906,-0.28515705,-1.4391228
-1.5533936,-0.120000996,-4.204215,0.72743857,-0.50983125,-2.692663,-7.0931063,-8.331277,-3.7477727,-0.2513511,0.61584014,0.33526102,0.49166313,-13.205648,-2.722583,0.99171096,0.28931493,0.05649113,-2.8799427,0.29879597,3.4466107,0.32750246,-0.3759178,-15.673279,-1.6713401,-0.013863315,-0.042470902,-0.16876498,-0.45829213,-0.4823793,-0.25177658,-1.1849581,-1.4080145,-3.0516484,2.0608268,-1.4540832,-3.5708911,-1.671638,-1.7004632,0.7873497,-0.31172034,-3.3413327,-0.11630664,1.9530491,-4.0864363,-1.203709,10.581695
-0.48536336,-0.3297165,-2.0391462,-0.048719656,-0.6940478,-1.12164,-4.391648,-8.479279,-10.611519,0.033844914,-0.8539051,0.35535485,-0.4198015,-11.626021,-2.5292373,1.2343165,0.07037838,0.043662123,-2.570532,0.23266265,1.9585958,0.24044214,-0.2602832,-17.227537,-1.6394976,-0.093132794,0.13689631,-0.062977284,-0.12971078,-0.5750887,-0.14926474,-2.120975,-1.3201234,-5.0983896,0.618284,-2.973944,-7.22233,-2.025582,-1.829968,7.120022,-0.42373946,-2.5348883,-0.13206033,-1.3012197,-3.0526352,-0.69895726,7.810577
-1.4859549,-0.21148784,-2.047804,0.82592654,-0.6806529,-1.468011,-6.8523283,-10.327499,-8.354792,0.022788443,0.50511515,0.38501313,0.7552433,-11.939802,-5.05361,0.13588846,0.13756342,0.07539859,-1.6180744,-0.3380477,1.7183136,0.080965795,-0.7862276,-15.51856,-2.6084123,-0.21324222,-0.13785775,-0.015012114,-0.4065407,-0.62138754,0.19924654,-1.1528777,-1.9159617,-7.3379245,1.1890197,-1.3653269,-5.379311,-2.8369484,-1.9022101,6.82776,-0.24663089,-2.981161,-0.13576148,-1.1525813,-1.1595169,-0.39494982,9.829874
-0.65307915,-0.106821075,-1.6460403,0.96298504,-0.6466341,-3.9608276,-7.23445,-9.796586,-4.986493,-0.84464496,0.49701068,0.39276746,1.1610997,-12.107366,-6.8440495,-0.0829558,0.10100892,0.16790627,-1.8229427,-1.1631873,1.731867,0.5644017,-1.2392976,-15.053886,-3.4596505,-0.46422875,-0.00017735235,-0.19751412,-0.70047385,-0.54999334,0.296885,-1.1249725,-3.017117,-8.024789,1.3278779,-0.3951723,-5.9352517,-2.5004337,0.7878488,7.083283,-1.7672229,-1.4958714,0.29468527,-1.332882,-3.045038,-0.28666168,8.04683
-0.80496883,-0.027642444,-1.4845653,1.1447933,-0.78240347,-3.8574336,-6.2520175,-11.653842,-2.56903,1.0202565,0.3722994,0.21237013,1.5890856,-11.268753,-7.171697,0.18190323,0.04166931,0.12137248,-1.5978895,-0.81932837,2.2429066,0.17965582,-0.35869998,-15.238956,-4.266301,-0.22335796,-0.22620514,0.06952196,-0.4178845,-0.73039126,0.030698,-1.036285,-2.535248,-8.23271,1.1268297,-2.2461653,-8.029179,-3.9302661,-1.5621836,5.8135614,-0.17482738,-0.8129396,0.11197565,3.1655498,7.9497757,0.05264175,10.502183
-2.5783575,-0.47010556,-2.207587,0.9232297,-0.6025738,-3.160152,-9.630937,-7.114551,-6.0589957,-0.5105238,-0.8579761,-1.1896005,1.3168061,-12.190877,-2.6800578,0.2862217,0.116006486,-0.07943843,-0.5120349,-0.115450665,2.0221398,0.19083463,-0.2514753,-14.618906,-2.26153,-0.0721389,-0.08425226,-0.21515164,-0.47311348,-0.72106767,0.10637181,-1.5900265,-2.3789992,-9.834161,1.109099,-0.98012197,-5.5190964,-1.8613775,-1.5437876,5.924921,-0.508404,-2.4649906,0.1703753,-0.4221244,0.029092282,-0.07611821,6.2092767
-0.63049513,0.08319916,-1.6861669,-0.05439866,-0.43947476,-1.6296241,-6.5118976,-7.3102717,-5.723143,0.1838065,-0.9426418,0.36580738,1.8402643,-14.325798,-0.8322972,0.9970164,0.3718942,0.56393546,-0.17648643,0.30364975,0.5239585,0.06997477,-1.6332475,-17.888166,-1.7801052,0.0032200515,0.09838564,-0.047947206,-0.059600737,-0.5000175,-0.25064993,-1.296821,-1.9086643,-7.5775013,0.4018995,-0.36933497,-7.1547356,-1.5090222,-1.487986,8.021816,-1.3267657,-1.3488734,-0.09380567,-1.3197767,-2.192473,-0.60109776,-0.69412035
-0.17357169,-0.1421358,-1.5406753,1.0629603,-0.43344095,-3.7683048,-8.222834,-8.26536,-9.504258,0.7984392,-0.34373495,0.09982981,0.7140214,-10.220178,-5.7622814,1.0568385,0.052291498,0.17316937,-2.5645058,0.9785383,1.6177009,0.30118257,-1.3978066,-16.917824,-2.88993,-0.378313,0.045111977,0.08986243,-0.26405782,-0.5808668,0.23185882,-1.3967401,-2.3484912,-6.395404,1.6285557,0.37953818,-3.2348282,-4.6184745,-1.5108212,6.197637,-0.28477064,-1.0958594,0.1510887,3.5111022,6.3623586,-0.06033634,10.97479
-1.9979951,-0.34997675,-1.9364815,0.15296727,-0.55652577,-4.6164684,-6.68573,-5.895938,0.0400117,-0.9028088,-1.5208638,0.04188513,1.043904,-13.615043,-1.0672603,1.8448216,0.24744757,0.89002323,-0.25808096,1.1101638,1.4261721,-0.06391213,-1.5750458,-14.386525,-2.0292096,-0.13817875,-0.23540097,0.045942724,0.370483,-0.77317023,-0.24980876,-1.2122514,-2.448403,-6.081316,1.6210384,1.0216098,-2.5305305,-0.9121349,-1.3468549,7.6014514,-1.3769974,-0.035141196,0.02053938,-0.3977023,-2.1393166,-0.34732738,-1.7635815
6.3152175,-0.16864328,1.5934695,10.596691,-1.2818104,27.240015,32.229446,16.559492,13.517228,-0.23567973,-0.003377053,0.78504395,24.003336,4.585827,-1.3111562,-0.09326658,-0.5128918,2.3859398,-0.3633626,2.4794035,2.2079413,0.5211724,11.113677,40.251694,27.43073,-0.12081344,1.6704848,-0.1874451,-0.70952004,2.9842417,0.19915356,16.54659,2.747309,30.10985,1.7096285,4.391399,30.098291,-1.1090361,5.75756,24.348131,0.23111054,-2.2302954,0.7626123,4.527763,8.704863,0.5567622,24.70227
6.810581,-0.018553257,1.4160489,7.7680492,-0.86367536,26.716417,29.70764,13.14823,16.073988,3.788926,1.915865,1.1115862,22.137182,7.6714935,-2.3499515,0.09843892,-0.39787644,2.5554495,-0.33696967,1.9103872,19.352541,1.2929358,-1.276021,41.767452,26.270718,-0.21661568,2.1735542,0.078160755,-0.43456754,3.9476721,0.2934641,19.131134,3.2623203,27.441671,2.6597595,7.720856,23.558506,-1.04431,5.27292,24.829348,0.48751995,-2.2880366,2.2192242,3.6763377,6.712891,0.628166,17.246485
11.544472,-0.51380056,0.64173174,7.9182105,-0.43913752,26.766703,32.66957,17.250319,9.271911,-0.19483723,0.43127483,0.04270457,21.372602,1.0696472,-0.98769,0.15291981,-0.019738184,1.0243362,2.4347124,1.5985254,2.5570672,1.1094456,12.182179,36.95716,27.537971,-0.8779115,-0.44280487,-0.22069758,-0.6591422,4.483347,0.15620531,15.995521,2.2977114,33.78762,3.2401931,3.7961655,29.293253,-1.0983311,6.4000936,24.47864,0.24867448,-2.2977254,0.50244623,6.900856,10.7522745,0.36659157,24.51506
10.200252,-0.5457463,-1.0670587,7.9043612,-1.728252,32.411907,31.198965,11.228285,9.242336,1.2945181,0.52826464,0.4971164,23.678741,8.245799,-1.0198396,0.8095725,-0.31418216,1.037026,2.426794,4.5133657,2.370122,1.6813142,8.81281,37.030205,26.640995,0.92344385,0.5176541,-0.13569544,-0.16080754,2.6736495,-0.0038148304,16.813498,2.898685,30.393019,1.8497791,6.057317,24.904716,-0.80828047,5.1997886,24.424513,0.3331445,-1.5809504,1.3024058,3.6536312,10.51084,0.45814982,24.880264
6.4138803,-0.55132735,-1.8517381,6.5715895,-0.54667723,37.490723,33.80961,16.68841,9.516515,4.671066,-0.38683286,0.3514738,15.858134,16.16898,-0.9370981,0.88452196,-0.0104656,0.097746514,0.12081008,4.3800855,2.2768893,2.6913207,17.223742,0.3977944,32.75643,-0.18054414,0.3546401,-0.16677454,-0.7540757,2.0618074,0.14068072,10.222911,2.446728,31.33429,4.641745,5.6711884,26.3529,0.015557789,4.2073364,28.193533,0.3664034,0.091545895,1.1835742,5.2985373,12.038755,0.75994056,35.2937
11.691465,-0.3239762,-1.5604649,5.575614,-0.53340405,30.32793,29.837244,17.413301,8.482463,0.10399111,2.0479443,0.53303844,21.711918,-5.8051867,-1.0551721,0.77261585,-0.20957713,0.14162633,2.4737623,3.7665043,3.141308,0.56321704,9.029429,35.92741,27.860216,1.482318,-0.08026483,-0.24419114,-0.409261,1.258338,0.018682584,18.362078,1.2308779,34.709755,5.9551682,4.102367,22.581861,-0.829493,1.7495435,25.641035,0.31796047,-1.6240398,1.6006409,8.466587,11.425527,0.56727517,25.179085
7.11845,-0.09865307,-0.21327594,-2.2144063,0.8418229,29.157545,21.05341,19.938484,15.2870245,-1.0034797,0.9899519,1.3455192,28.487804,31.893248,-3.4314125,-0.37838852,-0.94314986,0.23857372,-0.521088,1.1768657,4.3343587,1.1339548,-0.7512879,41.949932,21.673092,-0.18431893,1.9055259,-2.4408782e-05,0.009269445,6.138747,-0.8689778,11.073247,4.14594,21.577833,5.1478014,0.61030287,24.841875,-0.79764855,-1.8739997,11.861689,0.24392046,7.068524,2.5717835,5.1310177,9.583265,0.43342614,21.19037
8.886454,-0.20277059,-0.3766091,8.215091,-0.69499326,26.300266,21.197266,18.159325,10.074606,-0.84999675,1.1856301,1.0790045,19.053848,32.436718,0.8292973,1.1796902,-0.63111925,-0.03721831,0.3809111,-1.0057254,17.539867,1.3951293,15.983136,39.675694,21.757015,0.03491731,0.36243802,0.47861567,-0.58441085,5.2102942,-0.4169236,15.362271,7.0815554,10.30944,4.731027,-1.8522526,28.582865,0.16102527,-3.482484,5.9788756,-0.9630162,7.5900617,-4.630604,3.2347138,13.856852,0.080447614,17.939087
7.5312014,-0.70132715,-0.9291211,9.026908,0.7765477,18.201109,23.817608,11.750853,9.418888,-0.7841749,0.5616291,-0.32580438,14.679531,27.370552,-4.3423057,0.011792649,-0.9596111,-0.093846254,0.5252086,-1.0835359,21.155338,-0.14748701,18.78703,48.12534,3.551519,-0.056361966,0.21965885,0.14230634,0.2666135,4.926324,-0.008294467,15.439193,-1.17734,-12.239721,3.5692425,-2.5237134,24.13874,-0.84480256,-1.6527072,2.6588693,-0.08302098,9.260981,-0.23263682,0.75589067,8.926627,1.5373373,17.513685
6.764689,-0.2533983,-0.32430777,-7.615641,-0.23738132,24.391504,26.966494,16.536777,2.174203,3.1938741,0.40298653,0.43960476,24.128035,22.24119,-2.5418727,1.1210233,-0.6970686,0.568767,-0.0054116184,1.3067137,3.1661987,1.6067191,8.819535,43.511395,23.394457,1.6574211,2.1751792,0.063497394,-0.24918392,1.1115526,0.16025585,12.524238,1.0437721,21.599537,4.222013,6.893353,24.774487,-1.4068356,3.4001918,10.629095,0.47317672,4.8258014,1.5172032,2.484279,8.567614,0.11397048,23.888332
10.220791,-0.34815767,-0.28715166,-2.169237,-0.49253696,18.54839,67.585365,-0.3584174,-3.1875353,0.7656279,0.07829604,0.36799622,-0.6332945,26.585999,-1.543431,1.9410324,-0.30904412,-0.06350192,-0.5819719,6.217486,-1.3905175,0.81925476,-2.7181892,17.001467,10.93022,0.15220003,0.06022032,-0.09307851,0.87350327,-1.6020877,0.8085217,-2.8136222,-1.8687024,-0.68440086,-0.46809974,-3.6239297,-2.859209,-0.7549686,2.1997132,7.500038,-0.8289359,1.2900231,-0.87397563,-1.2846639,-2.27852,-1.616764,3.4507477
10.231038,0.18263002,-0.23385032,-1.6524696,-0.7330188,17.399544,67.799545,-2.3330526,-5.3751283,1.7166889,-0.6102542,0.6647892,-0.7258515,19.305887,-2.2116494,0.5577488,-1.0584528,0.029667633,-0.6236094,6.926726,1.8659568,0.8814361,-2.6556654,25.676456,-1.2518598,0.2599966,0.12371189,-0.21330008,-0.046369884,-0.6359295,1.0066477,-4.753807,-1.3993033,-7.842873,-0.17375417,0.7984073,-0.81251496,-0.9417239,1.8801502,5.8153667,-0.81088775,1.1708643,-0.5459038,2.4689784,-3.2044473,-1.4174644,3.408944
1.983376,-1.131237,0.4103251,-1.7105057,-0.213784,30.05636,87.47543,-1.8400304,-3.921094,-0.09842,-0.42614394,0.034660686,-0.8285521,34.78909,-1.1998976,2.0032797,-1.1753583,0.033116072,-1.1547695,5.3712897,-0.060566574,-0.22691834,-0.91535294,-3.6519175,19.576986,0.18006626,1.833925,-0.6772908,-5.657646,-1.0748731,1.8032235,-0.4252543,-0.8058012,8.45876,-1.7758772,4.357921,2.5149236,-0.8856767,0.2364298,8.667326,-0.58675456,-0.16985053,-0.12625732,-0.36227927,-2.8971963,-1.162135,-8.534213
4.7751765,0.13123381,-0.75298303,-1.8130807,-0.25898448,22.057058,75.44106,-6.4670115,-3.464728,0.5839594,0.12704384,0.41647348,-0.66688305,15.447407,-2.5080264,1.3956298,-1.1283556,0.21983057,-0.5293708,12.249265,0.8387272,1.2198187,-0.967967,20.7401,10.290837,0.28097984,0.49874765,-0.46146753,-3.1086435,0.950208,-2.9259384,-3.0447602,-1.2502546,-9.571335,0.34462363,-0.91896456,-1.3349062,-0.8114122,0.26436055,5.1567097,-1.0236579,-0.15612972,-0.63255703,-1.4608772,-1.864139,-1.4012896,-9.014435
5.0878778,0.12276088,-0.4388523,-2.0979195,-0.38833115,22.883923,79.02446,-5.2207956,-4.6267767,-0.18075132,-0.22124688,0.2104373,-1.045623,13.772533,-2.3506935,2.5956283,-0.83733684,0.24175945,-0.49732998,14.921717,1.2131466,0.586223,-0.9316197,16.339537,9.253375,-0.34265646,0.45066804,-0.53911364,-0.32188803,-1.7903079,0.82858074,-3.0139933,-1.9248171,0.044509407,0.0074386154,2.8470075,-1.1817384,-1.4054902,-1.0635451,3.0251358,-1.05838,-4.5812387,-0.9534437,-1.1909722,0.30045485,-1.0991737,-7.843447
1.8938859,0.47872382,-0.08208786,-1.7981086,-0.57513136,17.743256,88.6198,-3.886302,-1.7248567,0.08179781,-0.36971268,0.227136,-1.0444223,38.206863,-1.6217785,0.3895622,-1.4529314,0.338691,-0.2555216,5.9616213,1.4152931,-0.08070132,-0.49789888,-6.3584557,12.952602,-0.3652353,0.73252004,-0.36726874,-1.041166,-0.933152,1.3333516,1.2371321,-2.819428,8.961338,-0.50036454,2.049681,-1.2804872,-0.74766386,0.045911375,9.864654,-1.3226675,-1.1893897,0.96566516,-0.9823212,-2.4494328,-1.0974463,-10.928203
1.83386,-0.12504989,0.508092,-2.3842897,-0.30171838,29.431791,83.722435,-4.146178,-4.748501,-0.36754185,-0.1776791,0.4690583,-2.05539,25.781105,-0.66808546,0.2905719,-1.1459588,0.47757527,-0.57635766,5.6300106,0.51806647,0.06387971,-1.0679255,-5.177744,13.2177515,0.21321674,0.41244146,-0.3844855,-3.730255,0.116797015,-3.2332132,-0.7171456,-0.8661204,15.813181,0.07522194,4.0988092,0.404771,-0.74769944,-1.4139663,9.9175415,-0.78646874,-1.14137,0.6462598,-0.827375,-2.2253327,-0.8966417,-10.494221
1.3747805,-0.24794054,0.012240816,0.38715968,-1.3628848,4.7917247,0.84746647,-9.012305,-7.793112,0.6459516,-0.57843256,0.2872162,2.7768402,-15.636431,-1.7375873,0.8907027,0.29837975,0.6857548,0.42406064,0.3299181,-3.8185108,-1.284421,-1.1307837,-19.16135,-1.3834195,-0.18482837,-0.3782139,-0.017934134,0.12551299,-0.66606385,-0.14366978,-1.8104234,-1.4263074,-4.0470924,-0.58422804,0.25853157,-3.1254086,-0.22196656,-1.2217293,-3.6445413,-0.36709762,-0.93574786,-0.05274176,-1.9050076,-4.866554,-1.0430949,-15.1554985
1.0467045,-0.12611333,-3.4576142,0.40745625,-1.5228467,4.216315,-0.13005443,-8.19621,-7.6534457,0.4813912,-0.71546096,0.2749782,0.91356945,-14.383121,-1.9818176,-0.15817846,0.47103512,0.76112586,0.10293551,-0.51430935,0.77418166,-0.718616,-2.6468296,-17.944773,-0.9189573,0.0407047,-0.39717105,-0.120846815,0.0839188,-1.0055146,-0.5035665,-1.3844714,-1.5868775,-4.336514,-0.66178447,-0.37375697,-2.3941453,-0.15935284,-1.2671877,-3.4185297,3.4811785,-0.95714945,-0.13042116,-2.4641805,-5.2321515,-0.9715141,-15.380653
-0.14517683,-0.25429526,-6.5084014,0.16550742,-1.1915812,3.4396203,-0.60554117,-8.433905,-9.700259,0.12298206,-0.3979259,0.3764887,-0.1683532,-14.126906,-1.7982103,-0.51959974,0.5782027,0.43701336,0.04868288,-0.4007093,-1.0787094,0.00096765603,-2.9831727,-15.204886,-1.084419,-0.107728146,-1.6433057,-0.07386629,0.22002773,-0.62513936,-0.3585044,0.09249748,-0.7430663,-5.5426764,-0.25464568,-0.26125148,7.4587436,-0.7300476,-0.6066551,-2.5392497,-0.56478786,-2.512916,-0.13572197,-5.6542025,-4.4138584,-2.3229785,-9.869204
0.573566,-0.18136512,-1.1962032,0.29106954,-1.4622157,3.9080215,-0.3708178,-7.822938,-7.6928244,0.6926136,-0.27501804,0.34751713,2.6655207,-15.82761,-1.6587615,0.9725864,0.3994801,0.67152107,-0.0038372024,0.29902354,-2.4351792,-0.871565,-1.2448214,-18.99278,-1.2458833,0.013030601,-0.67278844,-0.03551408,0.34915778,-0.87099403,-0.337529,-1.7662216,-1.2596574,-3.84621,-0.5966724,0.09282895,-3.1372752,-0.0426937,-1.3886385,-3.4554138,-0.356441,-1.007257,-0.101079434,-2.1953988,-5.2013574,-1.0813023,-13.402351
-1.2486722,-0.33043584,-3.8989923,0.7843758,-1.1724195,2.3156736,-2.3940446,-8.599818,-7.5079446,-0.52166843,0.17095266,0.46227977,-0.3156397,-13.613137,-2.1505778,-0.48242974,0.53633136,0.63270444,-0.03636977,-0.47826374,-2.6515226,0.029215233,-3.1318896,-13.944742,-3.019993,-0.22475994,-1.5497941,-0.063999586,-0.17358862,-0.7062834,-0.169874,-0.601954,-0.8340195,-5.289083,0.664469,-0.89933175,7.7167044,0.03432937,-0.71714425,-1.8134085,-0.76954186,-1.5894564,-0.2151703,-4.758978,-3.1313462,-2.0828915,-11.557607
1.1089813,-0.032493163,-0.9955684,0.1355899,-1.5238326,3.4797332,-0.0659418,-6.9958344,-6.537842,-0.66838026,-0.6028161,0.41761303,2.7988765,-15.483623,-1.6597526,0.98249805,0.39109242,0.091542825,0.053202562,0.3818705,-2.9263926,-0.79700303,-1.5821456,-19.080103,-1.4326283,-0.1428282,-0.4441169,-0.0054718945,-0.086064614,-0.40908733,-0.12794629,-1.7202853,-1.3244721,-3.899985,-0.60103375,-0.6360274,-3.7569215,-0.4859893,-1.0748744,-1.606784,-0.36045983,-1.1006535,-0.11457627,-1.711782,-5.4083095,-1.0611784,-14.74351
10.020746,-0.57385594,0.9181277,8.547181,-1.0624443,27.111393,31.034813,20.19096,14.290612,3.5547025,0.77264243,0.19246599,21.945333,5.862956,-1.6420913,0.23409209,-0.28371397,2.2941892,-0.42357874,2.031961,3.502048,0.99047405,8.695867,39.394737,28.313679,-0.15132497,0.46062836,-0.07007908,-0.4745067,1.6215274,-0.031911187,17.510294,4.16328,26.609444,2.1440308,6.761138,27.350798,-0.7722265,2.2953799,21.134846,0.49281797,-3.40046,1.4643652,5.0427756,10.40937,0.5477502,24.751171
10.27533,-0.59739983,-0.939882,12.4621315,-1.3718524,32.436157,32.184772,17.219173,9.001679,-0.29486176,1.1634905,0.28725192,21.61994,4.1849017,-1.4550887,0.20939092,-0.5123673,1.0804689,1.7017101,2.3641965,2.248972,1.109415,7.302821,40.054466,30.0307,0.048426133,0.39855567,0.030910648,-0.41116434,0.7141039,-0.07966796,16.687866,2.9761188,29.818804,1.9979714,6.173644,25.854618,-1.2915834,4.5422883,24.151829,0.46111616,-1.5908575,0.66229045,4.234073,9.790898,0.6074806,26.346502
6.8904443,-0.19236611,-0.3049605,11.288681,-0.9900115,36.223625,36.39804,17.78898,9.791048,2.4127698,1.2297248,0.24491702,22.720722,-4.2508945,-0.65618455,0.43039748,-0.33692563,0.39324823,0.352492,2.9844716,-1.0772897,0.8535067,10.019379,-0.10737278,39.55014,0.20210879,0.61543304,-0.012219777,1.3606548,1.4471444,0.42721108,11.086238,2.1142294,34.64763,3.9037435,2.4872627,32.50456,-0.73808545,2.6193914,28.575115,0.0013895668,0.13358521,0.6008751,9.212153,10.719739,0.3922629,39.688236
14.572568,-0.21249673,-0.6069935,13.9789505,-1.8164724,31.578592,28.62029,14.553417,7.51271,0.013454658,1.0020591,0.42161185,24.442179,-5.63124,-1.2632966,0.49920213,-0.434366,0.85304695,-0.16217276,-0.9566316,23.158325,0.01102189,12.74517,33.36396,26.736488,0.11237336,-1.6238604,-0.026221037,-0.7398178,1.2237703,0.16790976,16.306784,2.4456646,31.261585,5.0503798,0.32957375,23.470066,-0.9097399,-1.284338,25.676609,0.1716579,-1.5824977,1.0084127,3.7930326,6.526139,-0.24807225,19.66716
4.5100837,0.67537403,4.698373,7.4145613,-0.3914262,29.071035,67.16462,7.574908,4.7847733,0.96231973,2.060375,0.52442,10.049744,-15.382468,-2.6418874,0.50068015,-0.35501227,0.5456625,0.3554479,2.2738872,6.260884,-0.3263261,-3.7286546,-11.18942,18.541317,1.4141034,0.7203195,-2.1839802,-4.959289,0.3998573,0.44326952,0.19182889,1.0354028,16.04549,7.6334267,4.8388085,11.7881,-0.18168736,2.0822163,-5.206398,0.038659096,-0.06802629,2.3872473,3.8652134,-1.4084523,-0.14827001,7.2558265
9.956657,-0.4706697,-2.297203,7.6880474,-1.500205,27.922787,30.095581,17.932213,5.02221,4.34335,1.4311154,0.31577018,19.600971,7.431361,-1.1142408,1.0094597,-0.0845495,1.369884,1.768471,2.7543182,2.5630229,1.4052544,8.378134,37.20544,29.204014,0.12172432,0.45148772,0.022597559,-0.8596482,0.70060986,-0.024939006,16.490694,0.80152124,14.148529,4.253613,8.411296,23.871155,-0.29785627,2.5181224,-3.7485487,0.4450776,2.5193992,0.8537316,4.2235684,13.034304,0.5796572,22.128763
6.831696,-0.24378933,-1.0336859,5.400317,0.8567604,26.495811,16.343723,20.043457,16.140663,-0.4231172,0.32743782,1.6610173,28.095171,30.625696,-0.7248669,1.6886991,-0.6434201,3.6206017,0.844051,0.9096251,23.445623,0.5715613,-2.2823272,50.84464,15.278471,-0.22865151,2.3724573,0.32501167,0.8370283,1.91498,0.016504679,16.27468,5.1463223,22.401497,4.6074524,-0.06627575,25.019497,-0.5003066,-0.6086717,7.5322075,-0.10814319,7.814941,2.4993765,3.9311724,10.934994,1.3565607,17.655539
1.9242698,2.2324567,-0.6482872,-0.4234827,7.672506,-3.2082074,-1.8634754,60.81803,41.685547,-0.5069739,2.5874186,2.1620665,1.53491,33.695732,5.930537,3.4636028,-1.0534045,5.9957004,-0.12932014,0.38803345,25.13141,1.0427529,14.676385,57.72063,3.4335713,-0.05665391,0.113149196,0.9644593,0.2971561,13.131001,0.10762926,2.1800911,0.7614544,3.3898618,11.319135,1.694996,29.2461,0.15119866,2.1889956,4.3900175,-1.2503474,10.584927,2.2398696,1.7182071,9.316932,0.064250775,16.838083
1.4096316,-0.1847971,-0.60602087,0.20213372,-1.2620152,3.1272013,0.1152567,-8.421178,-3.372797,-0.57320255,-0.5503274,-0.05047752,2.329428,-14.560804,-1.755191,0.46392593,0.20285563,0.4083533,-0.10926875,0.14480345,-4.249912,0.11728272,-1.267166,-19.49655,-1.8883117,-0.067422815,-0.6816284,-0.028202804,0.3263979,-0.5172974,0.010840474,-1.4809313,-0.94781446,-1.9646875,-1.4597801,-0.6295065,-6.9856005,-0.3983088,-0.6544952,-4.0841265,-0.4386877,-1.2492005,-0.28847012,-2.2679374,-5.6882834,-1.6113743,-14.059206
1.3964249,-0.108306654,-1.1422058,0.20786853,-1.1004994,2.7148538,-2.105625,-7.4699225,-1.8640755,-1.1024297,-0.39738125,-0.06804338,0.77449584,-12.088764,-2.058593,0.019755807,0.34628913,0.16813,-0.09329817,-0.3713176,-3.616164,0.47828135,-1.9334875,-17.218277,-1.858036,0.038080122,-0.25108325,0.1987444,0.16478755,-0.93223083,0.115408964,-1.7503203,-2.223482,-3.5942576,-2.084445,-0.3651476,-5.90388,-0.18147251,-0.9636601,-4.7786903,-0.5174589,-0.65568894,-0.36591408,-1.8933696,-4.702837,-1.5264224,-14.156926
-6.324416,-0.61245763,0.91913915,-2.3798275,1.0609156,-10.908182,-2.477064,5.250509,-0.1476733,-1.8093705,0.35960034,-0.47653785,1.0142792,24.212383,5.6510715,-3.199731,2.9718168,-0.64255244,-1.6365682,-1.7540303,12.270679,-2.9438372,-1.8057301,32.334206,-4.1223507,-0.66202354,2.092437,-0.16386192,-1.0746964,4.4219747,-2.481146,2.4788952,-2.3359623,2.9185557,2.5658536,-2.9745586,11.862341,0.51238585,11.351022,0.9542898,-8.168104,-3.4311213,-1.4754163,1.9856853,11.718586,-0.19859618,14.922466
-5.9123993,-1.2090393,-1.666058,-2.1420593,-0.8579761,1.3226564,6.715065,2.0596435,-4.848977,-5.6044765,0.59774864,-0.21594761,1.6551416,23.927092,0.73020697,-0.25665817,-1.7065257,-0.2359219,-3.4891622,-0.46580496,18.848194,-0.06642299,-5.164,29.746344,-4.6456056,-0.8041293,0.883385,-0.40806124,-0.77475476,2.0785027,-0.5051743,-1.3327105,-1.9351413,8.744548,-3.8793216,-4.6823006,16.986078,-0.9002685,5.3858547,3.8290687,-2.6630924,-9.1805,1.1490604,2.4113576,8.780398,-0.28427473,19.528116
-3.2761674,-1.1590776,-1.7827798,-2.2298238,-0.9663281,1.2593504,10.761277,3.0818243,-5.199683,-5.5825996,0.6282243,0.39244917,-0.33618256,23.539175,-2.8473132,-0.3837118,-1.7527108,-0.08894621,-2.5837033,-0.9313234,18.511137,0.37054145,-5.5358205,29.88163,-5.3423724,-0.77892447,0.8519441,0.06080425,-1.2701656,1.5691934,-1.3627715,0.021969484,-1.3922329,7.457468,-4.5160594,-4.523184,12.941252,-0.60242146,6.3748636,6.0192924,-1.8970329,-10.480457,0.33944136,1.781779,5.268981,0.15898485,15.719502
-4.800597,-1.6291765,-2.219676,-1.9235681,-0.9863526,7.5935235,11.735679,2.9369767,-6.6675005,-2.1977694,1.0220985,0.3043342,0.833771,24.824118,-5.6883974,-0.66954815,-1.0555314,-0.056866422,-2.1893828,-0.6440421,20.78857,0.18105929,-3.5469131,26.85913,-5.5509396,-0.5806706,0.83677995,-0.3501956,-0.47310442,-0.63908476,-0.35593778,-1.4706465,-1.9160398,7.0241785,-4.3757505,-4.9891596,12.819958,-1.4139128,8.450577,4.841226,-2.200164,-10.008122,-0.16128002,2.995933,4.9388576,0.29393023,19.032694
1.062478,-0.267929,-0.026861077,0.15860133,-1.0145613,3.5300953,-0.106491864,-7.073754,-6.2280693,-0.7238724,-0.44941083,-0.00022422122,2.913628,-13.811088,-1.7928033,0.073096946,0.05130853,0.5490598,0.059315074,-0.6043055,-2.8659945,0.96246403,-1.7056503,-18.96957,3.6385608,0.15496415,-0.5498363,0.009354106,-0.0127412565,-0.8131211,-0.052222367,-0.7594751,2.056776,-0.8304971,-0.56402135,-0.06522495,-6.889565,-0.15518878,-1.1804298,-4.014766,-0.34929124,-1.2954499,-0.32564667,-2.2136,-7.6108,-1.0956876,-15.213187
2.099704,-0.21637577,0.24145442,0.66784346,-1.1299309,4.9605813,1.2087682,-6.9001546,-9.693961,-0.9644287,-0.71726805,0.009877727,3.684605,-16.791313,-1.4422721,1.1639469,0.041332424,0.5544049,-0.1354059,0.047342848,-3.653035,0.42258906,-1.4150906,-19.353636,5.865343,0.20156293,-0.1413236,-0.035915077,0.038894035,-0.677056,-0.07432914,-0.28118777,1.9109919,1.6271037,-0.3202199,0.013353347,-7.205173,-0.34791988,-0.70662385,-4.04374,-0.18168572,-0.66010743,-0.36029202,-3.1843853,-9.794571,-1.1390367,-17.315832
1.9954973,0.0441824,0.27295136,0.67204005,-1.1262028,5.132822,1.1553314,-6.8986545,-9.679547,-1.0222694,-0.7225921,0.005425883,3.6865196,-16.924696,-1.4446613,1.1605268,0.052506186,0.56643635,-0.11980141,0.05538695,-3.7258406,0.4251365,-1.427941,-19.416945,5.72099,0.18917136,-0.16651839,-0.05882515,-0.082908124,-0.7400384,-0.07466531,-0.28403175,1.8871783,1.6302408,-0.33937484,-0.0024005328,-7.2346144,-0.34633353,-0.74809223,-4.018428,-0.22336543,-0.5149482,-0.3614981,-3.1943874,-9.973908,-1.1394255,-16.743832
1.0985197,0.072803035,0.23629959,0.64066076,-1.1146791,4.6806097,2.0630171,-6.770092,-9.507109,-0.9746955,-0.753279,-0.0003492153,3.744445,-16.795748,-1.6388209,1.1691922,0.12154369,0.5475623,-0.12802273,0.048317883,-5.036574,0.44277042,-1.4402056,-19.40341,4.9536085,0.24129991,-0.19047071,-0.077218644,-0.0828052,-0.7395452,-0.056042932,-0.23936811,1.9415898,1.643865,-0.45647898,0.01584736,-7.3059235,-0.31105354,-0.69671696,-3.9609551,-0.1563357,-0.4201219,-0.33149496,-3.4973614,-8.026148,-1.0831748,-16.679893
-0.73393875,-0.4735318,-1.254347,1.0292113,0.04158288,-6.5419364,-12.456904,4.325003,-2.240993,-1.5415792,1.130255,-1.1543052,-1.1473651,16.07375,-5.0580945,-0.64629376,-1.420872,0.03908611,0.8050135,-1.8605927,26.102304,0.13609046,-1.0436602,-5.4199553,-1.5425816,-0.46511832,0.014627402,0.006673115,-0.279247,-0.8751815,0.37539598,-0.24645887,-1.1045544,-0.58720875,1.2516196,3.2945297,7.458231,0.39806733,0.8879294,2.1143615,-1.444811,-0.51900303,0.4462092,3.4349802,5.8237276,0.40129665,17.574995
-0.79832596,-0.5805947,-1.2432313,1.0659573,-0.5901406,-5.944983,-12.935749,3.856218,-2.4009936,-2.0312407,1.181764,-1.9958159,-1.207567,15.65388,-4.613045,-0.7301638,-1.4398929,0.022347597,0.6676207,-1.8737661,24.954489,-0.2800994,-1.3222084,-6.4521646,-1.6069735,-0.6576811,-0.09736094,-0.36947456,-0.4570128,-0.9509644,0.2114809,-0.40244278,-0.95758766,-1.2207679,1.0773169,2.5495584,9.443292,4.845467,1.7410258,3.5237644,-1.4962362,-0.020875951,0.44007346,3.5351992,6.2378907,0.11444729,17.64871
-1.3483204,-0.5232831,-1.1006145,0.56594,-0.17935558,-5.724606,-14.648408,3.852918,-1.7072076,-0.4173197,1.011666,-1.4517287,-1.051781,15.156895,-4.3264546,-0.49315625,-1.377332,0.014790232,-0.17944813,-0.4639717,23.995129,-0.52201116,-0.8544733,-6.8283443,-1.2053645,-0.63718253,-0.14344217,-0.23234302,-0.15604317,-0.93776745,0.55307955,-0.6326977,-0.4651904,-0.77103764,1.1400962,0.67209226,10.324748,2.728199,1.3103322,4.1121955,-1.5821142,-0.9994088,0.5878164,3.4242818,6.157883,0.25491038,18.48943
-6.216088,-0.39336792,-0.46490943,-0.94480586,-0.37608707,-13.277231,-11.821724,2.171403,2.1234374,-0.9770771,1.1617287,-0.58366966,-1.554949,16.82438,-6.0644736,0.6021893,-2.5506997,-0.17448364,0.58172506,-0.993191,24.582748,0.42496097,0.01927326,17.552677,-0.052072063,-0.68771416,1.0620599,0.03472168,-0.09764227,-1.0165718,0.3218195,-0.9357624,-0.9918515,-1.9917355,0.49082395,0.111002125,-3.1731558,3.162919,-1.3240288,3.1876214,-1.379541,3.4573374,0.7705007,3.487216,5.153826,-0.038301677,14.172476
-4.3282948,-0.13459271,0.5028223,-1.208557,-0.6479923,-18.285402,-15.511881,4.392411,-0.81527996,-0.8054544,0.4861682,-1.8266389,-2.5771697,22.578968,-1.9883496,-0.41231945,-2.9149537,-0.7358654,-0.20349184,-1.204065,20.272575,-1.0341946,0.43444067,22.430988,-0.6960684,-0.63450366,0.3886678,0.085892916,0.27202886,-0.4049878,-0.1552882,-0.3347122,-0.48013994,-2.9608483,0.18810223,-1.6814135,10.610546,1.920741,-3.4803908,3.0496366,-1.5094249,3.933042,-1.2823188,1.5650135,5.9167438,0.17832054,12.386731
2.0908518,-0.22762878,0.24435939,0.66395277,-1.1470367,4.808118,1.340291,-6.9077334,-9.189213,-0.9498671,-0.49861422,-0.0010743043,3.721051,-16.750687,-1.4409255,1.1890922,0.044040274,0.54748726,-0.13113534,0.02966524,-3.6756537,0.42544723,-1.4158789,-19.418459,5.63625,0.21066901,-0.13801871,-0.06894502,-0.40311885,-0.6597055,-0.0752051,-0.26725075,1.9597481,1.5930198,-0.3627193,0.028237563,-7.1966953,-0.34173366,-0.66886115,-4.001615,-0.18298885,-0.69250804,-0.37519887,-3.138836,-9.750295,-1.1391236,-17.412922
2.1269379,-0.08137293,0.3305109,1.9032738,-1.1832484,5.217388,2.166844,-7.6981163,-10.192722,-0.33616197,-1.916761,0.061047498,3.345915,-17.334404,-1.1891929,1.1149883,0.07326369,0.555735,-0.072540395,0.7238564,-5.0492015,0.04442174,-1.2153728,-19.793425,5.6285706,0.20404229,0.55463296,-0.055486813,0.15591402,-0.7975845,-0.21090208,-0.27907085,1.621974,5.167571,-0.18548062,0.16397631,-7.323058,-0.28879753,-0.8513796,-6.835974,-0.112986065,-0.60026276,-0.45290187,-3.954029,-9.2689495,-1.1648614,-16.93836
3.137845,0.13491017,0.17396712,-0.45960754,-0.4481971,15.65211,19.183334,-5.940858,0.8996303,-0.7101271,-3.9519937,0.8155394,4.6563053,-11.231802,-1.1402527,1.4761852,0.9133231,0.93861014,0.43102384,2.3041103,3.574917,0.1798294,-1.5273752,-10.762095,0.07337711,0.8813097,-0.33679554,-0.21149011,-1.3388337,0.7126149,0.35228026,12.067539,-0.5738353,15.555999,-0.09861698,-2.3264015,3.3370543,0.1335392,-0.42803633,20.626566,6.7797837,5.496587,-0.2908813,-4.2183833,-6.855876,-0.99330276,-10.925732
4.09212,-0.33128867,-0.21102,-0.69425195,-0.31564215,16.510094,12.69566,-5.8277206,2.619478,3.893513,-4.0365605,0.71531093,5.53368,-8.8787775,-1.6171763,0.112135336,0.13269287,0.302452,0.08977662,11.85647,-5.1567507,-0.38763088,-1.7537045,-18.221584,-0.2687773,0.10063307,1.7618502,-0.39115047,-1.2355081,0.30715108,0.16452211,8.620657,-0.64088154,19.30168,2.139174,0.7930773,-0.64537424,-0.45847797,-0.6961775,23.220592,8.560656,5.538154,-0.3254016,-2.9054878,-5.175762,-1.2545699,-14.0344095
2.1500902,-0.29190308,-0.14974238,-1.0189176,-1.270087,17.099014,18.72206,-7.7572145,1.1846077,0.78641844,-3.8139074,0.6173638,4.0786314,-8.872342,-1.3701572,1.4522444,0.7617881,0.6951855,0.3777373,2.194449,3.143885,-1.0305711,-1.1483958,-11.955365,-0.0028510531,0.28358096,0.066799976,-0.3741057,-1.458555,0.75328314,-0.06863272,10.989063,-0.696708,17.595259,0.24409333,1.5522871,1.3171041,0.031919714,-0.4998655,21.886194,6.487726,5.483885,-0.27697474,-3.0679224,-4.484829,-0.83161604,-13.756976
2.8828309,-0.36354473,-0.62606424,1.0270227,-1.4328971,16.290476,19.141298,-7.315009,-1.3985113,0.8295622,-4.5747933,0.63188994,3.7634258,-2.105504,-1.3854098,1.8126652,0.6899326,0.8715353,0.22097798,2.5145118,2.288563,-0.20999713,-2.1795971,-11.606203,-1.4330875,0.2963321,-0.46196362,-0.35208625,-1.5602914,0.59891474,-0.10196308,11.011132,-0.48227265,18.442759,0.30955142,1.4625497,0.9305896,-0.012619964,-0.6234745,19.716171,6.5549197,5.213568,-0.44328612,-3.7546427,-4.572337,-1.3135551,-13.242366
3.0213757,-0.21470633,-0.033343058,0.17634247,-1.2512034,16.866365,18.913269,-4.9746985,-1.0916402,-0.73542416,-4.616281,0.6613902,3.2234328,-3.285356,-1.1705425,0.580566,0.653616,0.82320607,0.24881956,2.920086,4.1606207,-0.028032903,-2.1016984,-11.340791,-1.328379,-0.17366098,-0.41527864,-0.3395157,-1.6999029,0.5470535,-0.17503217,10.998971,-0.87386155,18.97999,-0.603673,1.1052067,1.327245,0.11242983,-0.93655765,18.897598,6.548162,5.3569856,0.22382815,-3.6234627,-4.6317143,-0.7774137,-14.065265
2.9310443,-0.09082471,-0.00045106758,0.50747097,-0.992486,16.812416,19.769592,-5.310372,-1.0729539,0.9341088,-4.417695,0.8480868,3.498591,-6.9177694,-1.2276905,1.5897963,0.7505745,0.8511341,0.14434159,2.915617,3.9766247,0.011089686,-2.1497533,-10.790529,-1.2675548,0.32451603,-0.12064238,-0.23208025,-2.560324,0.58669233,-0.13919526,11.016322,-0.51040846,15.456843,0.55098367,-1.9301609,1.3637199,0.3426684,-0.59403205,20.382954,6.9944196,5.435009,0.26574922,-1.9632916,-5.1178246,-0.8148377,-14.3997555
2.8506255,-0.14564018,0.12545735,0.3283806,-1.005365,14.394444,19.83473,-5.516577,-1.2263143,-0.4473722,-3.1600473,0.5927117,-0.08225906,-2.6915119,-0.9990058,1.828855,0.81891125,0.72832304,0.15607755,2.745142,4.3053203,0.27045873,-0.6736358,-11.152359,-1.1169908,0.28721365,-0.29702306,-0.14941259,-2.785341,1.3250903,0.0136011755,11.5238905,-0.5480922,14.192542,0.009645652,-2.7865071,1.2977341,0.2744839,-0.23513627,20.244505,6.0780034,5.322367,-0.019188087,-1.4013376,-4.78402,-1.0077288,-11.578424
8.411223,-0.41385904,0.72123104,0.46191406,-1.4934326,12.676778,11.662155,-8.4163885,-2.058693,-0.33021218,-4.4169126,0.7390323,-2.1632736,-4.5724144,-2.8364644,0.07839007,0.9391085,0.6798318,0.23213695,-0.003200567,4.8353567,1.0568141,-1.6882331,35.948544,-1.937508,0.38152143,-0.057878405,-0.07594163,-2.7958267,2.2152078,-0.23030476,17.137993,-0.9795312,16.902088,1.9258082,-3.3516304,-3.2042005,-0.32866606,-0.8144893,14.425568,1.9617658,3.8918386,-0.509733,-2.740765,-4.4062653,-1.4520274,-11.858988
2.924611,-0.27560386,0.17489456,-0.14985144,-1.7187257,15.275905,16.287888,-6.01526,-0.779597,0.87806004,-4.4058523,0.21833114,3.694916,-4.7025604,-1.9194089,1.3659226,-4.420771,0.86550695,0.2311903,2.5461032,1.7193518,0.08073317,-1.1606768,-10.539758,-1.2393059,0.17217492,-0.3158232,-0.23679145,-3.09666,0.6401995,-0.09646753,10.15397,-0.47654167,19.269337,-0.39071628,1.8243036,0.44332567,0.33417198,-0.9872629,19.388594,7.814796,5.382803,0.19869837,-1.6003933,-5.5488706,-0.66023034,-13.755516
2.898449,-0.03676455,-0.16910128,-0.17038542,-0.8244004,7.9422207,12.359585,-7.0901423,2.5017393,1.970834,-3.6925368,-1.1203899,2.5735304,-10.712536,-0.46156976,0.023316208,0.5704103,0.73531526,0.24312513,2.449376,3.0584173,-0.6589714,-0.4181929,-18.286673,4.7002187,0.19723065,-0.07083689,-0.13266326,-2.0971446,0.6415044,-0.055908598,-1.4938997,-1.2092167,18.606686,-0.13357334,2.6022918,-6.253265,-0.61284566,-1.3269339,22.362503,3.98508,1.1334149,0.81496155,-1.6246622,-8.515313,-1.4070435,-16.5089
2.1206706,-0.22830236,0.35482696,1.2560825,-1.1434488,5.039195,2.1637435,-6.9102416,-10.149624,-0.7339267,-0.90143543,0.100003466,3.318947,-17.585238,-1.4000474,1.3397703,0.10907418,0.60106266,-0.16228561,0.39362118,-4.9105535,0.36105374,-1.2986768,-19.18897,5.2981834,0.21459435,0.32264018,-0.1772137,0.18260467,-0.7604786,-0.061583817,-0.32383814,2.1313777,1.9041315,-0.13026462,0.052942347,-7.753837,-0.3489245,-1.0050157,-3.7716393,-0.21863605,-0.5358159,-0.3753666,-3.4957032,-10.306175,-1.1484642,-16.621904
2.1881003,-0.14616135,0.2767228,0.6497654,-1.1227446,4.634192,1.2052819,-6.869834,-8.875921,-0.8646357,-0.709177,0.008425771,3.7603195,-16.773712,-1.4539354,0.62826955,0.011801599,0.5585185,-0.17120036,0.049092542,-3.503774,0.44419262,-1.3979336,-19.016373,5.638602,0.20462696,-0.3159774,-0.040913776,0.089178756,-0.6883411,-0.20201516,-0.32971638,1.8632082,1.6676762,-0.49910095,-0.3460774,-7.3574953,-0.33411995,-0.9351997,-3.9556277,-0.2076358,-0.72157156,-0.3474356,-3.1830716,-9.325985,-1.0645846,-17.24236
2.099704,-0.21637577,0.24145442,0.66784346,-1.1299309,4.9605813,1.2087682,-6.9001546,-9.693961,-0.9645289,-0.71726805,0.010698774,3.6848173,-16.791687,-1.4422721,1.1639469,0.041332424,0.5544049,-0.1346034,0.047342848,-3.653035,0.42258906,-1.4150208,-19.353636,5.865343,0.20156293,-0.14123201,-0.035915077,0.038894035,-0.677056,-0.07432914,-0.28118777,1.9109919,1.6271037,-0.32649383,0.013821551,-7.205173,-0.34791988,-0.70662385,-4.04374,-0.18168572,-0.6591583,-0.36029202,-3.1843853,-9.794571,-1.1390367,-17.315832
1.8654342,-0.002376509,0.24777152,3.0455096,-0.5027845,4.67079,2.010086,-6.9507976,-10.275358,-1.0158525,-0.71586686,-0.025732791,3.6099627,-15.947948,-1.4413832,1.1130173,0.12320463,0.5501071,-0.1495441,0.09330046,-6.0039153,0.44980305,-1.2675703,-19.589235,5.4422283,0.1843141,-0.17015275,-0.073689476,0.54965717,-1.4485328,-0.2247457,-0.29428592,1.9333519,1.605573,-0.37006506,0.07165423,-8.300966,-0.2979587,-0.92019075,-4.152518,-0.291414,-0.24402638,-0.4269244,-3.0878239,-9.762713,-1.1482071,-16.393476
-0.31424615,-0.37818196,-1.2347704,1.0117792,-0.26615646,-3.071994,-5.1828103,-6.850233,3.9777534,0.30672607,1.2579255,0.5929249,3.0214722,0.4039177,-4.9222455,0.16783263,0.036364574,0.50730014,1.3255916,-0.01996295,33.581417,0.69268674,-0.10565132,-7.8346562,-4.108,-0.30277866,-0.26844925,0.7404877,0.18611161,-0.00607462,0.47056285,-0.91427153,-1.8543228,-3.6929767,2.3747034,-0.492817,-8.020048,0.93494356,0.79642123,9.308944,0.27709743,-0.32115903,0.8721746,3.7308962,3.2797282,0.20346017,7.7089143
-0.42799687,-0.26876226,-1.3004588,1.280412,-0.6750845,-3.9434235,-5.800193,-6.5493717,3.7947416,0.73819476,0.72497904,0.29594776,2.8622055,-6.031889,-6.5954494,0.06445698,-0.049288243,0.5608243,1.1399356,0.39260185,37.69822,0.6450777,-0.96198696,-7.718837,-4.104538,-0.42523727,-0.5224765,0.7298578,0.18632829,-0.22128612,0.29927605,-0.37120146,-2.5650036,-6.3625436,2.0928972,-2.2726867,-5.8782554,1.1884187,0.5011378,9.96233,-1.4995304,2.7325807,0.508626,0.11161142,3.0728717,0.076014034,6.129077
-1.2669586,-0.6810379,-1.1126812,1.4359951,-0.449032,-5.474908,-6.912665,-5.149611,3.255489,-0.39439932,1.1981192,0.7855132,2.208839,-2.7315912,-5.9126477,-0.42269546,0.29330257,0.5061637,0.867375,0.7242846,32.769814,0.3288575,-0.35710078,-2.9046712,-4.402608,-0.543106,-0.49608928,0.5427855,-0.033388365,-0.27610126,0.25842875,-0.80596983,-2.093772,-7.1150913,1.8190876,-2.2679653,-6.848404,1.3323992,0.867422,9.316668,-1.05428,2.9345174,0.61988354,2.8341293,3.1387634,0.06563596,16.235413
-1.4851527,-0.6218704,-1.6402977,1.3937567,-0.26796237,-3.979199,-7.4455414,-5.3044457,3.4529514,-0.7225785,0.85398144,0.34866112,-0.39968142,-2.3179317,-7.060303,-0.21897936,0.26052216,-0.1898675,0.6787395,0.676814,33.058804,0.22220817,-0.59285426,-5.6413302,-4.6972113,-0.632396,-0.54142404,0.01888576,-0.16893706,-0.14248517,0.2851147,-0.2210729,-1.9768696,-6.665192,1.5683473,-2.4762208,-5.3775864,1.4650707,0.86648405,9.050356,-1.6902511,2.2453032,0.5895877,3.4428165,2.8614137,0.12939999,16.954477
-1.3581572,-0.7904679,-1.5208889,1.4538802,-0.473351,-4.6160994,-7.5146093,1.6469303,0.40227622,-0.909363,0.8329763,0.04967533,-1.390186,-0.34139615,-7.0556364,-0.8667987,-0.7136123,-0.08704094,-0.38039905,0.45245996,28.853504,-0.5380143,-1.0818795,-6.773321,-4.629828,-0.63466495,-0.17235753,-0.037169423,-0.19654791,-0.6754606,0.3270555,-0.6414996,-1.9807552,-0.75649655,1.0578076,-2.4244993,-1.0615405,3.9439628,0.7132866,8.901479,-1.6006538,2.6120675,0.20513278,4.5479116,6.6912165,0.23267414,16.818785
-2.4873066,-0.2862434,-1.774849,1.2856252,-0.4092962,-9.231879,-10.742113,-0.091383755,-0.26347739,-1.5813322,1.1136954,-1.9319057,-1.5658606,-2.233748,-6.8421946,-0.51277614,-0.94692135,-0.030300127,-0.68942744,0.46480572,22.94279,-0.76136804,-1.4143593,14.1882305,-2.8040144,-0.6836064,-0.1739609,-0.10154827,-0.39558867,-1.4640604,-0.011171031,-1.2253104,-1.7981008,-2.2635484,0.75623494,-2.9765306,10.897293,3.5737982,-0.28217778,8.82621,-2.1063242,1.9526212,0.11816125,2.2977335,5.923895,0.38080275,13.955096
-2.5722916,-0.034013838,-1.633094,1.7113138,-0.39563817,-10.219123,-11.052761,0.38855127,-0.12244899,-1.574011,1.1703717,-1.8787447,-1.8216866,-2.7857943,-5.932642,-0.44485822,-1.0717262,-0.0070851548,-0.6557144,-0.08671052,23.01255,-0.68363804,-1.9393533,14.201128,-2.9857943,-1.0527233,-0.37102792,-0.15762688,0.11960107,-1.2313638,0.05352078,-1.177665,-1.8022343,-1.0683986,0.7565155,-2.947343,10.999823,4.2181864,-0.6042148,8.707243,-1.4805369,2.0348687,-0.73057705,2.2447078,5.841956,0.36205658,13.279168
-3.5417032,-0.17760271,0.29830933,0.81946194,-0.28489798,-10.349344,-9.264658,0.3824504,-1.3102174,-0.7225398,1.1678077,-0.85234696,-1.8684111,7.8828435,-5.748848,-0.056108672,-1.323441,0.1357933,-1.0286409,0.069748625,20.349642,-0.08050442,-1.866957,13.342306,-3.1631937,-0.7370803,0.20430766,-0.090087436,0.11483233,0.039707433,-0.10635485,-0.95666265,-1.0207919,-7.275862,0.8393417,-2.8486557,10.299782,3.021381,-2.4615629,3.7315445,-1.5219071,3.738577,-1.1461713,2.202595,6.0720863,0.37902126,14.53736
-3.7110417,-0.06422049,-0.52189314,-0.46361592,-0.6900344,-9.248461,-10.271528,0.91159433,0.620709,-0.7586574,1.0149077,-1.188669,-3.1407557,14.716131,-4.1429467,-0.3717674,-1.9723948,-0.3385404,-0.67365396,0.6430487,20.423008,-0.8550334,-0.18657273,14.070374,-3.0607646,-0.4387128,0.010511899,-0.34647664,-0.07931626,-0.16969484,-0.057773355,-1.0772799,-1.1770433,-11.843886,0.3261533,-3.5234647,11.548518,2.7845156,-3.1166623,11.330506,-1.6985289,2.3529363,-0.34251565,0.4939836,6.8351316,-0.59762865,13.681472
1.369681,-0.13564622,-1.5296005,1.4958819,-0.5812707,-7.0065928,-4.5185003,-7.141448,5.9873624,-0.95539075,0.842373,0.73860246,1.7457137,-10.255243,-7.4736767,-0.501642,-0.06725602,-0.41722915,0.73221725,1.6757782,34.473557,0.21702586,-1.454195,-12.024583,-3.3071241,-0.6813136,-0.35962415,-0.22914407,-0.39540854,-0.2872686,-0.124486536,-1.9381359,-2.0343478,-6.0662465,0.89331424,0.39350766,11.155311,-1.0935148,-0.1779721,13.6804285,-2.0266585,-0.68455476,-0.8089746,0.5104637,1.6656038,0.28737184,14.083474
1.0097089,-0.2709986,-0.079730265,-0.057913337,-1.0255607,3.7992728,-0.3062371,-7.6669765,-6.320422,-0.7322491,-0.4470887,0.043206215,2.833195,-13.801376,-1.7899036,0.08669619,0.048727527,0.57472044,0.0357081,-0.59246796,-2.9265358,0.92664593,-1.6873903,-18.681543,3.804758,0.19869083,-0.2976887,-0.035899047,-0.012910204,-0.39530024,0.32333988,-0.6047758,2.1790097,-0.7949491,-0.6927824,-0.22232647,-6.884454,-0.15802006,-1.1476033,-4.148687,-0.34852454,-1.3932087,-0.29119775,-2.3364866,-7.8318996,-1.0601969,-14.872499
1.5187943,-0.13239737,-1.1825547,0.06066325,-1.0469196,2.2929327,-2.660757,-7.3837075,-6.09433,-0.7798199,-0.53061205,0.025532382,0.9721107,-12.88122,-2.3366292,0.017972207,0.24659827,0.13180257,0.030345986,-0.11758117,-0.29791254,0.8607065,-2.0574818,-17.833872,-0.32579437,0.07491863,-0.19790207,-0.78887874,-0.18094239,-0.10395314,0.0805613,-0.6964606,1.6242545,-2.2189496,-0.48661035,-0.13299376,-6.4193964,-0.2300561,-1.1325996,-2.1624393,-0.4342802,-0.9327947,-0.39358684,-2.025857,-4.526998,-1.0759678,-12.483036
2.0972376,-0.230353,0.24076436,0.667938,-1.1302092,4.96051,1.1733372,-6.8999887,-9.67126,-0.96331203,-0.7163172,0.009289586,3.6845088,-16.793713,-1.4422612,1.1410954,0.041903052,0.5549544,-0.13460523,0.05053565,-3.6344004,0.42204365,-1.4141912,-19.38913,5.863265,0.19846429,-0.14035033,-0.035919562,0.03915941,-0.67631525,-0.074256584,-0.24859537,1.9126718,1.616982,-0.35067257,0.014064326,-7.201098,-0.34806553,-0.6722705,-4.048288,-0.18272403,-0.66295683,-0.36495137,-3.1847577,-9.790987,-1.1393399,-17.282162
1.1311954,-0.014290857,-0.90953076,0.45381406,-1.3129112,4.0045877,0.75887716,-7.7438874,-7.778392,0.59529936,-0.51208836,0.39686078,2.7345233,-15.872812,-1.6517639,0.9653966,0.39006677,0.7039105,0.41152352,0.30268663,-2.4361682,-0.8776412,-1.2974541,-18.94455,-1.2930518,0.042796258,-1.527763,-0.028829727,0.302064,-0.64639676,-0.13885899,-1.9142716,-1.4704942,-3.9995167,-0.6911686,-0.23027144,-3.852475,-0.1943879,-0.9861178,-3.2908077,-0.38144335,-0.9461703,-0.08502338,-2.171187,-4.61445,-1.061584,-15.002752
1.2656196,-0.21833605,-0.055127762,0.27996153,-1.4448124,4.6982193,1.1163875,-8.444651,-7.546851,0.3659692,-0.39481738,0.42834735,2.0526443,-14.633747,-1.5259981,1.1709872,0.29032487,0.578899,0.109985866,0.65555584,-5.5421257,-1.3339924,-1.3773443,-19.305359,-1.1072503,-0.05817362,-0.6377897,-0.018950848,-0.057677183,-0.5866401,-0.016307848,-1.9149328,-1.153705,-2.9977055,-1.1025063,0.024745595,-3.2446454,0.050353117,-1.4832772,-4.2224307,0.42190537,-1.0888488,-0.057762634,-2.6890533,-4.7631984,-1.3983955,-14.072328
1.1756318,-0.19784614,-0.9874552,0.25537217,-1.2735238,4.1699047,0.11153473,-7.0430546,-7.672789,0.59235436,-0.440465,0.38738778,2.204402,-15.650482,-1.6509339,1.0940773,0.31880853,0.63221747,0.05661309,0.29443505,-2.626376,-0.8911466,-1.624365,-18.962217,-1.3311881,0.021594044,-0.5070885,-0.023782616,-0.038473558,-0.46296215,-0.14169216,-1.9233695,-1.2453767,-2.9717233,-0.93723655,-0.25312513,-3.6326988,-0.6044103,-1.1712922,-3.5615685,-0.3237507,-0.87841856,-0.082036145,-2.693457,-5.396611,-1.0872989,-15.019048
1.202136,-0.023946986,-3.2108753,0.34366292,-1.5066365,5.515149,0.9002931,-8.620883,-7.50402,0.5189281,-0.40156373,0.3869471,2.9976017,-15.765727,-1.5345168,1.0591655,0.48704055,0.6234445,0.096876904,0.5549208,0.44269797,-0.8183197,-1.4761515,-18.532263,-1.0777076,-0.06337484,-0.4566263,-0.045208097,-0.037060536,-0.5380169,-0.116512395,-2.0024407,-1.417514,-5.4649153,-0.028701248,0.50235724,-2.130458,-0.5119798,-1.5826435,-3.7258682,-0.37562877,-1.0657942,-0.16882832,-3.3497698,-5.7285757,-0.9318666,-13.761855
0.5005317,-0.28799093,-1.5770923,0.37793532,-1.3973634,3.1420233,0.3145025,-7.1011505,-7.211535,0.64816386,-0.42525834,0.6199575,2.7515774,-16.10317,-1.4936028,1.0954983,0.38929138,0.60477525,0.053231675,0.30590314,-2.598222,-0.8511457,-1.5166734,-18.334145,-1.2488132,0.28898937,-0.43607622,0.013540444,-0.06922867,-0.53009677,-0.24038762,-1.803779,-1.2087972,-5.2868137,-0.5265586,-0.25587174,-3.7840571,-0.87048197,-1.3208593,-2.9750519,-0.21139576,-1.074989,-0.12844731,-2.059088,-6.191267,-0.79419154,-13.289331
-3.5301833,-0.54073983,-1.9122795,-1.3965427,-0.79226536,-8.9431505,-12.24479,3.2795236,-3.3599286,-0.99581444,0.7226135,-0.9530277,-2.3238215,-0.78087294,-6.5457783,-0.37493575,-1.1130464,0.035597462,0.29475474,0.35275066,25.8608,-0.068404995,-1.1694129,-6.564144,-3.3027325,-0.7316626,-0.24319589,-0.13518646,-0.5473959,0.0909498,0.08873491,-0.051358435,-1.9324341,-6.241136,1.913453,-2.919383,10.42105,2.849265,-3.0743754,8.470144,0.10923105,-1.1628522,0.3618285,-0.34034306,5.236518,-0.38089865,3.1689715
-6.312634,0.08569737,-1.4673142,-2.0390632,0.10625439,-12.643059,-12.436151,3.0979922,-5.0567555,-0.7383482,0.997831,-2.6422555,-2.00738,9.393814,-5.893105,-0.30674928,-1.3667742,-0.2842445,-0.2765309,-0.44321698,23.63186,-0.6830488,-1.512769,-7.5655885,-3.2284093,-1.1651793,-0.31732896,-0.19939779,-0.82401246,-0.7862859,0.096924715,0.5031361,-1.9158008,-10.070873,1.2658026,-2.1502814,9.903249,3.0558956,-2.2843204,3.3821046,-0.63878983,-0.79232913,0.2778802,-0.4673513,5.042864,0.31380036,4.6170483
-5.4435062,-0.16730677,-1.0150964,-2.1760173,-0.07313522,-8.27415,-11.321281,3.552761,-3.6742258,-0.6372716,1.1751032,-1.1020291,-1.9294654,9.368284,-6.2715907,-0.5238631,-1.4477061,-0.030579073,0.046897754,0.25735736,23.240917,-0.15628065,-1.3360293,-7.4925065,-3.7055652,-0.68426454,-0.3735292,-0.022515755,-0.9239592,-0.38500148,0.13129446,-0.55452853,-1.8386513,-9.441975,1.3175964,-2.3601358,10.266664,2.909907,-1.8000089,3.7439253,-0.20484883,-0.9891296,0.3921854,2.3069508,5.0170236,0.3168039,3.4815695
-4.834868,0.14527999,-1.4398206,-2.2651389,0.091130875,-9.331514,-12.245849,3.5854864,-3.2079213,-0.44010973,1.1910071,-1.3759257,-1.5600492,-1.4176987,-6.3394165,-0.7271916,-1.1502855,-0.15252611,0.4387338,0.035737067,25.177902,-0.4422465,-1.3043485,-9.778516,-2.5366192,-0.7120089,0.54323864,-0.19627312,-0.22845495,-0.86741126,0.29787174,-0.16553722,-2.4532998,-6.128337,1.5464122,-2.368159,9.952989,3.3918746,0.41339892,8.414801,-0.14034402,-1.190931,0.24395326,2.3649142,5.3198676,0.24903119,4.420762
-1.8933883,-0.5292267,-2.0651872,-2.0729809,-0.23756397,-8.341731,-16.321491,4.844422,-3.756967,-0.8233876,0.80037534,-1.8458012,-1.819803,-2.6018875,-5.5131845,-0.9881216,-0.6812314,-0.27701643,0.4665629,0.2296586,26.534758,-0.38073322,-0.5355349,-5.8646045,-3.269146,-0.8444088,-0.3679733,-0.37282762,-0.40209398,-1.5687852,-0.020152008,-0.00076258945,-2.161403,-7.187319,1.6197674,-2.5631628,10.430478,3.1969903,-2.9850962,8.125984,-0.5402425,-1.588759,-0.057365257,-2.4236326,5.019741,0.13313615,15.033816
-5.4501157,0.048339073,-1.0816945,-2.7676647,-0.41124776,-16.380802,-15.580748,0.2884509,-5.699156,-0.8578001,1.0412037,-3.171887,-2.0466068,6.179017,-6.338306,-0.5432411,-2.1729455,-0.43717846,-0.72609663,0.13107488,20.195747,0.35937643,0.81658816,14.804617,-2.3194802,-1.2450825,0.6603351,-0.2539011,0.0021936044,-0.24001536,-0.09559615,-0.6495466,-1.4953077,-11.894177,1.745155,-1.3262507,12.103548,0.5968284,-3.37929,3.7239394,-1.0531933,1.9850509,-0.9517765,1.8223914,5.9148083,0.23053087,9.086726
-4.7979865,-0.3285825,-1.4779793,-1.2156602,-0.52726865,-8.363231,-14.4940605,3.421468,-0.66450787,-0.77460486,1.4886475,-1.185461,-2.0837395,-2.1527014,1.851102,-0.45586425,0.98648334,-0.013088258,-0.12191775,0.42090526,26.92577,0.07036157,0.10932402,-5.540698,-2.3487818,-0.95516354,-0.5538448,-0.1068217,-0.41089767,-1.0512176,0.15887786,0.37975866,-1.8527784,-8.128915,0.8379306,-0.093638964,11.132003,2.7306125,-2.60079,8.41727,-0.5618354,-0.82036155,0.31683353,-2.3154435,6.960708,0.15837511,8.977082
-10.407253,0.0062276544,-2.3845387,-1.6707928,-0.40679342,-15.982568,-11.571581,-0.037687715,-3.4796257,-0.81775975,1.2271345,-2.7317977,-2.066421,-6.2720017,-7.7876105,-0.5210795,-1.9931723,0.015156456,-0.37345013,0.46713033,23.018297,0.37293786,-1.1682875,15.816418,-2.3807971,-1.4216511,0.38443223,-0.2526308,-0.1030497,-0.7334441,-0.07497039,3.1383033,-1.7977117,-7.8203983,1.6403555,-2.154256,10.920981,1.2016087,-3.0096412,8.370152,-0.1678605,-1.2830647,-0.68774873,-1.3713509,6.3910427,0.21556501,13.5367985
1.1251357,0.06411647,-0.5376839,0.36502028,-1.1176796,3.8963037,0.27353433,-7.0189247,-8.218098,-0.6003989,-0.92734647,0.102409184,3.7099562,-15.824892,-1.6569896,0.026840337,0.12819369,0.60679215,0.07420253,-0.3381054,-2.903406,0.5245588,-1.3334644,-19.26413,4.352274,0.21701571,-0.40279287,-0.028966941,0.29627156,-0.731776,-0.097858675,0.43291867,2.428263,0.8927557,-0.5344499,0.4034126,-7.003098,-0.29168817,-1.0913488,-4.0326166,-0.25546467,-0.91781884,-0.40416166,-3.125591,-7.4339485,-1.0720909,-17.123125
1.1428766,-0.19379811,-0.21497193,0.37429875,-1.0194013,4.056673,0.29193178,-7.5815673,-8.023862,-0.7768347,-0.7316264,0.07500897,3.7111437,-16.222334,-1.7419827,0.02706429,0.043760777,0.6165965,-0.0053330087,-0.33447778,-3.11422,0.5892283,-1.3670557,-19.211885,4.3352056,0.21586244,-0.36551595,-0.045341045,0.29993287,-0.43507984,-0.14681599,-0.61270285,2.227209,1.6985912,-0.574175,0.28495303,-6.8441067,-0.3093773,-1.1704742,-4.0112615,-0.3753309,-1.3564157,-0.35774347,-2.7823818,-7.2744846,-1.080488,-15.869475
2.0811532,-0.20692684,0.2305566,0.6989749,-1.0968242,4.9295917,0.82329047,-6.994111,-9.611101,-0.9420018,-0.70077467,-0.011553858,3.6789622,-15.746367,-1.4535817,1.130558,0.045540128,0.598796,-0.13595358,0.03380674,-3.456619,0.48873687,-1.2503148,-19.303114,5.6653104,0.19429092,-0.13306002,-0.07899494,0.1614082,-1.4719427,-0.18043005,-0.100049004,1.9332033,1.7089251,-0.30599755,0.3451893,-7.360157,-0.3913853,-0.87521076,-4.0614977,-0.009397296,-1.2607559,-0.42581645,-3.5459852,-9.793413,-1.065006,-16.91907
1.1593276,-0.19476478,0.046532154,1.3093387,-1.1630677,3.8907332,1.4689159,-7.1999536,-7.197922,-0.8397802,-0.57925195,-0.0233519,3.9137897,-14.961554,-1.8008821,-0.017589198,0.06039111,0.65087515,-0.078880884,-0.6153885,-5.125057,0.9793701,-1.5261953,-19.893003,3.6840367,0.09726436,-0.36039874,-0.019262549,-0.0062319487,-1.45322,-0.06979633,-0.7498084,1.5814865,5.522257,-0.4446172,0.16632892,-7.413618,-0.46911982,-1.2148988,-7.111309,-0.3979699,-1.1977674,-0.2609261,-3.1449802,-7.106641,-1.0886109,-14.863594
-1.8993021,-0.20154215,-2.1365678,-0.6884603,-1.3336754,0.16734451,-5.6019278,4.1548405,-18.11553,0.250824,-0.06777289,-0.22899969,-1.2688289,-9.047926,-3.170526,-0.18780316,0.0009104843,0.059578937,-0.47852686,0.67075884,0.11911195,-0.01267294,-4.3863096,-11.405735,-2.9913132,-0.05496401,-0.09752113,-0.039747834,-0.13635485,-0.5161849,0.6113112,2.2766626,3.9707599,-4.452591,-0.2678964,0.6657303,-6.7239866,-0.15880536,-1.2394744,-0.69449943,-1.2630465,-2.3330057,-1.4687845,-3.011236,-3.890003,-0.5921721,-6.9174314
1.6573625,-0.17126596,-1.2744759,0.23955168,-0.53512764,3.9393418,-1.0189492,-7.235892,-6.0591054,-0.5126051,-0.36565644,0.175849,2.61453,-12.550425,-2.4317982,1.3263961,0.2964895,0.27065736,0.008107164,-0.33638018,-0.3567463,1.2605493,-1.9051296,-19.352467,-0.43496352,0.10125513,-0.4729494,-0.037524596,0.24104062,-0.092796035,0.2680082,-0.8468837,2.656994,-1.5836093,-0.9945562,-0.027775653,-7.347674,-0.18555458,-0.94307166,-4.248247,-0.43856728,-1.136836,-0.43027687,-2.0297694,-5.966926,-1.4045104,-14.389785
1.0914754,-0.33626682,0.2610779,0.4969827,-1.0961866,4.244689,0.26077613,-7.616151,-7.0540943,-0.7117567,-0.5100558,0.094656736,2.922708,-14.237366,-1.6597066,0.08880797,0.0065095886,0.5688882,0.07655145,-0.33640406,-3.2946537,0.44424286,-1.4711949,-18.594187,4.3238583,0.24795036,-0.38947576,-0.026919447,-0.10063276,-0.4228407,0.2098158,-0.58849734,2.2650623,-0.5401532,-0.7176379,0.07686653,-7.196446,-0.2936377,-0.84982795,-4.1843104,-0.2610178,-1.4419973,-0.35213012,-2.4717662,-7.8601627,-1.0473881,-16.023424
1.1551297,-0.33770853,0.24060388,0.5051152,-1.0684531,4.400538,0.2854436,-7.143168,-7.1083164,-0.73139143,-0.48297492,0.054237887,2.8456008,-13.012184,-1.6564802,0.089210525,0.013134798,0.59428805,0.027932113,-0.43992123,-3.3200285,0.47484928,-1.3976032,-18.62494,4.565446,0.2542881,-0.37218276,-0.034279414,-0.12861675,-0.69621694,0.17396712,-0.7851971,2.282514,-0.5751836,-0.6701554,-0.20708933,-7.108341,-0.3611239,-1.1448101,-4.1760955,-0.25002804,-1.2135993,-0.35976687,-2.9835963,-7.9082303,-1.043822,-16.638079
1.0709046,-0.13568442,-1.0635389,0.30703238,-0.7286227,3.5947464,-0.94097346,-7.3568077,-6.3176665,-0.86960125,-0.34826925,-0.012344539,2.687358,-13.106719,-1.9589139,0.098635554,0.25560322,0.30887598,0.04703535,-0.36133513,-0.42204192,0.9181349,-1.7339543,-19.33994,2.1095796,0.080239914,-0.5560742,-0.057013385,-0.038500585,-0.25411054,0.26350692,-0.81893677,2.3054833,-1.6819391,-0.6126399,0.04328946,-7.241522,-0.21597594,-1.1770896,-3.792161,-0.4656955,-0.9667188,-0.49648672,-2.0351505,-7.6484904,-1.407725,-14.083349
0.4479364,-0.04756053,-2.3526452,-0.07819675,-0.5598647,1.8178355,-3.3222697,-7.4237423,-7.1220703,-0.9420758,-1.1156666,-0.6812838,1.2386582,-10.369024,-2.2603285,-0.44975045,0.052211173,0.12406494,-0.28773057,-0.3048345,0.11380629,0.8052376,-1.8424035,-16.468292,-0.79087055,0.035266764,-0.11951113,-0.06394051,-0.43818045,0.024669623,0.14796929,-1.2641475,-0.8373906,-3.2466774,-0.0785925,-0.52468604,-5.9161897,-0.43440977,-0.89355314,-2.4040542,-0.9691375,-2.009486,-0.29038638,-2.012951,-4.3678956,-0.3963436,-9.031265
2.0064895,-0.10501281,0.3823913,1.1383643,-1.1640699,4.9644556,1.8251505,-6.90098,-10.291538,-0.19632307,-0.5706107,0.0023989526,3.716005,-16.471533,-1.4545918,1.1504846,0.11726697,0.59647363,-0.12007098,0.030992497,-4.6861787,0.5401793,-1.3532493,-19.31408,5.445167,0.16102333,-0.15433376,-0.25031182,0.15119344,-1.4384134,-0.14714003,-0.41054165,2.0427983,1.6574275,-0.2782302,0.060227275,-7.6763577,-0.2986784,-0.90448153,-4.04961,-0.48112208,-0.18915226,-0.41345733,-3.7156794,-9.922897,-1.0311846,-16.71972
1.9740063,0.037439346,0.22935894,0.5684951,-1.0843829,5.964841,1.6564194,-6.8863406,-10.333684,-0.9023733,-0.7361694,-0.027522434,3.6600916,-15.7599535,-1.4798498,1.2098521,0.114902824,0.615372,-0.12737644,0.14213637,-4.6937118,0.48803285,-1.3883845,-19.370457,5.1200695,0.19915284,-0.15128775,0.47668487,0.1337467,-1.4621474,-0.15062024,-0.3977826,1.8617469,1.7403511,-0.007963697,-0.02300536,-7.203255,-0.272973,-0.74133426,-3.8402987,-0.4890909,0.0028630316,-0.40467256,-3.3577678,-9.93596,-1.0214018,-18.859055
2.338517,0.12663299,0.35819012,3.2640135,-0.079694934,5.08832,1.5667926,-7.6801834,-9.302842,-0.9124223,-0.5574672,-0.020981401,3.578267,-16.028584,-1.43391,1.1761441,0.12285084,-0.09073784,-0.13072036,-0.012974916,-5.6583605,0.46966678,-1.34947,-19.62381,5.571145,0.15244082,-0.21632132,-0.022598842,0.0040810704,-1.5191729,-0.11696642,-0.30181885,1.9082719,1.5367788,-0.3092429,0.083048865,-8.0567,-0.2934903,-1.1750618,-4.150778,-0.35958838,-0.59748745,-0.42162746,-3.253535,-8.781057,-1.1479824,-17.032314
1.4116956,-0.1541382,-0.6344922,0.19952248,-1.28259,3.2418516,0.017902112,-8.4762,-3.380266,-0.48968276,-0.5498546,-0.05242322,2.327193,-14.470926,-1.759176,0.4680066,0.1931629,0.40599883,-0.077286094,0.10833525,-4.2123985,0.10109682,-1.2918118,-19.465532,-1.8812716,-0.091100164,-0.40113047,-0.061373077,0.37113303,-0.50620604,0.01069255,-1.4807405,-1.4912714,-1.902762,-1.4953139,-0.6074286,-6.2365155,-0.37256867,-0.97882825,-4.052382,-0.4382443,-1.2189289,-0.5370568,-2.3821962,-5.793723,-1.5922651,-14.0363
1.3513256,0.023063574,-1.1265447,-0.6979442,-0.60622674,1.5476571,-2.9946706,-7.2616234,-2.3114388,-1.0058825,-0.56979036,-0.22035445,0.6407743,-13.440788,-2.3953989,-0.0016490794,0.31641075,0.14741057,-0.05501434,-0.56521964,-3.5709636,0.4931109,-1.6781312,-16.91267,-1.9660232,-0.27664402,-0.22067443,-0.004817029,-0.25311863,-0.40222305,-0.15530759,-1.4138833,-2.2905576,-1.9719131,-1.9127544,-0.7743354,-6.843364,-0.056195166,-0.70354366,-2.7921362,-0.7299202,-1.3139169,-0.32020992,-2.1941144,-4.8617206,-0.44953778,-12.253964
1.4113402,-0.14943355,-0.56133515,0.22192794,-1.2575152,3.2026424,0.07381103,-8.380573,-3.4262156,-0.5342474,-0.56302893,-0.055647876,2.3274412,-14.516203,-1.749117,0.4639313,0.16696033,0.40587938,-0.11387454,0.117459044,-4.418258,0.08745786,-1.3100605,-19.510378,-1.8862027,0.04086561,-0.67570716,-0.09156332,0.33167645,-0.6893028,-0.020631867,-1.6645762,-0.938761,-1.8942953,-1.2221706,-0.63401157,-6.9824915,-0.38469508,-0.67440057,-4.096799,-0.45181504,-0.60289466,-0.44143796,-2.3139436,-5.6837044,-1.5979029,-14.347079
1.4093933,-0.23177908,-0.56155425,0.19481172,-1.2653298,3.1272898,0.16789064,-8.390463,-3.3687823,-0.5708222,-0.55088484,-0.050160103,2.3248012,-14.5973,-1.7566267,0.4681632,0.17228204,0.4090979,-0.10583545,0.13915254,-4.2599435,0.11723795,-1.2777432,-19.492899,-1.8835299,-0.06864009,-0.4722245,-0.02730566,0.34095308,-0.5097879,-0.0022110986,-1.468025,-0.95176095,-1.9153645,-1.2693795,-0.7530971,-6.984677,-0.41829526,-0.68142277,-4.0274363,-0.4339203,-1.2445606,-0.27084708,-2.2772167,-5.7902083,-1.6100165,-14.142299
2.0913174,-0.20443696,0.14108804,0.6669594,-1.1625422,4.805317,1.3355043,-6.8507323,-9.157783,-0.95136476,-0.5046472,0.002576058,3.7207747,-16.78649,-1.4312971,1.1943438,0.044652723,0.55029035,-0.12567015,0.0313567,-3.6736033,0.42274833,-1.4200321,-19.42567,5.700369,0.20906419,-0.13851203,-0.32099098,-0.49133152,-0.69328177,-0.06948753,-0.26650575,1.7514238,1.5812227,-0.34084815,0.032651592,-6.9255137,-0.33705813,-0.66882515,-3.7494671,-0.18939468,-0.6989957,-0.37552017,-3.1395564,-9.750459,-1.1381553,-17.346115
1.9396216,0.106703356,0.32904842,2.7254808,-0.3834884,6.959269,2.4646068,-5.5426364,-11.9442005,-0.054447897,-1.927575,-0.009628848,3.2426116,-17.353357,-1.4843585,0.814058,-1.6915985,-0.029848486,0.16184318,1.6502652,-4.4729447,-0.9751387,-0.69256693,-19.399158,5.2505794,0.19424571,1.121132,-0.007246345,-0.2942472,-1.4222021,-0.051312447,-0.029789275,1.5900984,6.6332216,0.18818568,0.11038128,-8.848845,-0.35694122,-1.6863637,-7.254257,2.0043426,-0.25414577,-1.3513606,-4.584392,-9.456442,-1.1193265,-18.878284
2.0828183,-0.32173467,-0.1216386,0.6530082,-1.2160835,5.007883,1.1055897,-6.821198,-9.260581,-0.9470743,-0.57484764,-0.0051274956,3.6442494,-16.818773,-1.4639531,1.1239431,0.101433456,0.576701,-0.22283468,0.03428704,-3.7092595,0.39265767,-1.4043238,-19.653772,5.7101808,0.19866073,-0.093352735,-0.4135807,-0.36392897,-0.7110153,-0.07169025,-0.15638697,1.7679638,1.6373574,-0.40801227,0.031631287,-6.9963007,-0.34919104,-0.7304339,-2.458767,-0.23452654,-1.2498618,-0.41577274,-3.4288843,-9.653879,-1.149004,-17.677206
2.076128,-0.20216069,0.16053852,0.68479687,-1.1637505,4.8028784,1.2368267,-6.8476844,-9.162831,-0.9494174,-0.50378907,0.0021003026,3.715457,-16.81844,-1.438671,1.1910076,0.04486873,0.54827315,-0.12649721,0.030876376,-3.4891133,0.4360998,-1.4160051,-19.401224,5.6946654,0.21250734,-0.13144174,-0.2971595,-0.4717037,-0.67614603,-0.06936477,0.051192176,1.7615985,1.605914,-0.37498388,0.033908524,-6.9543295,-0.3391891,-0.6666353,-3.785394,-0.18903221,-1.3199004,-0.39686713,-3.133311,-9.880616,-1.145944,-17.004568
1.171705,-0.20881633,0.23960364,0.64873976,-1.1448613,4.546572,0.6953473,-6.7216673,-9.384835,-0.9724135,-0.730399,0.018604644,3.6676037,-16.79298,-1.6463261,1.1507113,0.042899303,0.5578665,-0.13437648,0.050927028,-3.782588,0.42830348,-1.4519837,-19.134077,5.2082033,0.24325421,-0.19674252,-0.06691133,0.037005328,-0.6753947,-0.07308346,-0.24499927,1.9149688,1.6574563,-0.36465213,0.18297248,-7.073581,-0.33614248,-0.71628803,-3.9723628,-0.17828554,-0.6737514,-0.34436268,-2.947521,-8.180428,-1.1385096,-17.288954
1.2184732,-0.0738219,-3.070897,-1.4812429,-0.65699625,-0.55573124,-6.699795,-8.776546,-3.2965927,-1.1027243,-0.03877957,-2.0574055,0.2235406,-9.768575,-2.2545648,0.42955714,0.6531147,-0.2634118,-0.110641606,0.28870523,0.8328469,-0.032902326,-1.2852633,-17.753616,-2.4950194,-0.19914761,-0.067461446,-0.11973131,0.32251638,-0.5669321,-0.5328417,-1.4413764,-2.1503365,-6.2969036,-0.7621291,0.25365868,-4.6444325,-0.6765138,-0.8828107,-4.53788,-1.377134,-0.89772844,-0.16135538,-1.2852476,-3.4885108,-0.7887605,-10.837944
-0.9557889,-0.028167807,-2.602522,-0.7368797,-0.6534996,0.02139055,-4.560868,-11.182401,-5.1293435,-1.1776513,-0.047576964,-0.20688929,0.318511,-12.369538,-1.8601785,1.0879124,0.5291373,0.080533035,-0.44271684,0.55151576,0.12282512,-1.0751992,-1.4765347,-16.492563,-1.2106746,-0.11365677,0.24171324,-0.1367718,0.26484746,-0.57291275,-0.18395881,-1.0155095,-1.2522336,-5.348417,-1.3725435,0.62838864,-7.3166676,-0.67647237,-0.49871972,-4.4454966,-0.99192727,-1.247357,-0.8177003,-2.071322,-3.0772598,-1.1607198,-9.652073
1.4360301,-0.05766393,-2.5342956,-0.68554825,-0.48272038,0.19278799,-4.9229803,-11.230167,-4.9670157,-1.0413201,-0.6773246,-0.13192151,0.1844301,-12.831161,-1.9206289,1.0539753,0.4133947,0.087574184,-0.37346703,0.35967907,0.010992441,-1.1387503,-1.4373077,-19.52172,-0.6231453,-0.075712614,0.28326285,-0.06894505,0.011083706,-0.6648497,-0.3197989,-1.3353463,-1.3310506,-3.9191406,-1.5601267,0.8826275,-6.6442566,-0.47158793,-0.668592,-4.4659963,-0.8098519,-1.3637881,-0.08839135,-1.1298784,-3.158624,-1.1696965,-10.723417
1.2644547,-0.063851215,-2.691273,-0.6394051,-0.62309057,0.13707435,-5.579267,-8.1051655,-7.6653795,1.0989556,-0.45809105,0.28698903,0.79259807,-13.873528,-1.8938289,0.9664294,0.53049237,0.33811438,-0.035374302,0.5700289,0.13971592,-1.022917,-1.7245666,-18.841537,-0.9742523,-0.115209244,0.17800277,-0.110616826,0.52442646,-0.78658015,-0.36995673,-0.7051994,-1.1388763,-2.0688891,-1.3007559,0.67675763,-6.5443826,-0.67675185,-1.296092,-4.267968,-1.2953075,-1.2577568,-0.07929608,-1.2620529,-3.0315595,-0.9014492,-10.158775
1.2164512,-0.10459632,-1.9220567,-0.764916,-0.94835496,1.0790278,-5.2130966,-7.4477963,-6.3479543,-1.372864,-1.1746323,-0.38651907,0.49746305,-8.594563,-1.7128956,1.4134364,0.45479685,0.017806731,-0.15172099,0.7775276,-0.6621425,-0.7008389,-1.9473151,-17.994793,-1.2567238,-0.027911857,-0.06301827,-0.15767701,-0.20974159,-0.54604876,-0.35279608,-1.6083581,-1.9554728,-5.224212,-1.4591118,0.23642208,-6.386542,-0.33688557,-2.1530848,-4.0785995,-1.3398356,-1.3091712,-0.062197313,-2.1734283,-3.8629322,-0.84244806,-11.8475685
1.3803887,-0.2671009,-0.8004649,-0.1760837,-0.7728561,1.6668339,-4.523239,-7.860416,-7.2805324,-0.753338,-0.689896,-0.63640946,0.85305953,-13.007125,-1.6397331,1.0461904,0.47386542,0.35380837,-0.47573835,0.13946345,-3.0133252,-1.1154695,-1.792907,-18.620266,-0.6539006,0.065161474,-0.12688914,-0.011024021,-0.02337949,-0.32822636,0.54609686,-1.4333222,-1.1206032,-4.252491,-0.7416041,0.32600796,-5.951436,-0.28403294,-1.8420056,-2.2463863,-1.0150291,-1.2921941,-0.025550455,-0.9211906,-3.8704948,-1.3533834,-11.846764
0.80330825,-0.21216977,-1.0921009,0.2876688,-1.1356281,3.9503057,0.42948988,-7.078505,-10.4173155,-0.68697536,-0.7991276,0.06808354,0.6857012,-12.68351,-2.0778003,1.343457,-2.913471,0.60619825,-0.095005,1.6182542,-3.0052698,-0.76766706,-0.34612942,-18.6983,3.508238,0.077610046,-0.3395438,0.025228923,-0.18006785,-1.6125073,-0.19355793,-1.203324,0.9745821,-2.0118508,-2.0378165,0.13897765,-8.015688,-0.41315308,-1.9901725,-4.9658766,-0.5727297,-0.5503002,0.054373056,-2.8863647,-7.215205,-1.1014359,-16.349451
0.46698967,-0.35920432,-1.593695,-0.5595349,-0.61150384,0.13341506,-4.0533466,-11.117302,-4.6695495,-1.3716662,-0.15171799,-0.9379361,0.9820148,-13.516757,-1.8291658,0.9683757,-0.26755172,0.55084807,-1.09153,1.5720317,-2.9565563,-1.1838838,-1.6718204,-18.132801,-1.1579255,-0.30891663,0.012125677,-0.072357625,-0.1322772,-0.88914067,0.40935004,-1.0322205,-1.9374655,-5.505461,-0.6956563,0.558624,-5.9599447,-0.15132202,-0.76678956,-1.6772313,-1.0042948,-1.57463,-0.2595833,-0.96177506,-3.7817047,-0.9529909,-10.569968
-1.2864506,-0.2267857,-0.92353797,-0.5260849,0.047920134,-2.5451002,-5.61961,-8.045663,-6.125844,-1.4634199,-0.89018327,0.3369147,-0.43749696,-11.77105,-1.3134465,1.1973844,0.16993253,-0.5821364,-0.3522547,1.4820745,-4.594678,-0.97116035,-1.5965849,-13.792517,-1.1653502,0.007987851,0.43132108,-0.061935075,-0.036697548,-0.5587191,0.37318718,-1.0234498,-2.1435003,-8.051701,-0.29971573,-0.041343592,-2.7347636,-1.3989714,-1.7227578,7.7439713,-0.7258846,-0.66371053,-0.14348021,-1.7290467,-3.6684194,-0.8184138,-9.883496
1.502287,-0.163681,-2.2728853,-0.8213851,-0.75798655,1.3748573,-5.0741706,-8.477805,-8.143133,-0.5955829,-0.32352138,0.074444376,2.301232,-15.825595,-1.5495106,0.9898641,-3.878628,-0.057801157,-0.6434493,0.1919426,-0.7005032,-1.0815266,-1.9498106,-17.274168,3.8310382,-0.04561224,-0.34560087,0.003543855,-0.32649556,-0.55811304,-0.023935938,-1.3447227,-2.1929805,-7.0329313,-1.5779229,-0.2152082,-6.4946637,-1.0928395,-1.4649581,-4.7789397,-1.0325892,-1.1908201,-0.12195078,-2.0528252,-6.105422,-0.69705075,-15.18519
1.4861617,-0.13616139,-2.1096122,-0.91207236,-0.87509376,3.1605098,-5.158424,-8.03453,-7.889417,-0.42970136,-0.26142246,0.12387455,3.3492906,-16.433296,-1.4600341,0.8601189,-4.052564,-0.1497317,-0.35914603,-0.055410005,-0.6760712,-0.9232058,-1.8698909,-19.46722,4.442781,-0.08583386,-0.3275712,0.008095966,-0.3240613,-0.588891,-0.10752952,-1.4542052,-2.0094342,-7.323326,-1.5419062,-0.1448061,-6.8661504,-1.2658191,-1.9164674,-4.890006,-0.88950115,-1.0998304,-0.044798955,-2.5434144,-5.9516406,-0.8695003,-15.116564
1.5942336,-0.027383069,-2.1511045,-0.84298825,-0.7069714,2.9738202,-5.4230084,-8.058836,-8.62242,-0.5499602,-0.36779666,0.15887475,3.3603911,-16.32673,-1.4979261,0.9914703,-3.8963597,0.0065830727,-0.6867982,0.2147401,-0.71376866,-1.1611516,-2.0339382,-19.568344,4.189745,0.14831325,0.00856098,0.03572051,-0.23592733,-0.60844433,-0.15349102,-0.8200332,-0.9265978,-8.09363,-1.3543675,-0.36306614,-7.9975905,-1.2437092,-2.0088582,-4.8006225,-0.9708456,-0.98886484,-0.1389362,-1.6724501,-5.964873,-0.8786759,-15.187096
1.5127224,-0.21019956,-1.4298687,-0.7962656,-0.71537167,1.0308146,-5.2760553,-8.334542,-8.240479,-1.1955079,-0.3858877,0.07811766,2.1200595,-15.557481,-1.4725068,1.1716244,-4.2498775,-0.00090492156,-0.66278565,0.1376715,-0.7776222,-1.3063344,-2.1380548,-17.370775,4.6198893,0.19090311,-0.24266027,-0.030871639,-0.39052942,-0.5076838,-0.14955941,-0.80184853,-0.9025298,-7.787019,-1.6357663,-0.48929808,-7.811623,-1.1577972,-1.700829,-3.759756,-1.1268407,-1.047076,-0.15184923,-1.272746,-5.514829,-0.89212537,-14.634749
1.651013,-0.07261389,-1.2526551,-0.7572766,-0.78739214,1.1166911,-5.559275,-8.042378,-10.09154,-1.2070265,-0.2675189,0.12265436,2.2907388,-16.566853,-1.5072833,1.01692,-4.069103,-0.07350319,-0.75316036,0.2406323,-0.5529893,-1.3629483,-1.9881072,-17.23937,4.488191,-0.00018556786,-0.015617564,-0.06394545,0.36655685,-0.86032826,0.07126094,-1.0550404,-1.6867787,-7.7300715,-1.7856992,-0.17698383,-7.847805,-0.6112642,-1.8268656,-4.67631,-0.9571455,-0.96894234,-0.16773295,-0.92837304,-5.6219473,-0.7951015,-14.969419
2.1733263,-0.23903169,-3.3359647,-0.6622127,-0.6791007,2.9233525,-5.686548,-7.9085035,-9.798422,-1.5695776,-0.47431368,0.06387427,3.364949,-16.56583,-1.3105161,1.1375077,-3.5565941,0.0768761,-0.31028986,0.4384232,-0.0015013916,-1.2847188,-1.8497715,-19.039036,4.9793587,0.08487203,-0.63634694,-0.09660234,0.26850522,-1.0153728,-0.069698945,-1.4738444,-2.0425444,-6.9922886,-0.94720495,-0.22372988,-6.7408376,-0.38168082,-2.1832175,-1.9064041,-0.82481885,-1.2515211,-0.27568823,-2.574397,-8.067458,-0.6164202,-16.213747
1.5888644,-0.05531091,-3.1472077,-0.9320243,-0.46635228,1.3762271,-5.052311,-7.8787417,-9.526403,-0.48635697,-0.5301084,-0.069132924,2.0768557,-16.720491,-1.575116,0.8020001,-3.5802357,0.5222579,-0.24558434,0.36242977,-0.26234022,-1.0450345,-1.9909552,-16.889023,3.8941846,0.05999389,-0.40398738,-0.085086845,0.24263445,-1.1551076,-0.24280381,-1.6229696,-1.9857224,-7.0099072,-0.8240493,-0.15066929,-5.9201994,-0.363531,-2.000814,-1.9477822,-1.0849224,-1.29864,-0.35200533,-1.6795336,-5.8712626,-0.6156875,-15.726249
1.0284293,-0.4626022,-2.9595652,-1.4651127,-0.6625455,4.7394495,-3.9834073,-7.929632,-10.160471,-1.2536019,-0.47656935,0.15001455,3.1763723,-17.460726,-1.3105282,0.9716617,-3.5997427,0.29923335,-0.7798962,0.12302922,-0.44060186,-1.7862943,-2.3514018,-19.503283,4.1386805,-1.257099,-0.6604911,-0.058415115,-0.16340946,-0.70444864,-0.20689817,-2.8305187,-2.146228,-8.1409645,-1.1436739,-1.0729593,-6.242024,-0.7808954,-2.5789523,-2.2788448,-0.84916896,-2.1053133,0.06362357,3.904571,-4.558514,-0.3082689,-17.08362
0.9439624,-0.7051403,-3.277799,-0.8613968,-0.75567114,1.3281285,-5.5893517,-7.8228946,-10.036105,-1.6085442,-0.3870542,-0.24641924,1.9553388,-15.455324,-1.361044,0.91399634,-4.249504,-0.054849345,-0.558681,0.5163478,-0.005933789,-1.1071447,-2.0250134,-17.303404,3.8921213,-0.0903366,-0.68300277,-0.04810553,0.09213719,-0.6044248,-0.14453721,-1.378779,-1.9604319,-7.245228,-0.28514093,-0.66097736,-5.831831,-0.10677394,-2.0263464,-1.5406375,-1.0951825,-1.0906638,0.25938043,-1.3271048,-4.885095,-0.64029926,-16.31345
0.4719415,-0.22200333,-2.0602753,-0.32178774,0.20007443,0.11526201,-7.836477,3.6482673,-10.579543,-1.5462788,-1.3773359,-0.810621,1.825037,-14.43673,-2.1068141,0.24609408,0.1158167,-0.42360908,0.43413478,-0.37207586,1.0942575,-0.5625213,-2.2063146,-17.754044,0.35976335,0.02195922,-0.16681747,-0.22856377,-0.04579081,-0.6949719,-0.18893991,-1.3075821,-0.73793966,-8.457371,0.31331152,-1.1008232,-4.1934047,-0.32135275,-1.9714128,6.812766,-0.41745585,-1.265158,0.2154787,-1.2714912,-5.4285026,-1.0113561,-8.879573
1.176268,-0.33095366,0.23694111,0.5124868,-1.1125096,4.5547867,0.8229007,-6.776844,-8.282163,-0.82061833,-0.46067166,-0.026550788,4.0433593,-15.787994,-1.6177619,0.10884133,0.0022612917,0.5452074,0.13540411,-0.21112974,-3.1632369,0.5067201,-1.3953003,-18.809343,4.636835,0.2580103,-0.3677582,-0.073571436,-0.1379976,-0.6372432,-0.17706287,-0.122482516,2.1666045,0.8140855,-0.56052005,-0.2034128,-7.2303834,-0.1951276,-0.88378716,-4.233674,-0.29786035,-1.3772569,-0.38657403,-3.3995504,-7.4931874,-1.0996035,-17.072256
1.1269741,-0.22518568,-0.11666983,0.36443838,-1.0433613,3.9039354,0.2115803,-7.591551,-6.8315997,-0.7832024,-0.5013066,0.09747466,2.8304408,-14.1097355,-1.7603871,0.10643804,0.04541493,0.55889136,0.028959109,-0.36488435,-3.0435019,0.509895,-1.5220566,-18.577658,4.1181884,0.23177506,-0.35945913,-0.030442033,-0.11440288,-0.3760657,0.21591716,-0.64160264,2.3473425,-0.6498211,-0.91873544,0.11034544,-7.065692,-0.30176696,-0.84560496,-4.2053037,-0.38723117,-1.4332502,-0.34230456,-2.3999643,-7.7868247,-1.0970926,-15.969707
1.0977479,-0.059618995,-0.9372786,0.42050672,-1.2705644,3.9494784,0.44713286,-6.997449,-7.424459,0.690583,-0.41091534,0.38853502,2.7335303,-15.8132305,-1.6507176,0.9791748,0.39201593,0.62799877,0.09642466,0.24011542,-2.5957506,-0.78649837,-1.5960002,-18.901876,-1.4343292,0.031158166,-0.4915761,-0.05056271,-0.04668033,-0.47206473,-0.18691882,-1.8380735,-1.2209439,-4.03753,-0.57783014,-0.23877764,-3.6255531,-0.6023382,-1.0799768,-2.4769094,-0.32360667,-1.0443829,-0.07180799,-2.167418,-6.292461,-1.0991838,-15.091685
1.2184461,-0.06864822,-0.92250764,0.381581,-1.3342538,4.0541778,0.30389655,-7.7394443,-7.498736,0.7272146,-0.41263288,0.3723802,2.64414,-14.477326,-1.6532191,1.067949,0.3939386,0.68545514,0.026762031,0.29374734,-2.3912928,-0.8950059,-1.3172306,-18.630768,-1.240736,0.05115548,-0.48633808,-0.0025423476,0.4740959,-1.383247,0.2527298,-1.779149,-1.2293534,-3.7565594,-0.56833863,-0.26392743,-3.9233723,-0.6006488,-1.1540235,-3.7691195,-0.383829,-1.2565302,-0.11456742,-2.178109,-6.135838,-1.3024526,-15.228478
1.4547441,-0.034691606,-2.3527486,-0.095191725,-0.5751919,-1.3740509,-3.0585783,-7.207841,-7.2356534,0.19639985,1.0996637,0.81056845,1.4427462,-13.877145,-2.06783,-0.048673153,0.51878697,0.40736666,-0.11656702,0.13158783,1.5457274,1.047334,2.6223283,-17.2212,-1.061402,-0.08563479,-0.88938785,-0.05349621,0.014337233,-0.5294389,-0.028919004,-1.1018441,0.14623593,-1.2388922,0.7299675,1.0121114,-3.194261,-0.060559526,-0.46294853,-1.7892029,-0.11394943,-0.7142643,-0.12863086,-1.0566278,-2.3145475,-0.46735018,-10.971081
1.4789337,0.113929816,-2.1174448,-0.48174417,-0.59638476,-1.4919366,-6.401327,-7.7573953,-5.6174564,-0.24430482,1.2103567,0.9884143,1.9796596,-13.17263,-2.0633416,0.07430557,0.5821863,0.38025022,-0.087296285,-0.19515643,1.8791641,1.4297073,3.08958,-16.408989,-1.0670099,0.015028465,0.5482624,0.051830765,0.03319055,-0.30734524,0.15277873,-0.64495766,-0.488524,-1.8996454,1.3165393,0.26816446,-5.4639525,0.13763012,-0.1598163,-1.4461664,-0.2631604,-0.75311047,0.08410852,-1.182128,-3.4142914,-0.7357468,-9.772611
1.315493,0.052810293,-2.370058,-0.04550164,-0.5423174,-1.488286,-4.5276847,-7.6118546,-5.983906,0.25944498,1.0780476,0.7597763,1.70049,-13.881828,-2.0307927,-0.04407347,0.5038806,0.4082092,-0.14681648,0.2162099,1.7158431,0.9876757,2.2173133,-16.4862,-1.029916,-0.07004731,0.26304454,-0.06290181,0.012164101,-0.47492576,-0.09251368,-1.1275316,0.082736954,-0.6751509,0.8145168,0.35347626,-3.1412249,-0.059207898,-0.49837878,-1.9081975,-0.10492622,-0.7677224,-0.123587556,-1.0803071,-3.3402975,-0.7321339,-10.395396
1.4965979,0.025590185,-0.649068,-0.15958625,-0.51763916,-1.4927559,-6.2268906,-7.359884,-6.279103,0.3579409,1.1439456,0.8576619,1.360293,-13.647226,-2.0306962,-0.006516244,0.46465272,0.42110297,-0.08440684,0.151587,0.8579896,1.3001715,2.3043885,-16.785036,-1.0265322,-0.054595366,-0.06920194,-0.17400216,0.42622435,-0.6218758,-0.12480177,-1.2777394,0.08868259,-0.7318268,-0.11024108,0.9133443,-2.6729414,-0.5042029,-0.5019097,-1.804241,-0.11265344,-0.7994733,-0.123752825,-1.134406,-2.2645295,-0.7184006,-10.125099
1.220343,-0.22131115,-1.8657378,0.12783751,-0.72877294,-0.12877044,-5.878838,-8.05827,-9.641541,-0.76685256,-0.8891108,-0.7391291,0.34283465,-15.847179,-1.5149357,1.5208611,-3.0971956,0.76213485,-0.20211843,1.4061056,-2.2615092,-1.0839875,-0.54785717,-17.352106,3.58876,0.110642225,-0.42888576,-0.108090036,0.36672056,-1.0016325,-0.13075192,-1.248517,-1.096113,-3.5065145,-1.3900884,0.07457755,-7.2452774,-0.18290375,-2.2975357,-4.362361,-0.7488174,-1.3787302,0.03831353,-1.4582226,-6.05638,-1.2273766,-12.49449
1.1791172,-0.32505074,-0.90892184,0.19444928,-0.75787526,-0.6367702,-6.050381,-8.187746,-8.785993,0.060876243,-0.8295246,-0.6119449,0.7295537,-16.589453,-1.4028662,0.9545461,-2.8404076,0.7939706,-0.74825174,1.6196553,-2.4281192,-1.3129327,-1.4849477,-17.836752,3.6350136,-0.037507147,-0.37707767,-0.06894986,0.30098277,-0.97983795,-0.21349634,-1.1037173,-1.0422544,-4.6829505,-1.1892774,-0.31475213,-6.7036395,-0.62537307,-1.4780997,-3.5683043,-0.534893,-1.3247682,-0.18373582,-1.3019979,-5.8295164,-1.2957041,-12.327607
2.1817713,-0.30640757,-1.2855711,0.27713117,-0.6443471,1.4732322,-3.5418613,-8.118382,-9.239176,0.50148535,-0.85111105,-0.8370816,0.8463052,-17.158888,-1.3413447,0.94093263,-3.522651,0.8213212,-0.17381324,0.6230245,-0.882654,-1.2377801,-1.7308675,-17.681122,4.1423182,0.11469315,-0.74164605,-0.061023254,0.26969942,-0.90719783,-0.19936718,-1.2690921,-1.0327822,-5.2654233,-1.8352314,0.0004114317,-6.659951,-0.34527394,-2.0588083,-3.9127212,-0.6463786,-1.0084149,-0.14253217,-1.0973513,-7.703234,-0.44012785,-15.855022
1.2346514,-0.24365658,-1.1679467,0.21184121,-0.73584825,-0.15789731,-4.80666,-8.581016,-9.700912,0.27010417,-0.8419856,-0.8282478,1.0294731,-16.76009,-1.3949424,1.0554665,-3.0833123,0.6831072,0.05776044,1.463213,-2.4149997,-1.2168636,-0.92415005,-17.481636,3.4884028,0.047484778,-0.35148436,0.012167907,0.47601548,-1.1158565,-0.2621711,-1.1953088,-1.0956717,-4.966777,-1.4461099,-0.090063505,-7.04361,-0.63816535,-1.9904492,-3.9916599,-0.7747596,-1.32709,-0.01091659,-1.0771922,-6.259462,-0.84693074,-12.557634
2.0724907,-0.4303884,0.28522527,1.2621576,-1.3035977,3.9389563,0.11152185,-8.025803,-10.01925,-0.24933624,-1.1274741,-0.8620943,1.6584703,-17.688105,-1.7289319,1.4687778,-2.7119389,0.60269046,0.108984165,1.4029202,-2.9708908,-0.9887767,-0.72701776,-19.229029,3.981729,0.004318894,-0.7714211,-0.16652589,-0.048812944,-1.210079,-0.22174464,-1.70394,-1.0443094,-3.96382,-2.1392617,0.33665648,-7.582361,-0.4402927,-1.9883665,-3.7131374,-0.5909734,-1.4617176,-0.178586,-2.050454,-8.262338,-1.5415454,-17.420326
1.9784006,-0.22902389,-1.1402856,0.356607,-0.6591594,-1.2754635,-5.2762804,-7.9009733,-9.345747,0.7861202,-0.7969025,-0.7513395,1.1916667,-18.54373,-1.3434808,0.8404282,-0.29203585,0.71048814,-0.63070303,-0.4163154,-2.361795,-1.8970075,-2.4657276,-17.870817,4.543536,-0.09092637,-0.7045249,-0.051578786,-0.23224817,-1.1521846,-0.33350715,-1.5965289,-1.4619123,-4.3913794,-0.96712816,-0.05588908,-6.519007,-0.8464322,-1.8463061,-4.1223006,-0.56094265,-1.2375757,-0.2483288,2.7484827,-7.7515326,-0.63864505,-12.507416
1.248005,0.06763909,-2.5738351,-0.20564105,-0.498413,-0.070855595,-5.46677,-7.7756257,-9.344202,-0.16781686,-0.81284374,-0.796333,1.8732374,-16.037731,-1.0474823,0.5622276,0.5205341,0.7441415,0.0394106,0.45688957,0.15516114,-1.2163873,-2.0427356,-17.273886,3.5112975,0.038206883,-0.72864103,-0.08172043,0.45273286,-0.96057034,-0.2184567,-0.8592051,-0.838792,-5.612769,0.061080545,-0.11422637,-7.068601,-0.6331716,-0.790074,-3.7287526,-0.59270936,-1.160046,-0.20598836,-0.90049917,-5.877662,-0.6027865,-13.434233
2.297967,-0.32363182,0.033224635,0.2505062,-0.50042254,1.8272631,-3.9676285,-7.9740133,-10.826324,-3.9427328,-1.0529017,0.20408131,-0.16287835,-16.054298,-1.3804786,1.2229676,0.2237841,0.5495073,-0.0999742,1.7759677,-3.7047765,-1.7008252,-2.238211,-17.438938,5.3380017,-0.2698974,-0.684143,-0.7474886,0.47856933,-1.1574222,-0.13398272,0.19901225,2.1287568,-1.7968388,-0.36749214,-0.35049975,-7.457914,-0.49606702,-2.4804168,-4.3924704,-4.128079,-0.022734743,-0.007039596,0.20903945,-8.693594,-1.1613367,-18.314674
2.110309,-0.5548684,0.23113827,1.7607795,-0.5007856,0.7309195,-0.28035071,-7.3796244,-11.244124,-0.27913973,-0.59920484,0.06867562,-0.806068,-16.690088,-2.5997734,0.41100326,-2.683758,0.20164204,0.3299283,1.8033202,-4.9748025,-1.9583443,-1.5539457,-17.441578,5.400616,-0.031338762,0.40228868,-0.20821641,-0.29115397,-1.6392021,-0.19065736,-1.1609962,1.846378,-2.0788894,-2.4468327,0.058640253,-8.296053,-0.88556564,-2.7414906,-3.1664183,-0.09059339,-0.7548347,-0.4921146,-1.450184,-9.422301,-0.6072064,-17.186808
1.4096316,-0.1847971,-0.60602087,0.20213372,-1.2620152,3.1272013,0.1152567,-8.421178,-3.372797,-0.57320255,-0.5503274,-0.05047752,2.329428,-14.560804,-1.755191,0.46392593,0.20285563,0.4083533,-0.10926875,0.14480345,-4.249912,0.11728272,-1.267166,-19.49655,-1.8883117,-0.067422815,-0.6816284,-0.028202804,0.3263979,-0.5172974,0.010840474,-1.4809313,-0.94781446,-1.9646875,-1.4597801,-0.6295065,-6.9856005,-0.3983088,-0.6544952,-4.0841265,-0.4386877,-1.2492005,-0.28847012,-2.2679374,-5.6882834,-1.6113743,-14.059206
1.4096316,-0.18476833,-0.6121044,0.21966046,-1.2607312,3.1245782,0.1158188,-8.421178,-3.321283,-0.58101946,-0.55019087,-0.05047869,2.3278234,-14.529443,-1.7743453,0.46376696,0.20285563,0.4058802,-0.105503775,0.14412828,-4.262224,0.11728272,-1.2749497,-19.498652,-1.888528,-0.07099519,-0.68272656,-0.028128998,0.3268184,-0.51721174,0.0064910315,-1.4848859,-0.9497534,-1.9593147,-1.5936664,-0.6302466,-7.0016155,-0.39689523,-0.65394896,-4.0809474,-0.4386729,-1.2505709,-0.28847012,-2.2679057,-5.69123,-1.6144054,-14.035778
1.4068019,-0.18168877,-0.56825507,0.3016428,-1.2604278,3.1579096,0.11001909,-8.404877,-3.3760757,-0.57362443,-0.54739475,-0.0348501,2.3521996,-14.649535,-1.7535315,0.4731495,0.17308794,0.40797594,-0.10900034,0.13647155,-4.2486258,0.1175223,-1.273357,-19.49133,-1.8807399,-0.071386,-0.681084,-0.027968751,0.32533684,-0.51207954,0.00986786,-1.4787582,-0.9466035,-1.9584104,-1.3529906,-0.63048637,-6.9718776,-0.43131545,-0.6743564,-4.2586703,-0.42949417,-1.2505823,-0.28748867,-2.255858,-5.6910496,-1.6090788,-14.044437
1.4066452,-0.18429741,-0.8281533,0.3478828,-1.2639768,3.116497,0.5569287,-10.595338,-3.2599862,-0.7237641,-0.5489171,-0.054651603,1.9697156,-13.257925,-1.7631611,0.48401734,0.1726208,0.41217038,-0.11194869,0.14466065,-4.2549725,0.16244064,-1.1134915,-19.527412,-1.8617557,-0.07136731,-0.68741995,0.0027763674,0.33974215,-0.5062036,0.007351281,-1.4623125,-0.9353856,-2.0853913,-1.4748511,0.53837687,-6.973463,-0.42226666,-0.69258875,-4.1310487,-0.44170207,-1.2915552,-0.29404387,-2.8024104,-5.132774,-1.6123909,-14.447008
-5.891692,0.0317644,-0.96137094,-0.9810319,-1.0737671,-18.224695,-17.833767,5.0123057,1.2819525,-0.5010144,0.6570188,-1.616208,-3.6568036,22.066807,-2.2648501,1.9670352,-2.4717152,-0.39361858,-0.9849621,-2.8608239,18.666893,-0.19611362,4.9212904,25.063662,-0.8169107,-0.7261762,-0.5015713,0.04669923,-0.33494794,-1.1789898,0.019081715,-0.36924642,-0.7565375,1.9421308,0.7430771,-0.84252805,12.024093,0.7276673,-4.3133864,2.7347522,-1.9695239,4.3894253,-4.2055817,1.7335087,5.8672957,0.13228609,11.299617
-14.249978,0.47128057,0.80773187,-0.6978256,0.99698013,-13.828639,-10.521154,36.435604,32.980846,1.2281195,1.3400319,-0.7860609,-1.468587,30.234028,3.9048436,-1.2543347,0.7261305,-0.60453546,-0.57268196,-19.266815,17.935171,0.40908715,3.0938532,28.54577,-6.388016,-0.5642313,0.2990896,-0.61265516,-0.102839544,-2.6407723,-0.60897106,-3.2863529,-1.3904377,-0.18506452,-12.634324,-0.68089324,13.432027,1.8769132,-3.366682,8.377485,-2.0864346,4.300251,-3.3364606,0.011220971,8.028732,-0.28648248,12.129604
-5.628859,-0.11004261,-1.025937,-0.98570544,-1.067018,-17.352394,-19.9967,3.9866827,2.4368496,-0.47973987,0.7003161,-2.0374932,-4.847954,16.561104,-1.7815892,2.0311508,-2.4229393,-0.2181202,-0.99040645,-2.8388307,18.418262,-0.26997444,3.7123597,24.584215,-1.2047893,-0.8336288,-0.19015105,-0.02954614,-1.0468824,1.9309838,-1.146447,-0.41708985,-0.65529984,8.625339,-0.27739227,-0.94898355,11.706923,1.4531058,-4.700461,4.7005568,-1.7836756,4.717432,-7.348462,1.9440551,5.451337,0.15663631,11.077856
-0.8139866,-0.19537933,-0.7337037,3.2237992,-0.46651372,4.339052,-8.028058,-7.7013764,1.3870612,-3.3021162,0.34269294,-0.7015563,-3.1006327,16.07961,-8.312444,0.42158413,-0.88217515,-0.20545532,-0.84250355,-1.570245,24.65109,-0.08064924,-0.13251576,26.582066,-3.0523527,-0.32421938,0.19900416,-0.07189714,-0.01460232,-0.8105565,-0.9301758,-1.1445915,-1.504065,9.987107,0.6962759,-0.87045246,14.881181,2.4619389,-1.3261039,6.1658216,-0.21401684,-1.5089824,-0.74566007,2.1438003,2.7434232,0.37690985,15.187265
1.1059746,-2.2456686,-15.108853,2.8110623,-5.5357084,2.3462462,14.598521,-22.081879,-14.183937,-0.14021154,-1.9571973,-0.33762008,-3.6995494,-16.80466,-1.7786164,1.4101127,-0.85392,0.0803321,0.9216885,6.136542,-10.152484,-0.43271548,-0.4167151,-15.523595,8.442443,0.0824999,-3.8503788,-2.6057403,0.1359127,-0.68722445,0.5817171,0.11217293,1.2200382,5.0628467,-1.6195865,0.32684198,-4.4559216,-0.18801498,-1.3198041,-7.76201,2.292126,28.809216,-0.8651073,-3.7517307,-7.873527,-1.1919569,-13.240913
1.73085,-0.18797058,-2.189958,2.7546513,-0.3637418,7.599596,3.181224,-6.225054,-13.813463,-0.1635936,-1.9776851,0.033922553,3.1194854,-18.346563,-1.6910079,1.1866351,-1.5596316,-0.15105899,0.28546205,1.6859406,-4.5401206,-0.7265041,-0.6317162,-19.514748,3.2541218,0.1346626,1.0921956,0.016473858,-0.20285313,-0.6854795,0.022842186,0.012496031,1.619736,6.091573,0.11685173,0.2429331,-8.660494,-0.21437053,-1.5787791,-9.458941,2.1292021,5.869405,-1.3288034,-4.654372,-9.409637,-1.1274774,-16.97013
2.1058269,-0.2728712,0.12488032,0.65641785,-1.1756717,4.746704,1.4782745,-7.3724833,-9.201339,-0.92971516,-0.52123994,0.1085017,3.740104,-16.76639,-1.3798739,1.144335,0.06407437,0.55359846,0.09609658,0.060714256,-3.6695912,0.4124357,-1.4177301,-19.59857,5.9991875,0.26504728,-0.13701008,-0.31121352,-0.8904005,0.17702143,-0.14186813,-0.2640198,1.5399823,1.552563,-0.43232003,-0.035017356,-6.8858504,-0.30212602,-0.62375486,-3.8075397,-0.19614524,-0.6864829,-0.3830104,-3.1263418,-9.725672,-1.1024952,-17.439219
-1.3177608,-1.0925522,-0.2631626,-1.153254,1.6332332,-3.4045467,-1.7924535,44.871544,33.41415,1.9779882,0.9138594,-0.93411016,8.52347,39.408165,15.784427,0.6259758,0.70891184,-1.132792,0.19758138,-10.259328,14.926622,1.0197932,5.4524307,52.16159,-2.7424757,-1.0770233,0.8280925,0.061802574,-0.5084713,3.1832352,-0.77379996,1.7007618,-0.995692,-3.1822793,2.7349362,-1.7075628,20.484337,2.8124945,12.891188,5.269398,-0.65652806,4.2640553,-0.076504126,0.9590134,17.986067,-1.8861423,20.8959
-1.1962419,0.13751857,-1.7464496,-3.2007108,0.67267656,0.58364975,1.0505005,19.619545,34.63781,-0.75463426,0.33478177,-0.6150726,-0.57630247,32.726456,12.374929,1.0555398,2.6359487,-0.72591496,-0.6584807,0.906416,17.52307,2.605506,11.097476,48.2602,-0.97053933,-0.72649246,0.3872285,-0.11365725,-0.5570687,5.603612,-0.49952203,6.289684,-1.0177492,-0.021304578,2.2516327,-0.9828658,24.560173,2.679756,2.4622843,3.364216,-0.7199836,1.5891267,1.8904713,0.95199513,7.271212,-0.4060936,20.80299
-1.0709002,-0.45531,-0.9558187,-0.09552447,2.646491,-6.1042123,-3.4118295,21.232508,35.106102,1.4891634,0.81790125,-0.24627079,4.479345,37.26018,12.440007,1.4908291,2.8721006,-0.39135286,-0.8019331,1.7560222,23.442131,5.131544,12.307804,47.332424,0.37018734,-0.14825954,0.51673675,-0.15885077,0.1490583,-0.009621924,0.20804466,-1.7834481,1.8863604,1.225621,3.8606834,-1.7608527,18.099165,-0.062468506,13.964999,1.193424,-0.86364424,-4.7918963,2.149309,1.198554,6.178671,-0.3530105,23.295134
-0.14460899,-0.7977563,-0.09825536,-5.3933115,0.49389866,2.9861,-1.7826297,21.342028,32.80999,0.0122348545,0.71042705,-0.6805963,3.9266028,41.02058,11.742526,0.79473186,2.6725929,-1.2136835,-0.6892197,-6.4877505,16.318478,6.754146,8.37933,56.35373,-3.6847858,-0.64443535,0.44206697,0.1721575,0.58660257,2.3160708,-0.6467236,3.141352,-1.0038536,-3.6176734,6.0657325,-2.558722,19.077475,1.107652,13.748589,10.160977,-1.6262954,6.435691,1.0476208,0.09124226,8.181229,-1.4385414,20.395494
2.245653,-0.9822705,-1.4051111,-2.2359424,0.82690096,6.5338774,12.372892,5.0955224,3.971119,-1.0700266,0.75747037,-0.69647557,2.167248,36.8875,4.3100085,-0.18852869,-0.62937057,-0.5975264,0.23373492,1.3324133,20.391184,-0.10539869,-2.3639872,38.051674,-7.1379633,-0.4150732,-0.021655347,-0.46545967,-0.229028,-2.1126192,-0.68226814,-2.1945584,-1.1019694,-0.41331446,1.6361395,4.838445,17.50177,-0.49886528,2.1740417,4.554464,-0.21700591,-1.8852828,0.7221408,2.3040702,11.133072,0.91886497,22.492779
2.64602,-1.1429008,-1.6385107,-4.2426915,-0.48373044,6.716758,13.331609,5.4098635,4.8352165,-1.8352141,0.44791117,-0.84855074,-0.03694987,33.09601,4.6955776,-0.3699486,-0.7001826,-1.0730504,-0.53341126,-0.03553428,21.500586,0.6636324,-1.573349,37.484093,-7.7851567,-0.4747887,0.17581707,-1.2165418,0.28098112,-2.5211942,-1.2785667,3.4505253,-1.2021307,3.220458,0.032447707,3.0044353,15.038245,-1.019376,1.2192866,3.16781,-1.726165,-0.26761633,1.3819101,1.8129772,10.228359,0.16172002,21.799713
3.1118846,-0.3975575,-0.73486143,-1.7240821,-0.1264055,12.279034,11.97047,6.6202073,-2.6786158,-0.97813064,0.6390624,-0.17247139,-1.445761,21.394295,5.322384,-0.112754285,-0.53876776,-0.11707465,-0.6967501,4.4530997,1.2130815,0.15526314,-1.6675829,30.878323,-2.9845655,-0.41859782,0.0380662,-0.13784543,0.81326,-1.7177659,-0.620987,-1.7898834,-1.0195618,9.383326,1.3088771,5.460959,16.204899,-1.3442394,1.8618062,6.732818,0.15652604,-1.564783,0.5407093,4.9153304,13.007484,0.31079966,27.73617
-1.9655092,-0.91750926,-1.6590644,-3.1700454,-0.35634583,12.83251,7.836221,8.107057,5.288855,-0.44739583,0.7375311,-0.5087421,2.3641822,31.283413,6.168719,-0.30668524,-1.1927876,-0.40569794,-0.28982612,0.20617943,21.405535,0.538017,0.69543874,28.280348,-7.516828,-0.6388352,0.16360465,-0.66835463,0.030908575,-1.7327479,-0.283586,-1.1202979,-0.88058746,-0.41399235,0.36449346,0.5528127,16.318668,-0.70619416,4.1939554,2.805668,-1.1209285,3.588691,1.0603777,3.3059156,9.836257,0.47104755,21.452894
3.2609577,-0.6016993,-1.3994555,-1.5741564,0.51733243,13.927427,11.902478,4.2830615,-1.6404934,-0.80012506,-0.427341,-0.1522072,-0.08287594,34.002792,5.202995,0.7553524,-0.5736589,-0.18989852,-0.6584766,5.8841143,0.14174838,-0.022463603,-1.3660814,33.322742,-1.2025164,-0.9158458,0.026095372,-0.26810262,1.194674,-1.3461347,-0.78762484,-1.7751352,-1.3448831,0.101599865,1.6301849,4.239524,17.622704,-1.5509003,-2.9711494,4.3855824,0.45634583,-1.563865,0.43092182,3.8180695,13.24658,0.19257054,26.451487
2.8939574,1.0696552,-0.6317937,-1.460399,0.24573953,12.727948,10.6830225,4.247791,-1.8614302,-0.7057385,0.68080276,0.56853515,-0.74012816,24.451012,0.078380235,0.5007671,-0.42664045,-0.32556647,-0.12917747,5.0505447,1.0243685,0.006317437,-1.3402301,26.679897,-1.7762902,-0.47897142,-0.024409229,0.4986293,1.975907,-0.84434783,-0.31247604,-2.4357464,-2.2821946,11.031236,1.7042716,4.494059,18.642313,-0.41124955,1.2651484,6.1114697,0.2594974,-1.2081784,0.4697161,5.02591,11.3890505,0.24476807,26.392677
4.050123,-0.052821416,-1.982438,-1.9511917,0.54053044,13.363539,11.369757,5.0222497,-2.750027,-0.6549101,1.1780453,-0.51934916,0.018490676,34.14228,3.818578,-0.29910278,-0.41034153,-0.09443292,-0.830005,2.5765493,-0.054381955,0.18051453,-1.489218,28.931082,-2.5073614,-0.45065463,0.10257538,-0.099170975,0.93519837,-1.7272747,-0.4788072,-1.5810775,-1.5928838,1.317016,1.5960984,4.2775087,18.501656,-1.1140684,6.524894,3.6571236,0.37617567,-1.1195564,0.57076347,3.9394205,14.00685,0.27208474,26.845722
0.11191715,-0.29189005,-3.7530818,-0.27766213,-0.87646407,-0.15736146,-5.045186,-8.997736,-1.024539,-1.1916806,-1.5097517,-1.3996918,-1.233464,-10.467407,-3.9544773,-0.24972518,0.3850229,-0.3083284,-0.27399293,-0.21399525,1.0486516,0.6801766,-0.8778912,-13.762598,-4.3289657,-0.5811252,0.49795285,-0.10510527,-0.4190782,-0.22491558,0.49922553,-1.4013728,-1.4477544,-5.389315,-0.78047854,-1.4434243,-3.4337928,-0.7516148,-1.2017314,-1.9852666,-1.4634125,-2.7391338,-0.4825491,-3.8404362,-5.365867,-0.56141794,-8.286056
-0.30219355,0.047111306,-6.0434127,-0.37605104,-1.3071449,-0.0795021,-5.123329,-8.490632,-0.7657673,-1.4110581,-1.0982844,-1.2995111,-1.6426556,-10.274488,-4.241374,0.006563178,0.34759408,-0.11727177,-0.25591964,-0.3097448,-1.3272132,0.5548107,-1.3724525,-13.994988,-3.5911334,-0.5479805,0.19779217,-0.4189638,-1.1333699,-0.12078688,0.5650271,-1.2889283,-2.780589,-4.2046313,-0.6313686,-1.1476325,-2.596609,-0.05098797,2.4258509,-2.5762491,-2.8800313,-1.4378833,-0.25598767,-2.0656016,-4.1631393,-0.4785433,-7.0563793
0.4188898,-0.12604412,-2.7947736,-0.6001817,-1.0202699,-0.1651523,-3.9686558,-8.499308,-1.6966908,-1.2292666,-1.2463925,-1.6062288,-0.19848812,-12.162651,-3.3808594,-0.04460903,0.2860379,-0.05705377,0.118100144,-0.53106296,-1.1988612,0.19450729,-1.1298412,-14.791352,-4.25652,-0.45295888,0.14778662,-0.20906138,-0.3333794,-0.5642316,0.49096847,-1.1919657,-1.5267804,-1.9155167,-2.0780606,-1.3289047,-5.2387695,-0.7328767,-1.573853,-0.8969075,-1.1945862,-2.1895282,-0.35155845,-2.0546336,-4.5247893,-0.24333705,-7.119462
1.4036819,-0.18696846,-0.7065495,0.20974758,-1.2947116,10.691508,0.0843991,-8.425266,0.854672,-0.5723509,-0.5417829,-0.063060865,2.3106196,-13.992533,-1.8597594,0.471287,0.15512732,0.4318224,-0.13557692,0.14725006,-4.173667,0.08712987,-1.1599365,-18.231384,-1.6362871,-0.1513165,-0.7095015,0.24122596,0.3473056,-0.5216278,0.011014409,-1.4782916,-0.989278,-0.719728,-0.9094141,-0.641859,-6.8896317,-0.39645335,-0.6645629,-4.613776,-0.7294103,-1.206532,-0.29481682,-2.2150998,-5.679278,-1.5954331,-13.593432
1.4642092,-0.20557545,-0.05198486,0.30393752,-1.4601626,3.98088,-0.056934714,-8.256726,-5.295252,-0.55869895,-0.4778733,0.022988271,2.5180814,-14.401596,-1.7159182,0.40076366,0.06444719,0.38660938,-0.075362325,0.111141816,-3.4612572,0.07192435,-1.327203,-19.373325,-2.0089662,-0.0008439052,-0.4394561,-0.10674887,0.33601972,-0.4960257,-0.16335413,-1.4873761,-1.0289373,-3.0918179,-1.6773728,-0.21255077,-6.628686,-0.37696376,-0.7399573,-4.1837053,-0.43447092,-1.4334272,-0.3779852,-2.4904575,-5.2565365,-1.4405662,-13.762772
1.5086197,-0.19928241,-1.2127123,0.4861527,-1.2148217,3.4586923,-2.1616218,-8.125725,-6.074938,-0.4015288,-0.56964576,0.028161135,2.434034,-13.519599,-2.1016064,0.44837895,0.33783767,0.4206316,-0.1950054,0.25197688,-3.2094216,0.03511404,-1.3633727,-19.471199,-1.2299303,-0.034795918,-0.50052506,-0.039467975,0.28495878,-0.5347539,-0.011900976,-1.4156924,-0.9680055,-2.104758,-0.9265626,-0.4546285,-6.7321725,-0.55338705,-0.85038024,-4.1124263,-0.37256595,-1.3040533,-0.6094981,-2.0774474,-4.0083203,-1.400275,-14.015484
1.2974398,-0.009540673,-1.0823573,0.38389698,-0.2714231,1.8950738,-4.3877597,-7.9226146,-1.9129891,-0.9244598,-0.61098236,-0.09270997,1.2360134,-13.7031555,-2.0554907,0.43871573,0.28841197,0.45680755,-0.037498,0.0111887315,-4.0391493,0.14150779,-2.0885746,-17.166746,-1.6481454,-0.051436976,-0.4565859,-0.038648408,-0.058793478,-0.538641,-0.07481607,-1.0844282,-0.85576224,-2.8577504,-1.3547968,-0.62880987,-6.6436653,-0.58327323,-0.6776545,-3.9881501,-0.47661585,-0.9077563,-0.5241895,-1.2404753,-4.1064973,-1.3261863,-12.767826
10.686047,-0.6014545,0.29796547,7.5612464,-0.13762218,25.184267,26.294436,20.77504,3.5331674,3.8343885,0.13198194,0.67219335,24.589407,23.370121,-1.1555246,1.5144411,-0.4042191,0.7370766,2.0620248,0.81583893,2.6588058,1.8216734,13.807737,42.313866,23.439993,0.14740232,0.86057353,-0.09658483,0.83445466,-1.5695465,0.18854621,17.760113,0.5951972,21.75251,3.7346582,7.9449077,24.773832,-0.81360495,5.406982,9.949855,0.4300791,0.42884797,1.10603,3.8176312,13.49929,0.40417582,28.668663
10.617428,-0.6429497,0.21549754,7.7274513,-0.4652015,26.85181,29.458965,20.126059,5.964271,2.622551,0.3086903,0.05995547,25.152435,23.216345,-1.23737,1.7747746,-0.7204401,0.03913356,-0.3208395,0.6475961,2.7521524,1.5148396,10.331673,42.864132,22.441559,-0.19280127,0.5224858,-0.24933939,-0.4056829,0.9598802,-0.12539469,17.276638,6.861539,23.229372,3.4025917,6.4699717,28.473799,-1.0211617,3.4856968,10.771194,0.31476083,0.2788894,0.6510373,4.4834085,10.665801,0.02256272,27.027084
10.447527,-0.6395361,0.23062557,7.7717996,-0.46112308,26.548267,29.442514,20.125025,6.0723543,2.5514734,0.254116,0.10506548,25.013689,23.257927,-1.2323204,1.7793046,-0.6996348,0.034079608,-0.29560116,0.66145617,2.6912363,1.5223634,10.335198,42.7526,22.46944,-0.1734469,0.5306951,-0.1317631,-0.40978014,0.9212921,-0.124356866,17.284815,6.9111633,22.974224,3.4122934,6.4145265,28.391481,-1.019905,3.4939506,10.762466,0.31676236,0.31462434,0.7603479,4.484994,10.672226,0.077020586,27.153034
5.626597,-0.80087173,1.4933934,6.5835414,-0.2968237,24.475067,30.62556,18.290043,2.5636718,2.9249582,0.7608602,0.25205442,25.699615,20.262552,-1.208611,0.7834482,-0.60923195,0.479555,1.9763883,1.0978223,2.4953756,1.4223884,11.519507,34.56887,21.218573,-0.22187845,0.5579976,-0.2998773,-0.4002191,0.6330208,-0.01992443,-2.7832296,-0.57200736,19.443274,1.8548301,7.827597,22.101542,-1.0828202,2.9426823,11.114789,0.3718487,-2.2202797,0.761343,3.753466,10.5110235,-0.10338238,22.338018
1.0863149,-0.05936115,-0.92248595,0.42802727,-1.3055865,4.9785337,0.48188135,-7.0083423,-7.6425614,0.6938816,-0.38637698,0.36581755,2.752223,-15.5216875,-1.6460689,0.98084134,0.40532288,0.62694764,0.1165802,0.32293996,-3.3953319,-0.83854,-1.5493683,-18.681528,-1.3833022,0.006097806,-0.48418573,-0.05913964,-0.119814634,-0.5025746,-0.19010743,-2.0763035,-1.2077159,-4.072647,-0.6180806,-0.07632846,-3.3777323,-0.6044511,-1.0269493,-3.035126,-0.35502937,0.09630085,-0.070327304,-2.1328583,-6.3082776,-1.0840505,-15.378369
1.1115172,-0.056778852,-0.9696988,0.45443004,-1.2503296,3.9877627,0.47241282,-6.9964175,-7.4317946,0.6971728,-0.40632656,0.4406948,2.7148087,-15.948313,-1.6340315,0.9957246,0.39646167,0.6161322,-0.0082384925,0.24569432,-2.4777722,-0.84642136,-1.5860204,-18.135767,-1.3223083,0.0151961185,-0.45467675,-0.044098828,-0.028257018,-0.5187344,-0.067611575,-1.9581635,-1.371573,-5.066781,-0.5588154,-0.23702934,-3.6608303,-0.60915405,-1.1220089,-3.2343996,-0.3091843,-1.0234578,-0.10168511,-2.1389017,-6.148847,-0.8364738,-15.025043
1.1060306,-0.06825826,-0.9470206,0.42073333,-1.2658439,4.008069,0.43379703,-7.010127,-7.4570694,0.70035666,-0.401732,0.38396412,2.7214055,-15.819901,-1.6600453,0.9614343,0.39650765,0.6174018,0.41500983,0.24900308,-2.474257,-0.8618998,-1.635696,-18.962267,-1.3072737,0.020583082,-0.47602266,-0.0448531,-0.035360295,-0.46838275,-0.15460272,-1.886766,-1.4425617,-4.036794,-0.57324344,-0.230063,-3.8248303,-0.57064617,-1.0531969,-3.2832136,-0.33632344,-0.97798157,-0.086844735,-2.1490984,-6.2586675,-1.1004786,-15.061003
1.1652904,-0.07736701,-1.0156695,0.37670282,-1.28149,4.598143,0.023565538,-7.104172,-7.759096,0.5509288,-0.39938653,0.5335261,2.7340598,-15.846077,-1.4521334,1.0401253,0.41367647,0.7056237,-0.034520578,0.2952148,-3.195305,-0.8908389,-1.5625889,-18.864105,-1.3696134,-0.009861325,-0.39652082,-0.015469967,0.008516601,-0.6466579,-0.10691005,-1.7368885,-1.2372464,-3.7616503,-0.73094,0.015622288,-3.4550455,-1.2748548,-1.2391962,-3.255909,-0.36201727,-0.8240732,-0.2500665,-3.0407946,-5.6007195,-1.0445383,-14.889764
1.1044838,-0.15666535,-0.090982065,0.11432144,-1.5310197,4.9085507,0.27722287,-9.170288,-8.267993,0.60255957,-0.5428399,0.36818764,1.9560257,-16.007935,-1.517803,0.7705876,0.14789428,0.33027244,0.067840435,1.3550346,-4.2833204,-1.2443516,-0.89968455,-18.985205,-0.79707617,0.13253197,-0.48348537,0.0057104337,0.40125927,-0.9372137,-0.3187727,-1.802117,-1.2609143,-3.1870883,-1.0141286,0.06513735,-2.9356403,-0.35296422,-2.1365376,-3.9592085,0.64430696,-1.2755198,0.11494816,-1.7663181,-4.691762,-1.0440017,-13.644714
1.7646006,-0.29825154,1.6684364,0.09464257,-1.5397093,3.249391,0.4798411,-2.3540044,-7.1075845,1.1527876,-0.5891491,0.55464405,1.9359304,-11.957453,-1.5999947,1.0714538,0.14715351,1.0753103,-0.015604671,0.44751653,2.2153256,-0.30959618,-0.9060696,-13.598043,2.886225,0.5316437,-0.25266582,-0.20123082,-0.1845419,-0.29909834,0.17690648,-1.5596349,-1.0445844,-1.0821382,-1.1324204,-0.5762919,-1.6781689,0.27929688,-0.5561967,-2.6843274,6.1480093,-1.3853269,-0.27805644,-2.6363258,-3.641954,-0.87372345,-12.568391
1.7766033,-0.27068615,1.1071805,-0.07071829,-1.4291707,4.8743863,-0.20791379,-3.2968643,-7.4439635,0.67021686,-0.8482069,0.07209924,3.6344495,-14.391154,-1.2943902,3.1845796,0.05412233,0.68887895,0.4207555,1.7407466,-1.8331436,-0.4918348,0.39249024,-17.276094,1.773072,0.34986037,0.22876015,-0.1907069,-0.09143904,-0.318959,0.18422519,-2.012058,-1.1382463,-0.6242601,-0.5393697,-0.6622303,-0.37896383,0.30940527,-1.2675043,-2.832602,4.9702387,-1.4586648,-0.10550302,-2.0699594,-4.8078017,-1.1346205,-13.092638
1.9405661,-0.1635835,1.24027,-0.064371966,-1.378448,3.925937,0.9675013,-1.6478529,-6.590136,0.6731093,-0.40135023,0.6612387,1.764724,-13.952908,-1.2960622,2.263835,-0.028356168,1.2802137,0.5016386,0.14456747,-1.9141263,-0.17251146,0.64347124,-14.136126,3.9888718,0.66707104,0.4297204,0.03363056,0.123039745,-0.22809073,0.2953618,-2.018325,-0.67554694,-0.7202089,-0.49108687,-0.003753405,-1.9349725,0.30603367,-0.4908522,-1.8756022,2.388463,-1.2392627,0.07317323,-2.0417283,-4.4192533,-1.0872493,-12.745293
1.663847,-0.24461438,0.6250115,0.1506578,-1.4495531,4.400464,-0.38358894,-3.0352497,-6.875188,1.1530881,-0.2756907,0.53065675,2.450775,-12.327859,-1.014672,1.5655617,0.22130565,1.2069397,-0.19422208,1.180179,-2.84092,-0.24092813,0.45370784,-16.490282,1.3783876,0.42808637,1.0160949,-0.13490355,0.056132276,-0.28672704,0.35804853,-1.472152,-1.2109122,-0.25349012,-0.19776903,-0.53121823,1.9414939,0.21823646,-0.8905869,-2.5473685,1.8280019,-1.3211584,-0.26038462,-1.7847173,-3.0312505,-0.892777,-11.917696
1.7642024,-0.21777542,1.5138367,-0.16665511,-1.4610206,3.9933593,-0.57904917,-3.1217725,-7.284624,0.9880335,-0.642607,0.0008899834,4.170418,-12.720812,-1.3020867,2.1593761,0.16374518,1.2163892,-0.12997842,1.4163119,1.9769338,-0.55470383,0.060539644,-16.423443,-0.15479778,0.31997076,1.6827132,-0.17494674,-0.1660169,-0.39987504,0.42334646,-1.587445,-1.1317279,-1.230731,-1.0043238,-0.40810972,-0.05355259,0.10955705,-0.6727217,-2.856952,5.2470293,-1.4068613,-0.18108498,-1.4602867,-3.5504012,-0.8976909,-12.364304
1.8454854,-0.17565113,0.5920337,0.18081181,-1.4968407,4.9634256,-0.3175926,-2.7358847,-7.5349393,1.2081231,-0.53138304,-0.07934222,2.2165754,-12.722198,-1.4540629,2.3121676,0.03922811,0.29202437,-0.04212364,0.8393345,-4.2766633,0.35718882,0.37182966,-15.864559,0.46124414,0.38147113,1.6220444,-0.14765342,-0.0438989,-0.3273151,0.17858307,-1.7415105,-0.56206673,-0.98750913,-0.28047964,-0.081165254,-1.807405,-0.2091197,-1.1856925,-3.6600835,4.2568316,-1.2779584,0.11334553,-1.8373104,-5.0427585,-0.7817142,-12.856646
1.654834,-0.2332096,0.54509205,0.8703907,-1.5549206,4.895467,-0.45700118,-2.0167058,-6.090218,-0.5498094,-0.74440753,0.48274228,2.1100252,-14.678799,-1.1596018,1.2740803,0.16385834,1.2968541,0.18847205,0.540498,-5.4550257,0.1318962,0.46863553,-16.865824,0.3733704,0.85084563,2.5412974,-0.038564887,-0.015394316,-0.22787032,0.6132327,-1.671277,-0.8740506,-0.72988904,-0.19024235,0.3203612,-0.13911238,-0.31118867,-1.4183892,-1.62596,1.4408299,-1.3450081,0.23233284,-1.0959045,-3.6493108,-0.9049339,-12.040233
1.5502242,-0.25540254,0.6247233,0.73103666,-1.6217972,4.139951,0.3328608,-3.0327969,-6.7222524,-0.5346037,-0.7025721,0.6716262,2.2688253,-12.9230995,-1.9155934,2.5947392,0.080819696,1.2659969,0.016869368,0.112835534,-4.416293,-0.050878134,0.16601159,-16.655636,-0.9571427,1.0788554,3.0249243,-0.2018375,-0.25681067,-0.6382207,0.40895668,-1.5826215,-0.96870995,-1.4348377,-0.23381875,0.041679054,-1.0009823,-0.17344315,-1.2858329,-1.0959213,6.6629705,-1.2478735,-0.16928965,-1.3858219,-3.1663187,-1.1108699,-11.952353
1.6227509,-0.23048602,0.15502687,0.44361946,-0.7068818,4.6036406,-0.4540946,-2.6950228,-9.844688,-0.6330367,-0.5961048,0.46951294,2.9701257,-14.025533,-1.5631747,1.3125024,0.12873879,1.2972791,0.19946247,1.8148003,-3.8241122,-0.050959483,-0.4582193,-17.401468,0.39212203,0.56442004,2.3338702,-0.33931735,-0.0027188612,-0.55108696,0.25234455,-2.8495972,-1.0706196,-1.9104134,-0.55892783,1.0541722,13.235549,-0.2692821,-1.2940311,-1.1283749,6.2340603,-1.4640749,-0.07478777,-5.8025727,-2.238708,-3.485065,-10.905287
1.9527808,-0.53708726,0.84176654,0.39479232,-0.8473388,3.154004,1.8902179,-7.8252077,-5.56595,-1.0978247,-0.96012753,-1.795826,1.1245508,-9.30769,-1.5300777,1.0632067,0.14339747,0.69300973,-0.3236222,0.54219115,-0.03765117,-0.5838774,-1.3812457,-17.543516,-1.710605,0.5195855,6.24244,0.003087963,-0.86777824,-0.55095863,0.41197076,-1.5068384,-1.2234071,-2.1846178,-1.5863156,-0.19509406,12.629815,0.15571754,-1.2502488,-0.021535175,-1.8353184,-0.827947,-0.5186244,-5.3448467,3.2818933,-6.1012444,-12.214567
1.3448683,-0.16759422,-1.1265633,0.30081782,-0.4842388,3.601731,-3.5490737,-6.9993777,-6.1224313,-0.67187667,-0.33966428,0.13196628,2.2896752,-12.881209,-2.527074,0.011390181,0.27858448,0.2790072,0.09009125,-0.14709982,-0.5324056,0.96609074,-1.8663238,-19.227303,0.036169697,-0.073861115,-0.26062715,-0.03781875,0.15896618,-0.6689187,-0.16781966,-0.6216402,2.2931397,-1.6602521,-0.5248562,0.1469657,-7.093796,-0.64973074,-1.1358405,-4.3054824,-0.49383608,-0.88670635,-0.45466578,-2.1539044,-3.8538675,-0.7361594,-13.867202
1.3913904,-0.15734303,-1.2364815,0.2959772,-1.0386994,3.6397035,-2.1004796,-6.8561387,-5.841677,-0.70287114,-0.36374417,0.16584514,2.6724892,-12.798614,-2.361037,0.15870911,0.30511653,0.28996724,0.027666366,-0.15975219,-0.333137,0.8486982,-1.916893,-19.156998,-0.4034096,-0.0029049725,-0.42099082,-0.027662968,-0.16178364,-0.053082917,0.060967974,-0.8369105,2.5021825,-1.8462629,-0.7398052,-0.14098795,-6.5709343,-0.24099347,-1.198522,-5.076333,-0.4494316,-0.79926413,-0.415443,-2.3772762,-4.644734,-1.4201717,-13.820884
1.2167662,-0.24462083,0.3642083,1.2600102,-1.0922413,4.835996,1.2144742,-7.0464635,-9.320455,-0.9496064,-0.7063171,-0.009576495,3.6966426,-17.203363,-1.6473491,1.168967,0.043272216,0.58354884,-0.13278167,0.032896917,-3.4836116,0.5353297,-1.2962013,-19.54608,5.172995,0.20516722,-0.17229386,-0.0429572,0.026047548,-0.8153807,-0.07041825,-0.00081239705,1.9844582,1.6958266,-0.3071955,0.08098402,-7.610683,-0.37436888,-0.6866364,-4.157507,-0.11720759,-1.1424556,-0.37730104,-3.651698,-8.047843,-1.1471001,-16.959038
2.0260942,0.03853777,-0.049141206,0.70110756,-1.2217131,7.124846,0.98979515,-7.1021905,-9.942905,-0.97388685,-0.9413055,0.025814254,3.660278,-16.813202,-1.4284825,1.1406372,0.040321175,0.62313515,-0.1210719,0.12082939,-3.4999259,0.7102379,-1.3345121,-19.632462,5.3850713,0.18411726,-0.22502878,-0.15791056,0.20523244,-0.73027974,-0.051608704,0.384529,2.238711,1.7038398,0.015362488,0.01066019,-7.2394423,-0.33116263,-1.1984223,-4.064585,-0.25843138,-0.9425277,-0.36680454,-3.6775134,-10.126836,-1.039375,-19.361141
2.0217297,-0.21684718,0.3049981,0.70082355,-1.1764455,4.8752213,1.1680168,-7.0646367,-10.298556,-1.0093894,-0.7371051,0.025569769,3.688309,-16.825674,-1.4305768,1.1291472,0.03769938,0.60190904,-0.13515076,0.04504775,-3.6683388,0.4974964,-1.3180882,-19.360815,5.5143433,0.19529581,-0.21387406,-0.059806824,0.27790582,-0.7948384,-0.07218064,-0.3379024,1.9000686,1.6671947,-0.30247384,-0.0051402636,-7.153328,-0.3340052,-1.0787898,-4.048073,-0.18388018,-0.34214264,-0.36031413,-3.227581,-9.796053,-1.1438869,-16.828917
2.8587587,0.042519998,-0.37468302,1.1153224,-0.23033535,-5.2186685,-8.916538,3.4740407,-2.515386,-0.9109299,1.1478053,1.8263934,-1.0283582,0.06777748,-6.0852304,-0.22829287,-1.2653314,-0.12873466,0.7297826,1.0217296,25.713871,0.07810462,-0.88794523,-7.044816,-2.6243792,-0.5459351,0.14228056,-0.124879554,0.04753332,-1.2131501,0.5795037,-0.78843844,-1.240867,-5.6802797,1.2415092,-1.7324362,12.035624,6.1805835,0.020352798,9.788355,-1.8230004,-0.13348497,0.33976725,3.6716452,6.5178175,0.49801338,20.652576
-1.963467,0.13206343,-0.48108146,0.62678957,-0.6853798,-6.2220488,-9.636738,4.14594,-3.1886337,-1.006598,0.9316337,1.1038264,-1.6305094,10.79754,-5.585586,-0.10344176,-1.6002237,-0.21671784,0.2927243,0.15755616,24.094988,-0.9746492,-1.1518714,-6.194616,-1.2568824,-0.84734297,0.29525158,0.04602882,-0.30903685,-0.11227279,0.0035125492,0.033092912,-0.7632866,-9.289086,1.1506321,-2.74242,9.836533,4.2549925,-0.74415076,5.2302494,-2.3636556,-0.27346578,0.3103672,1.3027127,6.2376075,0.37768087,18.608389
2.2307205,-0.09985954,0.14994837,1.6011553,-1.1209222,7.22182,2.7611337,-6.5773344,-10.681886,-0.32543287,-1.0128633,0.094310515,3.2662184,-16.224854,-1.4009862,1.1392773,0.073043704,0.50979984,-0.124605626,0.44260907,-4.6408057,0.15259343,-1.2606791,-19.464327,5.609669,0.18614164,0.36775017,0.017179672,-0.06598456,-0.66208065,-0.08739564,-0.23615196,2.1234474,0.74351066,0.19544223,0.23903702,-8.698682,-0.28587085,-0.8644338,-4.582825,-0.10941802,-0.27444324,-0.44641125,-3.36538,-9.211138,-1.0493767,-19.011196
2.21802,-0.23133653,0.27756682,1.2759206,-1.1333158,5.2238283,2.0931203,-6.928712,-9.710232,-0.79356295,-1.1111969,-0.04352569,3.423282,-17.55039,-1.4127058,1.2543665,0.08464522,0.59663427,-0.20236544,0.31792995,-4.7349973,0.44492003,-1.2660335,-19.060148,5.5205336,0.22847244,0.2952961,-0.008455728,0.2772373,-0.76913065,-0.032229967,0.0799941,2.0593863,1.8916249,-0.12855124,0.15133764,-7.7698383,-0.33135006,-1.0367051,-3.801115,-0.31136358,-0.80042994,-0.38654873,-3.5092113,-10.403765,-1.0747943,-17.169373
0.89525,-0.26810092,0.23529527,0.627475,-1.1195414,4.956176,1.0845023,-7.0284796,-9.693778,-0.84199554,-0.67955196,0.019441191,3.6971877,-16.730156,-1.6659383,1.1415775,0.041754458,0.6087175,-0.13570711,0.037132345,-3.4500968,0.4168401,-1.2519284,-19.394114,5.1225553,0.202393,-0.16897039,0.010406593,0.22973946,-0.7978473,-0.08640712,-0.046688672,1.9415504,1.7139714,-0.27600908,0.0013207638,-7.126884,-0.32256648,-1.0343429,-4.0628304,-0.15673567,-1.2604388,-0.38196933,-3.199952,-8.040195,-1.1449208,-16.684439
1.167036,-0.19242467,0.40372086,1.2452621,-1.1609293,5.275469,0.55620795,-6.9016633,-9.993384,-0.97614586,-0.9417717,-0.009135667,2.4436772,-13.730088,-1.6340526,1.1535004,0.053758234,0.59474057,-0.12206455,0.008061223,-3.3890224,0.48699114,-1.3075055,-19.070097,5.0030336,0.2158997,-0.2063899,0.042558726,0.3084647,-0.7957891,-0.065128475,0.36060953,2.1969001,-0.5160894,-0.3586101,0.3175529,-7.463223,-0.32974613,-0.76000214,-4.2451105,-0.24733861,-1.2303054,-0.3976921,-3.3930757,-8.385103,-1.1441199,-16.887032
2.1342866,-0.22319981,0.24826956,0.66982013,-1.0796285,4.979735,1.1948273,-7.059594,-9.715603,-0.9700243,-0.7149495,0.01088508,3.694181,-16.786762,-1.432357,1.1789765,0.042363606,0.6095556,-0.12931088,0.04723597,-3.661716,0.5309095,-1.3004194,-19.344067,5.576923,0.20126307,-0.13285448,-0.022644086,0.18041793,-0.7938379,-0.0755464,-0.32360846,1.888217,1.6628734,-0.34364516,-0.003479712,-7.1612496,-0.33784872,-0.6875223,-4.0465465,-0.17265536,-0.6181919,-0.36048687,-3.2280533,-9.785785,-1.1413598,-17.387045
1.1457597,-0.2109524,-0.12905696,0.38746676,-1.0007831,4.058353,0.16183747,-7.1159983,-7.0971932,-0.65831494,-0.74115777,0.06681691,2.8520184,-14.26765,-1.5246793,0.06520349,0.036793035,0.6205351,0.048585657,-0.36124456,-3.1317565,0.54679257,-1.5320349,-18.96874,4.004883,0.22221075,-0.37498474,-0.030128563,0.14008489,-0.7732227,-0.09045791,-0.5883166,2.196968,-0.53710544,-0.628938,0.11276218,-6.985867,-0.17064962,-1.1162907,-4.075734,-0.36979863,-0.9833169,-0.27286357,-2.2890606,-7.8536086,-1.1032909,-16.010134
1.1213272,-0.2538827,0.22179183,0.3919098,-1.0803287,4.2252736,0.17915715,-7.685947,-7.103046,-0.6777141,-0.7259502,0.06539642,2.916811,-14.024656,-1.714966,0.068667024,0.021568673,0.60306484,0.031370774,-0.37926424,-3.1862264,0.4469134,-1.3604056,-18.741938,4.2128625,0.25354365,-0.37138942,-0.040699415,0.4118455,-0.5375854,-0.16853477,-0.5915441,2.2860973,-0.5379425,-0.63256377,0.08694774,-7.0561085,-0.3163358,-1.1670479,-4.1540074,-0.37368262,-1.3040627,-0.37663952,-2.394502,-7.7457094,-1.0704203,-15.880422
2.1151195,0.046427567,0.24098574,0.6960394,-1.089755,7.119308,2.005245,-6.933019,-9.943625,-0.9598881,-0.7235272,0.0066025876,3.698749,-16.91294,-1.4414983,1.1572857,0.10963098,0.617974,-0.13065629,0.04661829,-4.8151364,0.46795672,-1.3063812,-19.393564,5.4208546,0.20756604,-0.1344205,-0.040741757,0.07878987,-0.7869727,-0.07580689,-0.34593064,1.8764035,1.6111369,0.06959992,-0.011621004,-7.2129874,-0.3802397,-0.6986,-3.9971125,-0.22018373,-0.41159248,-0.336054,-3.2349758,-9.883059,-1.0249045,-19.499712
2.099559,-0.21634439,0.23976538,0.66784346,-1.1299309,4.9605813,1.1730678,-6.900049,-9.6618805,-0.963949,-0.7163172,0.009142588,3.6846747,-16.791313,-1.4423624,1.1651907,0.041753735,0.5543924,-0.13533607,0.049188085,-3.653035,0.42202938,-1.4142075,-19.349407,5.862837,0.198389,-0.14138278,-0.035914075,0.039112,-0.677056,-0.07432914,-0.24910665,1.9109919,1.6271292,-0.34679037,0.013407837,-7.2016983,-0.34792358,-0.74203193,-4.042682,-0.18272403,-0.66446525,-0.3633214,-3.1839447,-9.791206,-1.1390367,-17.283878
2.0206172,-0.21636096,0.30230436,0.6687579,-1.1245356,4.9613004,1.1683391,-6.908805,-9.653415,-0.9639198,-0.71633244,0.016101398,3.755441,-16.79333,-1.441994,1.1613744,0.041333206,0.55075413,-0.13475221,0.04034292,-3.648796,0.38398084,-1.414878,-19.347713,5.8601074,0.19903687,-0.14390998,-0.036408868,0.03721916,-0.67673016,-0.08723758,-0.28159368,1.9118493,1.6284987,-0.333036,0.0167428,-7.2040687,-0.34868324,-0.71015954,-4.032071,-0.18175688,-0.66580385,-0.36272794,-3.1821806,-9.797545,-1.1390014,-17.289742
1.0461352,-0.057987586,-0.79222524,-0.39445394,0.10150891,-2.967384,-5.8687468,6.112771,-12.335674,2.6516643,-1.266148,0.6320379,-0.6822647,-6.8952837,-1.2437544,-0.1892126,-1.0481128,0.29284045,0.814771,0.84512216,0.03116704,-0.86286706,-1.001102,-8.780654,-2.8494105,0.2741828,0.3976491,0.029427407,0.046219368,-0.6727026,-0.013868294,-0.9977493,-1.5761902,-7.941698,2.2249794,1.8409798,-6.1049695,0.6238881,-0.9458372,10.102401,-1.841535,-1.2472692,0.17264876,5.059092,-3.2368588,0.022920484,20.305477
-0.9020798,-0.27917093,-1.7093066,-2.0313613,-0.7563286,-4.486453,-10.970293,6.597183,-11.95009,5.4659452,-0.7283105,0.6382119,-0.674926,-8.141093,-1.6598496,0.6337221,-1.1344217,0.10510046,-1.0142552,-0.644892,2.2546766,-0.7916734,-0.9042154,-9.799509,-1.0050317,0.15145852,-0.68591535,-0.0318601,-0.3243583,-0.6062487,0.34094965,-0.73932177,-1.8852979,-8.208048,2.3351521,2.0576499,-6.1141524,4.722704,-1.9184892,8.165058,-1.1179742,-1.2739106,0.20473503,6.9145427,4.5253806,0.030867858,19.438501
-2.059045,-1.1579458,-1.9550598,-2.3002992,-0.100335844,-3.9362504,-12.081457,7.63029,-9.717493,0.027902659,-0.67177534,0.111637875,-1.5684826,-6.5944495,-5.406706,0.029360203,-1.1055127,0.03171034,-1.0405939,0.015883006,1.6084348,-0.700822,-0.72755975,-11.6231,-2.8678398,0.099739544,-0.42203063,-0.08045252,-0.16017497,-0.9879276,-0.1748532,-0.75192595,-1.9813321,-7.49489,2.2606711,1.9801446,-7.04358,5.1585307,-0.9715397,8.25728,-2.208327,-0.59700495,0.41618943,4.293945,4.9287295,0.06833145,15.89383
-3.7132037,-0.9530635,-1.7338231,-1.9048644,0.010830094,-3.2433329,-12.975594,6.83933,-10.130535,0.030252496,-1.0333127,0.370598,1.7585014,-7.684877,-3.6849866,-0.059179295,-1.2647262,-0.048113763,0.6031984,-0.042818934,1.5926217,-1.2737827,-1.515022,-7.668749,-3.1403575,0.032649588,-0.094163306,0.21880016,-0.17020509,-0.89584357,0.38394025,-0.90270084,-1.7154464,-8.0599985,2.0739894,0.44916317,-4.364453,5.255574,-0.8747319,10.705688,-1.5526406,-0.52673995,0.5382205,6.0800414,4.988759,-0.04701004,16.049713
-1.8573275,-1.1096109,-1.6441607,-1.9264814,-0.05030234,-2.3931632,-10.824409,7.505239,-7.066372,0.42536792,-0.1413341,0.29303992,2.0259092,-9.726996,-3.2329063,-0.025632445,-1.2299418,-0.05682773,0.9225995,0.04278044,2.087455,-1.4050276,-1.323311,-9.364668,-4.3108687,-0.08612358,0.11723001,0.5060834,-0.28987968,-0.039792508,0.4413977,-0.9007937,-2.371206,-7.542648,2.0700364,0.5859475,-6.609458,4.662231,-1.0194947,9.759162,-2.4225116,-2.2567563,0.50933903,5.6278048,5.052166,0.06415906,17.135614
-2.5373213,-0.28054667,-1.6988565,-1.8675355,-0.9262222,-11.4637,-8.914495,2.7985635,-6.7361097,-1.0773495,-0.1105596,-1.0027238,-1.0045525,-5.8619695,-7.4839287,-0.21381956,0.6705496,-0.31197235,1.0414957,0.5176727,0.1279139,-1.75733,-0.9631681,20.809616,-2.8638902,-0.4136018,-0.32130527,0.58525866,-0.47507447,0.11699528,0.14189477,-1.3344752,-1.4344416,-7.7442436,2.0345693,-0.40181142,-5.163439,3.4838624,-2.264808,7.498596,-1.914653,-1.4181486,0.22657502,4.539563,7.787188,0.052118875,13.541363
-4.1009626,-0.3163548,-0.83035916,-2.102871,-0.5404969,-4.978735,-9.779021,3.1671965,-4.0679026,-1.2273163,0.8332699,-0.9607434,-0.65015495,-1.547718,-6.845204,-0.5290417,-0.08183508,-0.45111316,0.17536515,0.7553931,20.335293,0.3408439,-0.90034056,-8.130453,-3.322618,-0.64478385,-0.84491855,-0.27619115,0.07968897,0.5383576,0.13668719,-0.64839226,-0.48315057,-7.0959864,0.49907333,-2.370197,-4.4528804,4.737336,-1.933648,8.860731,-1.8491913,2.6739569,0.013504994,3.3652174,5.1457195,-0.12432226,2.369276
1.8358521,-0.62342024,-1.4213452,-2.2632194,-0.3101815,-4.468248,-11.132849,6.8985324,-2.5839367,-1.105207,0.9716887,-0.8761887,-0.77061456,-3.967244,-6.780778,-0.33508256,0.628476,-0.24984284,0.6451768,-0.29668126,-0.32833984,-1.1602015,-0.54088724,-10.310706,-3.3276095,-0.46734434,-0.1589534,-0.052438147,0.09666494,-1.013534,-0.10349205,-1.0869051,-1.4496031,-7.1651306,1.3153157,0.12592968,-5.3189235,4.610187,-1.5970415,8.652808,-0.27516043,-1.4531784,-0.48762357,5.848702,8.186213,0.0043338747,15.619726
-3.0082765,-0.1357952,-1.2357146,-1.002376,-0.49695233,-2.8857687,-10.070951,7.179505,-3.5331755,-0.45417485,-1.0423262,-0.1765259,-1.1693188,-8.776753,-5.976199,0.13251102,0.82328707,0.08681462,0.85728616,-0.024792897,2.5057943,0.085481554,-1.2694981,-11.849245,-2.5058403,-0.68063825,-0.60153717,-0.45421398,0.14238364,-0.5556974,-0.24339877,-1.1120381,-2.014412,-7.3795815,1.7783397,0.13247506,-3.2300863,-1.457543,-2.106805,8.062222,-2.5137281,-2.3958194,-0.6926894,5.1109076,7.07834,0.1105542,15.109726
4.752797,-0.21398723,-2.676483,-1.4133449,-0.4959266,-12.205052,-11.094729,1.3591017,-13.768951,-1.8121336,0.45420325,-1.5462207,0.31922165,-9.467508,-5.71093,-0.7610423,0.3039758,-1.7721153,-0.06381276,-0.10071265,23.424732,-0.7370188,-1.6645815,21.042936,-1.8949986,-0.3130734,-0.67337805,-0.45984924,-0.92358506,-2.1622126,-0.9939874,-3.2792845,-1.6280881,-8.020703,1.2184849,-2.7473755,10.007301,-2.154731,-3.286155,6.897856,-3.1676316,-0.9776423,0.25658804,-1.4550477,4.9351482,0.023064798,7.010467
2.1892424,-0.08213153,0.13257268,1.600963,-1.1526728,4.9612575,2.671812,-5.8435936,-10.302113,-0.2635492,-2.209272,0.045173455,3.269365,-16.605158,-1.6485093,0.5291272,-0.016715735,0.5538416,-0.17492011,0.116290815,-4.7861805,0.07588564,-1.1128265,-19.327522,6.081118,0.24319027,0.22686014,0.09858673,0.23609272,-0.7800402,-0.114608645,-0.032553058,1.8329538,4.7665334,-0.22128232,0.10998251,-8.406348,-0.36096162,-1.1418417,-7.169576,-0.115919665,-0.6554064,-0.44175556,-4.0278435,-8.957743,-1.1160774,-16.743221
2.0978959,-0.25247803,-0.014643384,3.5694847,-1.1623712,4.9068727,2.2157476,-6.7970157,-10.167199,0.099003516,-1.3644129,-0.003604533,3.3250163,-17.306953,-1.4650446,1.1087865,0.086627856,0.54138666,-0.11282607,-0.022119766,-5.0869718,0.33742458,-1.3200272,-19.635473,5.329332,0.24150968,-0.18369672,-0.07303545,0.05702631,-0.7864171,-0.10382467,0.3022338,2.0776918,1.8608571,-0.48646256,0.1381407,-7.7127423,-0.40815896,-0.9311031,-3.7557395,-0.06605708,-1.310811,-0.37209645,-3.9564502,-9.337948,-1.1493769,-16.775286
2.1287909,-0.23377427,0.21646628,0.40962467,-1.2093927,4.5419874,0.63778883,-6.960553,-10.2844515,-0.15469581,-0.9178188,0.07220569,3.4359262,-17.310467,-1.3478215,1.1202736,0.034401137,0.6231681,-0.19472897,0.40026122,-3.4574275,0.37759477,-1.2480173,-18.86432,5.336647,0.2318385,0.3094069,-0.0064216345,0.120112546,-0.8028332,-0.22530444,0.021285634,2.224049,1.8307583,-0.18439531,0.15269116,-6.909469,-0.37191877,-0.9123226,-4.0883822,-0.23150103,-0.5160964,-0.36695674,-3.2908628,-10.428191,-1.1845834,-16.564316
0.7938813,-0.24415578,-1.3669648,0.15322553,-1.4214637,3.1901681,-0.278096,-7.7385964,-8.141405,-1.0184748,-0.29290295,0.12417538,2.2098973,-12.423131,-1.9632655,0.09051853,0.14041467,0.28434414,0.13838431,-0.31022674,-2.1031559,0.7387218,-3.0327885,-18.416328,4.497653,0.055689782,-0.28216678,-0.048057117,-0.33606896,-0.23016004,0.2834225,0.08275648,2.45188,-1.3788962,-0.49433845,-0.22975501,-6.8397546,-0.10925481,-1.2702364,-4.5939264,3.1393743,-1.2621344,-0.32412723,-2.9035413,-7.647954,-1.5486293,-14.788108
1.0234164,-0.14383279,-0.16831496,0.35817993,-1.0409863,5.3449774,0.8539231,-7.0391297,-8.443325,-0.8630222,-0.41547304,0.011611353,2.63527,-12.956688,-1.9230167,0.058569953,0.07623671,0.33721372,-0.027878527,-0.48215848,-2.7819858,0.7968511,-1.5490224,-18.972029,4.877643,0.21258092,-0.33748174,-0.07507343,-0.39825782,-0.66902375,-0.13276534,0.33653352,2.313129,-0.55058134,-0.6591931,-0.021702068,-7.155393,-0.28538394,-0.8714862,-4.7449236,-0.72494626,-1.2348034,-0.37471762,-3.6691577,-8.038737,-1.0115299,-15.559036
2.1618052,-0.26886907,-0.041776426,-0.069487564,-1.0856148,4.425656,2.2129848,-8.395691,-7.1091022,-0.45429674,-0.4928375,-0.005864873,3.2660778,-14.484459,-1.7081027,0.15389894,0.16442537,0.29901075,-0.04439317,-0.59014463,-3.7355993,0.9333623,-1.371667,-19.094198,4.083499,-0.010433682,-0.5537349,-0.05402289,0.1993119,-0.72092104,-0.13303624,-0.7867788,1.8575312,-0.90926206,-0.8821186,-0.2374255,-6.7408123,-0.055103354,-0.86523205,-4.361991,-0.3479999,-1.3279825,-0.40074748,-2.77185,-9.21785,-1.0796273,-15.261586
2.1778147,-0.21695228,0.16949992,3.1038134,-1.2424669,5.236551,1.9523537,-7.8712807,-10.178663,-0.9990173,-0.89269394,0.039609227,3.3163464,-17.559164,-1.3890212,1.177935,0.117303625,0.5729772,-0.12745862,0.46958986,-4.652483,0.5886864,-1.2629783,-19.609516,5.8792896,0.18526468,-0.19676305,-0.06269525,0.017417837,-1.0276198,-0.17566638,-0.24379581,2.0644572,1.7621593,-0.10481526,0.032467283,-7.626052,-0.2751917,-0.8254843,-3.9687812,-0.057908624,-1.1590818,-0.42792028,-3.9565558,-8.705511,-1.1536745,-16.81612
2.0375798,-0.057746153,0.18794501,3.7300534,-0.52276385,7.1551757,1.9554427,-6.9963994,-10.603162,-0.24231647,-2.0512114,0.05864003,3.3171434,-17.364212,-1.1689404,0.40310562,0.09827344,0.50113136,-0.21795683,1.6317834,-5.5919466,0.4562032,-1.3991953,-19.447712,5.4475975,0.17088705,-0.26634124,-0.16990192,0.35183108,-1.5590527,-0.18533644,0.02485118,1.8452173,5.065908,0.2849869,0.07700235,-7.88325,-0.39239427,-1.0078447,-7.4851303,-0.3848287,-0.16588639,-0.6192739,-3.8444726,-10.055223,-1.0646551,-18.129505
2.2055407,-0.21624476,0.03898206,0.38403326,-1.1500556,1.6421728,-1.0746075,-7.135008,-8.202705,-0.65431863,-1.0434818,0.22033192,2.4797504,-14.900894,-1.1861644,1.1150073,0.24864694,0.5270112,0.07910969,-0.019631956,-0.11534726,1.3303806,-1.227638,-15.95624,4.4852753,0.24527554,-0.49338764,0.1185535,0.046310548,-0.512302,-0.03756132,0.20027699,2.8892632,-3.9975677,-0.7786948,0.06599743,-7.5251837,0.10168594,-0.79858655,-3.0620158,-1.0803694,-1.2585493,-0.9351913,-2.3806674,-9.742973,-1.4232111,-15.759635
0.8412563,-0.255033,-1.0733291,3.407063,-1.4488592,2.974697,2.1084037,-7.048279,-6.4009376,-5.5736613,-0.5808622,0.106219724,2.794804,-13.977878,-2.0751178,-0.57209355,0.041236434,0.57907915,-0.026708724,-0.38606092,-0.120278366,0.71974325,-0.82356375,-19.219788,2.4576128,0.17630723,-1.5930516,0.0044224146,0.22211185,-0.6223837,-0.08703478,-0.98486245,1.7559747,-0.80171084,-1.287695,0.58291286,-4.250886,-4.759197,-1.2225062,-4.085954,-0.031439412,-1.3325732,0.15683076,-2.7326636,-3.77653,-1.1548344,-14.648012
1.5008824,-0.08899146,-4.077819,-0.7111471,-0.46651825,0.5661097,-5.049932,-7.3063474,-8.376803,-1.4816141,-0.46126777,-0.028759254,0.5533376,-12.1487255,-1.3270651,1.3451186,-3.4626346,0.2136033,-0.29797465,-0.2687703,-0.32304963,-0.65517634,-1.4378525,-18.858309,2.031885,0.09025967,-0.09851233,-0.07349085,0.22390908,-0.9958388,0.013830781,-1.1628587,-0.89647615,-5.824254,-0.5307185,0.7108307,-7.097148,-0.4094021,-0.8264385,-2.8089716,-1.292883,-0.89536864,-0.17451596,-1.6399755,-5.352552,-0.8238977,-10.9535885
1.5369248,0.0051075635,-2.388405,-0.57413995,-0.5179333,0.68641335,-3.074768,-7.1429834,-8.6215925,-0.854395,-0.37005517,-0.17609064,0.74389356,-11.881557,-1.4496603,0.5600409,-3.3428965,0.09008709,-0.030841319,-0.048480306,-2.3890533,-1.0846716,-1.5350566,-19.529173,3.742877,-0.009914488,-0.15981343,-0.14709075,-0.32997423,-1.0726963,-0.11060481,-0.94157255,-1.0931319,-4.2700353,-1.4178232,0.46440482,-6.212091,-0.44901848,-1.4160522,-3.3025682,-1.057103,-0.8932239,-0.1274138,-1.7934064,-5.2422585,-0.37340584,-13.412121
1.5590597,0.023534298,-3.4093657,-0.97271615,-0.7982776,0.61834127,-0.44554788,-8.08753,-8.157426,-1.7823377,-0.40257588,-1.0037711,1.7611465,-12.4221,-1.6977437,1.131285,-3.824939,-0.060931057,-0.5048794,-0.43171608,-0.24101967,0.39488637,-1.4267468,-18.804722,-0.2296548,-0.3425955,-1.0093176,-0.10540272,0.375332,-0.58813745,-0.077570856,-1.1698241,-0.9830399,-6.436475,-0.35543886,0.7810242,-6.6642776,-0.028472086,-1.2697041,-1.7339842,-1.5998242,-0.85256207,-0.31773168,-1.5205723,-4.605488,-0.7420439,-13.144995
0.9168044,-0.21628052,-1.1931208,-0.22634912,-0.5306115,0.6364333,-3.339568,-7.255897,-8.252413,-0.815863,-0.66496986,0.037065055,0.5461879,-12.42554,-1.2660788,0.5112995,-3.5727654,0.123569064,-0.06713257,-0.34903753,-2.0305178,-0.8911242,-1.6854887,-19.342972,3.7772782,-0.021979347,-0.023298232,-0.15592512,0.19930346,-1.0237579,-0.23484275,-1.1211941,-1.204633,-4.59176,-1.4945792,0.69587094,-6.3753786,-0.45247227,-1.677317,-2.2857747,-1.0626553,-0.9711581,-0.19519685,-1.1961279,-5.1388283,-0.3460043,-13.195399
1.3827925,-0.19935817,-3.481118,-0.6910319,-0.64140755,0.07280141,-3.1457756,-8.006783,-8.241681,-1.3286433,-1.3121232,-1.1610264,1.6692355,-9.910379,-1.8130974,0.8429652,-3.247408,-0.14404133,-0.23076844,-0.54793936,-1.083865,0.36362123,-1.4685314,-18.266785,-0.9730738,-0.42143822,-0.1918734,-0.16451633,0.39455736,-0.7236674,-0.18791193,-0.87398535,-0.7260077,-5.5948634,0.26589045,0.5818638,-6.782221,-0.4766724,-1.7098339,-2.2220516,-2.4748924,-0.93256134,-0.22629033,-1.8005419,-2.8394601,-0.38201165,-11.814963
1.3169414,0.026524859,-1.062901,-0.9362908,-0.5955954,0.8463791,-5.211655,-7.8100233,-8.090414,-1.4197909,-0.5568079,0.0933745,1.4786732,-12.481261,-1.1955177,0.20364499,-3.5115612,0.07947758,-0.05569289,-0.14522608,-2.3151283,-0.9488936,-1.8284366,-19.461979,3.446932,-0.020855092,-0.36757952,-0.12777753,-0.035673946,-0.8119982,-0.23216708,-0.9346403,-0.93515164,-5.037866,-0.4851046,0.83722067,-6.41876,-0.18551308,-1.360995,-1.9535184,-1.5159492,-0.7987434,-0.045594547,-1.312315,-5.4707003,-0.6282187,-13.295018
2.082148,-0.032186,-1.3975917,0.05561311,-1.3794172,1.8504006,0.11804635,-7.4356914,-8.451533,-1.5588667,-0.6142666,-0.7591143,0.5115021,-13.169129,-0.9221556,0.4879017,-3.6681397,0.15818,-0.004543716,-0.32772964,-1.9237034,-0.74832505,-1.856006,-19.220367,4.2986574,-0.112891145,-1.193664,-0.09828331,0.14924285,-0.9434296,-0.3025308,-0.54194164,-1.2761699,-4.5702047,-1.8735416,0.6979815,-1.9892588,-0.8256787,-1.2327199,-1.765713,-0.8572118,-1.0180026,0.08881286,-1.3854337,-7.5139017,-0.3235908,-15.379522
1.0648358,-0.32383922,-0.7802606,-0.79886824,-0.4853443,-0.15517054,-9.949221,6.090564,-5.606885,0.76279664,-0.5806107,-0.020352188,0.6823404,-9.67566,-4.512834,-0.10615217,-1.4513013,-0.024353532,0.43412763,0.37962976,0.6640468,-0.9427348,-0.42744365,-11.546492,-1.6599157,-0.14536786,0.28488615,-0.040469233,-0.11378551,-0.7114389,-0.11726339,-1.2519298,-1.4995222,-8.395559,2.0549002,1.5096143,-6.1191373,1.4452223,-1.3900886,8.4077015,-2.4033256,-1.3439246,0.27080682,5.401575,5.463004,0.002744827,19.783604
3.5013866,-0.359851,-1.5610079,-2.024133,0.9518351,-0.24530129,3.7907796,10.544831,-0.47750765,3.7033865,-0.48208508,-0.048713338,0.63435024,-8.14577,-5.57177,0.28097367,-1.1621857,-0.07663606,0.07049297,0.40007365,2.00336,-0.8397552,-1.3347497,-15.437277,-2.931224,0.008265184,0.159806,-0.111117505,-0.05832831,-1.0644866,-0.425427,-1.8525162,-2.0172968,-6.0830355,1.9537034,5.997801,-6.70637,3.9418936,-1.9832925,8.609991,-1.7466199,-3.2890732,0.2673999,6.860383,6.263902,-0.046996173,22.868628
3.1227648,-1.1813978,-2.0439544,0.12714136,0.35735598,-5.402891,-12.333652,5.941831,-4.0495067,0.598304,0.12721519,-1.2089337,-0.6898339,-7.457043,-1.3680879,-0.310229,0.06342375,-0.040818326,1.0368261,0.91999054,1.9881651,-0.72791076,-0.35229993,-9.10235,-4.0778513,-0.06753828,-0.43414447,-0.2403399,-0.1968206,-0.7445273,0.21578051,-1.7651404,-1.7162313,-8.315033,2.0282226,1.6760185,-4.2246623,1.2337104,-2.208678,7.8639326,-2.2498264,-1.3269624,0.15832384,5.0288696,4.2090254,0.06815239,18.918049
-1.7022694,-0.30600825,-1.9526788,-1.1734705,0.07158922,-6.048389,-12.223127,6.1825023,-7.2525277,-0.5607396,-0.017425139,-1.0626184,-0.6294987,-7.623566,-5.4932423,-0.3534232,-0.13041145,-0.12705307,0.6767228,0.58692324,1.6876991,-0.73763967,-0.826575,-11.225999,-3.8062594,-0.085303165,0.27536267,-0.20966485,-0.33865666,-0.25380212,0.36448482,-0.8721597,-1.4210771,-6.785162,1.8067248,2.1222517,-4.7582765,1.3228108,-1.6572732,8.377828,-2.5756366,-1.5561582,0.20552221,6.259986,5.4472556,0.05460265,14.7712965
0.84576523,-0.97446436,-1.5877328,-1.2091993,-0.8413371,-6.4052925,-8.193513,6.767625,-2.2648108,-1.6980581,0.54819804,-1.1412479,-0.45573995,-2.3651605,-7.5778136,-0.1574943,0.7464458,-0.26860815,0.7291906,0.4900139,0.56021917,-1.2890441,-0.9128677,-7.997681,-5.344093,-0.5188559,-0.16215943,0.028208958,-0.2983191,-0.21810819,0.27032968,-1.1037366,-1.2300997,-5.114907,1.7391698,0.33053598,-7.360605,4.137591,0.30090374,8.044632,-2.506898,-1.8901235,0.3640006,5.265131,8.684716,0.018583737,17.255377
1.5794839,-0.08116032,0.26142335,-0.105396494,-0.84640473,2.6675818,-3.803496,-7.5026717,0.18362886,1.7229694,0.15472883,0.19010104,3.2888446,-11.256664,-1.4306144,1.3753713,0.38342163,1.1461191,0.21251445,0.9493136,3.047358,0.16393156,-0.5535505,-14.114639,-1.0605451,0.005988858,-0.411132,-0.012680884,-0.10585167,-0.45383778,0.59976417,-0.8682621,-0.85733086,-1.5277672,-0.9023484,-1.069853,-2.7045455,-0.3863378,-1.0414122,-1.6555322,8.291948,-0.83681357,0.11365379,-2.420955,-2.76632,-0.67123365,-9.522764
1.5662621,-0.08427363,0.9189397,-0.111854,-0.8474261,2.8402462,-3.7107098,-5.305507,0.6121639,1.2115734,0.13520284,0.20979747,3.6779518,-11.257654,-1.4075967,1.3051772,0.37869468,1.1457622,0.19659616,0.9506965,3.0499911,0.16167927,-0.5560244,-14.12392,-0.28822076,0.0034724271,-0.41322547,-0.01277037,-0.10582946,-0.453264,0.59955525,-0.8543445,-0.85990006,-1.5401801,-0.29115027,-1.0694549,-1.706666,-0.3488951,-0.9909561,-1.3325367,8.297015,-0.81138635,0.10853224,-2.2431312,-2.6324844,-0.6710597,-9.183196
-8.4821205,-0.00060218567,0.07599483,-1.6751882,-0.6347209,-9.857855,-1.7417629,15.520862,30.51748,-6.7355556,0.9396438,-1.3495713,1.3535448,32.68436,-2.251425,2.1177747,-1.3734419,-0.7873526,-0.78499043,-4.3515763,18.016644,-0.54020303,0.10712175,27.120615,-8.106858,-0.7883559,0.8248962,0.1770956,-0.51328194,4.730872,-0.19974963,-0.54677695,-0.4957011,1.7744447,2.8534582,-3.4538984,19.036322,1.2926033,1.4465715,19.29125,-1.4802326,5.148387,-2.0268142,0.55746406,9.041436,-0.48263243,16.700754
-7.747478,-0.27246034,1.1850117,-1.8078319,-0.16326718,4.524169,-1.1619747,14.252356,30.92246,-3.1670463,0.62796503,-1.3283939,1.2834289,28.63002,-3.997493,-0.16566251,-1.6861595,0.022622379,-0.46559793,-0.29206228,19.35856,-0.21546485,-3.3682177,34.121197,-10.766506,-0.8129502,0.29527918,-0.6519076,0.1035765,-0.066321,-0.02642545,-0.8705033,-1.54511,1.7477987,1.4081198,-6.029088,18.178623,1.3316013,1.7034075,12.8494215,-2.0650065,7.1435976,-1.8637092,-0.4594229,6.8397427,-0.49381775,18.224522
-9.104808,-0.020583995,-0.15733874,-1.7220386,-0.15082626,-11.073724,0.84242105,14.8556795,34.717102,-2.0886483,0.72497106,-0.65182775,1.6396594,31.63377,-0.6333718,0.2362915,-1.0837286,-0.44494757,-0.42422944,0.9579094,17.49289,-0.61896706,-2.662695,29.373924,-6.8419013,-1.5512589,0.11781513,0.19237229,0.14924815,4.277725,-0.28260857,-0.9327262,-1.3383887,1.8423511,2.3224287,-3.7427301,18.053774,0.17217813,2.6796978,12.33755,-1.9014356,3.773255,-3.0732236,1.070121,6.8159976,0.1664571,16.83566
-10.206933,0.012282525,1.2998544,-0.854019,-3.8541315,-8.430046,-1.6012514,16.702314,48.04502,-1.7955997,0.711866,-1.0245068,0.9101303,33.55283,-2.5336373,2.467997,-1.5983994,-0.39264244,-0.26541805,0.7769967,19.420053,-0.25654656,-3.0107417,33.283882,-3.9183626,-0.90163666,-0.3919144,0.5957276,0.5249047,4.418507,-0.2531358,-0.6615959,-0.616056,0.42243582,1.3428004,-3.9929278,19.476143,1.4428786,-1.0425555,20.712101,-1.3291639,4.4404826,-2.3658571,0.16534805,7.06394,-0.26258603,17.829708
-8.279177,0.20989424,2.6035495,-1.2367167,-3.6334946,-6.3235235,-1.0605788,50.577644,39.136623,-7.0126877,0.99647117,-1.0465963,-1.0572653,40.62767,6.310344,-5.9962797,2.2421622,-0.18696703,-0.30444738,-1.4621389,16.681448,-1.1350683,0.50993365,36.336906,-10.596326,-0.61700404,0.69695914,0.1340533,-0.58413213,4.7545757,-0.61924696,0.8015395,-0.21571706,-0.83090276,1.4770267,-2.4695866,23.217714,0.9813628,2.2182963,34.436127,-3.899379,5.8482223,-1.4959487,-0.6850805,12.924918,-0.055712674,17.682917
-8.620647,0.4406991,3.312543,-1.690047,0.29761052,-4.294358,-2.575074,59.718414,28.008457,-1.9499067,0.9584402,-2.225571,0.10063377,28.101757,-9.380809,1.9244704,-12.392846,-0.5263332,-0.2116092,4.8248158,18.200848,0.0025836444,-0.6426538,34.561096,-9.208033,-0.6216022,-0.45750543,0.26481602,-0.44160944,3.0813735,-0.36331937,-0.45454702,-0.3048615,-1.0738174,2.3565679,-2.4463646,27.089163,1.786588,-2.7286577,17.422453,-2.7556071,4.520712,-2.08117,14.538958,5.5695333,-0.45570928,17.950106
-8.464088,-0.056145083,3.1855068,-0.85824245,-3.72502,-4.01283,-0.78236663,39.232487,25.912317,-6.469406,1.2604194,-1.7938019,0.044818003,20.272516,6.874479,1.7942928,-11.52397,-0.006935233,-0.35929585,-0.03753285,17.434446,-0.4473126,-1.4015287,34.4529,-11.370957,-0.353205,-0.43728969,-0.78801703,-0.08885291,0.7500603,-2.543387,-0.010043787,-0.28331468,-1.5651467,-8.14489,-2.702261,22.219591,2.0965204,1.306937,15.886011,-4.048361,5.473524,-1.4109888,-2.6361744,12.182456,-0.35506776,18.892908
-8.465541,-0.14220394,1.96566,-0.4832235,-0.5680252,9.827015,-11.856987,23.398632,42.059113,2.5424743,-0.091729894,-3.1858425,-0.40503916,29.94024,1.0413804,-0.83595794,-0.97283995,0.2884903,0.19216213,-0.18289195,19.763714,0.32467657,-2.542045,30.221607,-0.27672285,-0.85605264,-0.25091287,-0.31092045,-0.46853563,0.8224184,-0.5315541,5.955495,0.8240211,4.888554,5.0077157,-2.3197231,13.779864,0.33465162,-2.719609,11.844327,-3.208919,7.6870427,-0.81787395,0.29609185,14.871813,-0.1795618,15.547873
-3.4592721,-0.34835792,-0.20258881,-0.75196743,-0.81732875,-8.411622,-2.5804527,13.958038,2.0310552,-0.49274114,1.2060906,0.06126845,-1.7768233,20.90496,6.315424,1.1474698,2.2966151,-0.58132213,-0.31499672,-1.1780573,18.042084,1.5892625,0.1998936,-10.396025,-0.5721991,-0.9212826,1.9111233,-0.030140799,-1.5433135,6.8528633,-0.35225347,2.2440448,-0.912468,-2.846021,1.0317892,0.5732671,9.058012,0.8961396,3.7909288,4.2862034,-3.8984184,4.5000215,-0.77962023,1.6404792,10.148078,0.21938528,17.896952
-3.6023602,-0.70160294,-0.48195422,4.572586,-1.1437918,2.9754128,10.8239565,28.005041,-3.9965909,-1.2117,0.87514764,0.4580685,-1.5500777,16.559454,2.607282,0.9887791,-1.2596046,-0.06152732,-0.6014685,-2.104992,23.073853,0.6325973,-3.2178266,-17.298943,-6.559694,-0.6181871,0.65680504,-0.1619042,-3.5415208,5.608255,-1.3034412,0.45806417,-1.7627788,12.062507,-1.3608313,3.3856018,15.085833,0.015337664,6.025021,4.734056,-1.3285781,-2.8655655,0.88268995,3.694258,9.127442,0.4221684,20.213099
-1.9723861,-2.105938,-0.85370165,5.219728,-5.0038533,19.066586,9.330606,14.156176,-4.2563453,-4.4186287,1.2029121,0.2935554,-1.7658511,8.402438,-6.6255927,0.004621586,-0.7581039,0.17250681,-2.171981,-2.741426,24.250708,0.52300686,-3.6207094,-10.06698,-2.9026005,-0.67968917,0.25518084,0.1821776,-3.6862175,3.5840359,-1.8085142,-1.2922742,-2.1489856,13.556063,-1.4296217,-0.09775608,16.95786,-0.39095402,10.6759205,6.348096,-1.6356852,-2.5100846,0.7402219,6.136859,6.451508,0.4114157,24.373652
-4.38893,-1.3018322,-0.9150919,-2.8744218,-1.6922275,9.761321,9.703515,4.2946935,-6.6783447,-4.5226226,0.74774694,0.26181307,-2.0717406,13.292231,-1.2823759,-0.76250017,-2.2360256,0.03886749,-0.8858945,-1.5772395,19.11847,0.82390785,-4.232236,29.227879,-5.293689,-0.6478055,0.20750839,0.10798086,-2.2638607,2.2577283,-1.594545,-0.011354354,-1.6818856,9.375293,-4.02501,-0.933817,11.948045,-0.5197529,7.5879464,3.7652178,-2.0579238,-8.944021,0.19309488,2.5160136,8.125105,0.83626366,18.717567
-3.5013485,-1.6466194,-1.4192972,-2.364081,2.1934474,13.2604685,9.415966,10.256558,-7.5846386,-4.4665465,0.8550005,0.3154999,-0.5705813,27.62134,-0.89405173,-0.76493806,-0.8852842,-0.13917206,-0.9514448,-0.45492247,20.231531,0.15781663,-3.6727312,28.899195,0.5851323,-0.8700755,0.35199842,0.2239615,-2.0769866,3.4301457,-1.9645793,0.33821183,-0.9724843,3.9230206,-3.9836545,-0.7702624,14.838057,-0.558956,7.8228292,4.5232396,-2.8897793,-9.353005,0.7037841,2.945693,10.04221,0.53730184,17.332083
-4.27161,-1.2809546,-1.7091743,-5.663602,0.096043706,13.6734915,9.45561,10.111634,-5.6998487,-3.231821,0.97556937,0.22454362,-0.7109855,26.724358,-5.3340917,-0.25320038,-0.5538936,-0.07033369,-0.61860555,-0.75194275,20.293678,0.44447613,-3.266156,29.40896,-4.9391108,-0.8869782,0.767795,0.09117463,-1.9745479,4.5948615,-1.6734767,1.9709487,0.18365194,4.113235,-3.9814065,-0.22806704,14.977259,-0.75370306,6.2409487,3.9684696,-0.61790884,-9.30284,1.0834843,2.529944,9.498244,0.656162,17.357407
-3.8921347,-0.3556351,-1.6116314,-5.409157,5.231908,2.827025,1.6803342,11.221336,5.930377,-7.9946623,0.79563636,0.196042,0.029796958,24.306849,1.9910151,-0.27540964,-1.1729956,-0.38950148,-0.20803694,-1.1429849,19.994871,2.124859,-3.3147814,32.247845,-6.8344297,-0.7811625,0.96958816,-0.17889905,-2.4845278,2.871597,-1.5081276,2.2070224,-0.71480054,3.6197007,-0.054087464,-0.2866924,11.747536,-0.744827,6.7923183,4.4694,-2.2073166,-9.420572,-1.1838626,1.710793,8.930695,0.31233183,20.38778
-5.5120363,-0.23279707,-1.7950673,-2.5580764,0.48376507,3.9094367,0.91734445,3.7848809,-2.8847132,-2.3031967,0.39511764,0.35420287,-2.7811818,25.759827,1.4802855,-0.5443232,-0.60007894,-0.106794916,-7.730865,-0.98843837,20.02022,0.17862038,-4.9092016,31.860441,-3.4407468,-1.4035751,1.3483231,-0.11232601,-1.3089035,2.72957,-1.1911151,3.358197,-1.2734271,3.4250739,-0.62625784,-3.6751487,10.760569,-1.3430318,3.573228,5.360576,-2.1576898,-4.822497,-5.28227,1.7688,10.48732,0.13201202,16.967443
-1.101678,-1.1007235,-2.3548808,-2.387558,-0.5942616,13.374861,9.793901,0.18401012,-6.3848987,1.4905996,0.6381859,0.31567657,-1.6072909,27.786142,-6.5404243,-1.118309,-0.8316892,-0.23958181,-2.5250702,0.95666444,20.33403,-1.4063286,-3.4279778,21.077375,-2.5190046,-0.39723378,0.8018747,-0.17964277,-3.766535,-1.0686519,-2.0528145,-1.5243983,-0.8985423,6.629719,-1.8363281,-4.2229576,14.552921,-1.0887486,0.68514574,3.4895763,0.53602946,-4.277046,0.5510527,2.1864455,8.469737,0.18679053,10.969613
-3.7851589,-0.38879147,-1.0900427,0.96664494,-2.1367455,2.7533298,10.919644,1.3118365,-7.036464,1.5116538,1.1339966,0.33253086,5.145332,-11.678916,-3.82294,0.1799041,-0.25591776,0.10008853,-2.0213602,0.7383399,20.822384,0.09951775,-5.902226,23.067728,15.957242,-0.82678384,2.6429777,-0.42720443,-2.2154942,0.13787334,-4.385164,-9.395069,-0.12590684,18.75845,-2.5424242,-5.5003467,10.883391,-1.1671938,-2.0914583,12.685352,-0.24689212,-1.2758933,-0.4282355,-0.13352115,10.459174,0.353539,17.586327
1.8557171,0.0933755,0.42986783,2.68738,-0.0845632,7.2037535,1.5313734,-5.584315,-12.506838,-0.1110214,-2.2382178,-0.014948934,3.3368626,-17.345152,-1.2082865,0.39967626,-1.6991888,0.065720566,0.124687105,1.6717061,-4.4911575,-0.9374517,-0.619357,-19.380136,5.0813704,0.060229298,0.95570755,-0.19897465,0.21673384,-1.5424945,0.018456697,-0.06728056,1.6186137,6.6061606,0.16754763,0.10415369,-8.876782,-0.35476303,-0.68314487,-7.2629304,2.037409,0.4882565,-1.4092736,-4.665708,-9.503389,-1.139363,-18.85577
1.7624602,0.13223857,-1.7103636,2.623836,-0.32743987,5.3409276,2.3076062,-5.7656317,-14.0219555,-0.100759424,-2.1403196,-0.019667858,3.3897777,-17.340437,-1.5378194,0.76293,-1.6388471,0.02911181,0.117027186,1.631543,-4.576162,-1.0144099,-0.56962806,-19.44527,2.928661,0.17634043,1.113267,-0.21072438,0.19585349,-1.5819443,0.15327981,0.008065596,1.6648194,6.47209,0.007854598,0.12226508,-8.848174,-0.32573336,-1.5020338,-7.119091,1.8640765,6.017066,-1.3545883,-4.657352,-9.449153,-1.1284243,-18.17032
2.1229029,-0.24056616,0.32992193,1.2575352,-1.1403404,5.1088734,2.0946662,-6.9433436,-9.999847,-0.753171,-0.8993184,0.057992585,3.314034,-17.505692,-1.3925214,1.2690387,0.099333204,0.6015009,-0.18949878,0.39664587,-4.832891,0.46238697,-1.2638122,-19.28678,5.2878733,0.21367562,0.3310926,-0.010175799,0.20367283,-0.76440626,-0.03210888,-0.28484035,2.1337616,1.8695425,-0.11111812,0.044696555,-7.618451,-0.31844142,-1.0856806,-3.837631,-0.2496325,-0.7000686,-0.3875607,-3.484043,-10.264684,-1.1486741,-16.537933
1.2192727,-0.30800316,0.24648543,0.46259984,-1.0829483,4.4589853,0.8277893,-7.3517666,-7.6922216,-0.70225996,-0.6756004,-0.021811249,4.0201283,-16.54714,-1.674052,0.06362058,0.01725622,0.62918013,0.14539516,-0.21928814,-3.495514,0.50663596,-1.218823,-18.836641,4.8664594,0.25351214,-0.37377596,-0.040203158,0.30045345,-0.8255074,-0.05477447,-0.78725964,2.0965526,1.6378924,-0.47643757,-0.25156423,-7.1844764,-0.35445428,-1.069178,-3.8870575,-0.2742836,-0.7669614,-0.3548074,-3.3195474,-8.014556,-1.0417345,-17.003649
2.097103,-0.23035891,0.23511979,0.66777956,-1.1302092,4.9647326,1.1470788,-6.900402,-9.671384,-0.86914325,-0.71632373,0.010463954,3.6845088,-16.71395,-1.4422808,1.1410954,0.043313038,0.5543924,-0.13437194,0.05053565,-3.6344004,0.4192501,-1.4112531,-19.384905,5.8635035,0.19846429,-0.1396618,-0.03892016,0.03915941,-0.67560846,-0.07457586,-0.24859537,1.9404483,1.6209657,-0.35437664,0.013879822,-7.114627,-0.3480652,-0.94502383,-4.048288,-0.16610639,-0.6627465,-0.3752397,-3.1847577,-9.790987,-1.13817,-17.282097
-11.164505,0.37436944,-0.2516174,-1.921867,-0.19217357,-19.02543,-14.251112,10.84977,15.242819,-5.03851,0.4415761,-1.2085258,0.6990072,22.912695,4.679393,0.18030229,0.4511816,-0.84661657,-0.30737653,-19.152056,15.588528,-0.12122277,5.861703,25.365814,-5.9517746,-0.5170552,-0.009875939,-0.13415469,-0.23175152,-0.7751112,0.14518785,-0.34745678,-0.8607597,-5.2354364,-21.19592,-1.8651854,13.837746,2.5982962,-2.542296,1.7136271,-2.0354567,4.7988763,-1.835999,1.1793115,8.341908,-0.45423704,11.359512
3.46286,0.14000906,-0.70634013,-1.5786091,0.15789714,3.4041076,13.36443,9.842257,-4.5739336,-3.9005113,0.58973205,0.1807867,-0.176216,30.00488,5.3941283,-0.05045162,-0.45512792,0.019897744,-0.3412423,4.855913,1.4777563,-0.32328707,-1.8702703,38.38514,-3.3346758,-0.1892084,0.038791604,0.0102969995,-0.108102575,0.6705555,0.2799594,-0.62577987,-0.4804045,2.093948,0.89562804,4.7950187,19.545223,-1.3296742,-0.42123264,4.388952,0.22721203,-1.8571641,0.34143543,3.1170633,12.58893,0.030732075,25.320007
4.4639444,-0.32574657,-1.3848543,-1.1046057,0.44620705,14.367925,17.884699,2.0461617,-4.1868224,-2.8558788,-0.47818545,0.45528507,-2.8057933,21.917732,1.0217656,0.9338318,-0.3252605,0.13542734,0.40309426,6.397184,1.2161022,0.09260722,-1.2842474,30.323444,-1.505957,-0.34205827,0.18150614,-0.11097226,-0.34000728,-0.9726805,0.23556335,-2.1936424,-0.6236319,11.623174,2.5251656,5.157081,16.274937,-0.6914632,-2.3406456,8.517262,0.14765842,-1.9351486,0.3204551,4.381188,7.292669,-0.26272663,23.893705
-0.82424206,0.030782297,-0.7169353,-1.2088038,-0.3200891,13.531918,12.484453,2.9305205,-2.7485328,-0.89749885,-0.45319414,0.32298318,0.2175943,23.952793,4.985206,-0.3462419,-0.51962423,-0.018777467,-0.6362993,6.617854,0.20058373,0.09276861,-1.3971266,28.408012,-2.1296482,-0.5022098,0.2843453,-0.057865657,1.8767107,-0.66042334,-0.018186899,-1.4400371,-2.3130193,10.571833,1.5802438,4.1465707,17.625628,-1.4799623,2.0896025,6.2458506,0.69463474,-1.4650412,0.6836982,4.86583,11.748953,0.21523926,26.245235
2.327308,-0.37039247,-0.73080593,-1.3563979,0.20405287,11.641269,11.495165,5.0139246,-3.9196515,-0.8207596,-0.45756593,0.42631763,-1.4191241,18.633976,4.994863,-0.14629464,-0.4893105,-0.07232632,0.44717252,6.358309,0.48751387,-0.12359794,-1.5376195,30.48997,-2.2133772,-0.477291,0.009940301,-0.19833542,1.1419733,-1.2799897,0.3318331,-1.596269,-0.78816575,10.861936,2.3873565,2.9967875,21.931395,-1.2398841,-1.4530178,6.152813,0.588985,-2.8505263,0.61143225,4.932059,12.284021,0.16378641,27.526094
3.1805072,-0.3692857,-1.7613665,-2.0641737,0.1830549,6.4860253,11.415763,4.0389647,-2.821467,-0.1781946,0.614381,-0.8738803,0.14184229,30.833248,5.5134907,-0.07151969,-0.48053458,-0.3191718,-0.26487896,1.8975555,20.30588,0.48201624,-3.2537236,35.079166,-7.2477818,-0.3298211,-0.074122414,0.05779718,-0.84994346,-0.46765035,0.012687088,-0.54270166,-0.91301817,1.5738077,1.300419,4.06791,14.271736,0.20679143,4.422839,4.615763,0.091892935,2.371243,0.5316342,2.2925284,10.443973,0.20093095,19.417963
3.5194452,-0.28856295,-0.61327344,-1.0083112,-0.5277608,12.143821,12.564301,5.1197467,-2.3048165,-0.716561,1.2344415,0.24266174,-1.3719859,20.81484,5.887673,0.54653037,-0.9385865,-0.054060947,-0.5601147,1.1560897,0.24135199,0.08098188,-1.8837124,28.803526,-2.8013666,-0.006897653,0.13942724,-0.04405374,0.79016566,-0.9615291,-0.20394553,-1.7862695,-2.2560148,7.522775,1.7573174,4.321065,18.314724,-1.0935364,6.7087903,5.2758656,0.50924593,-1.1485205,0.60588104,4.839815,12.781126,0.24324486,27.161783
2.041113,-0.008027807,-3.2423403,-0.18582396,-1.2079895,3.193502,-0.5083966,-7.9849725,-8.746007,0.6661293,-0.5455877,-0.84478784,1.9665025,-16.31357,-0.9455145,1.4047952,-2.5923858,0.7551429,0.25051388,0.3463048,-0.27006477,-0.74085695,-1.5015578,-18.928886,3.8068924,0.0788978,-0.579095,0.039787933,0.40249085,-0.9089883,-0.14725132,-0.18237008,1.8041395,-5.9567556,-1.8372835,0.016337035,-7.5667386,0.005404995,-1.7748607,-4.1494107,-0.40473437,-1.1742237,-0.10589672,-2.2452672,-8.06771,-1.0231237,-15.379609
0.20977473,-0.29672113,-3.000009,-0.4199654,-0.4553838,-1.2018527,-6.7876196,-7.3523006,-8.655385,0.53101593,-0.3598011,0.46110556,1.9216583,-14.986654,-1.353888,0.919726,0.26474962,0.397331,-0.41710734,0.22278208,0.4448455,0.102900974,-2.0128815,-17.022158,-0.59969646,-0.16841012,-0.038619265,-0.024553528,-0.106017865,-0.6858277,0.0796219,-1.6607412,-1.6134416,-7.2813196,0.49585414,-0.47489184,-6.430074,-0.59582704,-0.5649955,-3.762576,-0.7202073,-0.9164803,0.24449521,-1.1208609,-2.228913,-0.5750002,-9.416998
1.2757579,-0.010054065,-3.3974574,-0.1136489,-0.46311188,-0.64451814,-6.338517,-7.536848,-7.1930046,0.24201615,-0.53900284,0.47055602,1.6925675,-14.307153,-1.9400573,1.2161044,0.6024179,0.72305816,-0.251969,0.2215557,0.96270806,-1.2118864,-1.7986326,-17.002373,-0.33795112,-0.13890046,0.111553386,-0.032244574,0.1119,-0.6890203,-0.13591495,-1.4087836,-1.239529,-6.7272115,0.45579952,-0.09727138,-7.181875,-0.030797465,-0.6087122,-3.8424537,-0.75934607,-1.0531734,-0.14320287,-1.519744,-3.4840875,-0.6787637,-11.278344
0.82727826,-0.2720707,-1.0539184,-0.18904273,-0.51656497,2.5392275,-5.123779,-8.001526,-10.179017,0.28271046,-0.44079307,0.11481058,2.1631715,-16.55099,-1.3415511,1.1261064,0.5085662,0.809506,-0.015755223,1.1671618,-0.38051218,-1.222771,-1.8661983,-18.695112,3.559817,0.092606686,-0.35010427,0.022923483,0.45407742,-1.0743845,-0.007025182,0.11152083,-0.8359868,-6.199399,-0.9207715,0.101118065,-7.1957226,0.0058283783,-1.3457797,-3.8781953,-0.75074,-1.1001592,0.017182091,-1.3496236,-6.0739737,-0.6927278,-15.03646
1.046117,-0.028912285,-1.0360249,0.2617705,-0.6420452,3.8576765,-4.550064,-7.831116,-9.265776,0.33483875,-1.1262374,0.21902674,2.0396085,-16.748938,-1.2160857,0.7601838,-0.18421496,0.5339847,-0.023059085,1.5282843,-3.1316013,-1.096205,-1.6390705,-18.673105,4.104015,0.16815467,-0.17571063,0.017413728,0.5089527,-0.9062385,-0.099909835,-1.2098978,-1.2294066,-5.342799,-1.0691389,0.13333264,-6.7789135,-0.007492744,-2.1237214,-3.774657,-0.57910824,-1.3241842,-0.044206288,-0.3847446,-6.1846747,-0.8573138,-14.955632
-1.0277711,-0.30778378,-2.9062583,-0.3432523,-0.5821414,-1.2443604,-7.201199,-7.442225,-8.724108,-0.20641226,-0.71118313,0.05965458,0.8116322,-15.580663,-1.9839782,1.0142587,0.49357632,0.64158565,-0.28830627,0.08633054,-0.24647962,-1.46515,-1.6024574,-15.211473,-0.616632,0.10492659,-0.12269695,0.034348316,0.084660195,-0.57480115,-0.20347983,-1.0898074,2.5140545,-6.3509064,0.10554416,-0.3704891,-7.1549206,-0.9537199,-1.6410322,0.3025229,-0.5353467,-1.1070732,-0.9331896,-1.5783476,-3.543063,-0.51708007,-10.571024
0.7719828,-0.27654907,0.55629075,0.12583674,-0.5999552,3.685191,-3.450233,-7.302554,-9.518585,0.43136853,-0.71014905,0.06777295,2.003915,-17.36157,-1.7717965,1.2953489,-2.3150804,0.6512687,0.15891388,1.4464877,-2.7171319,-1.261529,-1.5331721,-19.414505,4.029155,0.11315324,-0.52189547,-0.12943327,-0.19915508,-1.075454,-0.16856529,-0.94491166,-0.42251694,-5.327892,-0.59407777,-0.05062534,-7.0442066,-0.24421099,-2.1136277,-3.3954856,-0.25965554,-1.3319777,-0.1418278,-2.0391018,-6.1025443,-0.9788511,-16.409878
-6.5669193,-0.6298188,-0.9762121,-2.347234,-0.41991004,-12.54242,-0.005043538,3.9989316,-6.154405,-2.3214319,0.22500454,-1.7668414,-2.9422145,16.228065,-9.254623,-0.9723225,-0.89616174,-0.63528615,-0.22093321,-0.6665226,20.084139,-0.5836489,-3.5565138,19.472807,-5.607009,-0.82001317,-0.8603082,-0.3650226,-0.57503265,-1.4005482,0.017211184,-1.2100596,-1.4170973,-7.329222,0.10186221,-5.547634,-5.5038805,2.2849312,-0.5567542,1.7499665,-0.5556509,2.5869527,0.31678766,1.5846304,5.3669257,0.053457715,-2.3803647
-5.4230633,-0.5735696,-0.4838411,-2.6448066,-0.4768044,-7.5134525,-1.827641,5.6378484,-1.9889402,-1.7771553,1.2253275,-0.86163574,-1.1614524,8.560748,-7.1240473,-0.7514427,-0.67476815,-0.36010605,0.7251015,-0.4551425,25.140116,0.20503445,-2.8241138,-7.837665,-4.4652824,-0.7722914,-0.5584549,-0.14502329,-0.04118629,-0.91881645,0.39746267,-0.7360538,-1.6146111,-9.594931,0.49398983,-5.97731,-4.7927322,3.0516524,0.1052832,2.926794,-1.2365496,3.6758077,0.5256309,3.0483906,5.7436566,0.0685167,0.16718973
-7.2665863,-0.59416276,-0.20883673,-2.665893,-0.42914876,-10.70374,-1.6290373,4.4700365,-5.1072593,-2.0365992,1.0822501,-0.3137269,-1.7101488,5.762462,-8.471948,-0.27726567,-0.7666996,-0.35306218,-0.11684606,-0.28895617,23.052252,-0.36797562,-3.3907173,13.457865,-4.771463,-0.69679964,-0.77617794,-0.24514255,-0.07206101,-1.4933492,0.18099988,-1.0987941,-1.5415887,-10.070987,0.4073075,-5.861574,-5.599361,2.8745825,-1.4672301,2.2537456,-0.16847111,4.367113,0.46014124,1.9863261,5.7738605,0.005274269,0.55793935
-6.9454556,-0.62778145,-0.08673685,-2.8221774,-0.597879,-11.31748,-1.5857594,4.7189,-6.336491,-2.253652,0.89061534,-1.0465493,-0.504647,6.176077,-10.161225,-1.149049,-0.49463022,-0.287441,-0.5808973,-0.56352144,22.44895,-0.36299103,-3.160058,17.19438,-3.9400282,-0.80685216,-0.91058356,-0.3223348,0.149825,-1.2388033,0.14791234,-1.2196939,-1.4597123,-10.056187,0.55525655,-5.939415,-5.946952,3.3435352,-3.6694422,2.2582598,-0.0926338,4.042018,0.28144693,1.8057146,5.571431,-0.047876716,-1.5974278
-4.5911536,-0.4993721,-1.0460668,-2.0551348,0.011425761,-6.38385,0.25563392,7.3428206,-1.2568552,-1.2165976,0.5982059,-0.49526018,0.82610923,-9.8017845,-7.744304,0.41479087,-0.7706056,0.5779899,0.5742133,-1.0328555,34.19061,0.027655883,-1.992667,-8.462299,-5.529486,-0.36804232,-0.45828864,-1.0461391,0.26392725,-1.3579828,-0.55718946,-1.3347969,-0.41231257,-5.6150107,1.7024249,-4.431166,-7.225212,1.2460229,-2.9190016,7.52839,0.17871155,-0.53574216,0.34265342,0.91915715,5.5576925,0.22002342,2.7779446
-4.0205255,-0.608546,-1.668343,-2.4963229,-0.83611053,-4.488979,1.6860677,6.977195,-2.165806,-1.8410792,1.1690129,-0.068908304,-1.7740606,-3.376554,-5.4974427,1.1179433,-0.70038235,2.2841601,-0.34011295,-0.47843388,23.870438,0.89058626,-2.1870136,-11.512577,-3.9725006,-0.32192212,-1.1718328,-0.36559507,-0.14962628,-1.186659,-0.3159132,-1.0315173,-2.1532495,-3.4818685,1.2772708,-4.573571,-8.110693,5.111966,-2.753872,6.721493,0.35905394,-0.6762738,0.46913213,1.5001638,5.6304183,0.0840722,1.3928839
-5.2108164,-0.68782544,-1.3005632,-2.7675579,-0.7863543,-5.1543293,-0.15538867,7.657843,-1.096963,-2.2451005,1.0882251,-1.1024153,-0.8028529,-1.9062458,-8.520219,0.10743391,-0.34239468,0.47699952,-0.403367,-0.5719608,28.61812,-0.063837565,-2.4946487,-9.141842,-5.0945773,-0.8533691,-0.59327734,-0.25062948,0.173811,-1.2114964,0.019854784,-1.0063807,-1.8296702,-3.7509758,0.79001397,-7.483336,-4.1526256,5.1506786,-2.6257913,7.636965,-1.9338953,2.739308,0.33936542,3.9148037,5.670096,0.060823318,-2.6992822
-5.4128466,-0.5975798,-0.8250522,-2.5222259,-0.36345404,-9.829614,-0.79511344,6.794447,-4.7655215,-1.9227017,0.8580598,-1.0189781,-1.8290074,9.544499,-9.107876,-0.5205822,-0.49720144,-0.012157831,0.459086,-0.26423335,23.892138,-0.500865,-3.0312421,-9.144295,-5.077385,-1.3185402,-0.41486648,-0.26496306,-0.12991673,-1.1691759,0.14933363,-0.7499206,-1.3206451,-7.9868956,0.24929129,-5.323233,6.8874497,3.989277,-2.9566817,3.919923,-1.9229107,3.129329,0.533842,1.8200495,5.7691174,0.3472229,-1.0343181
-6.2107754,-0.4796681,-1.28937,-2.6254418,0.31861106,-12.266574,2.5361817,8.620097,-4.9439545,-2.2310681,1.2301236,-1.0065566,-1.1722615,2.8684196,-7.805132,-1.079913,-0.190605,-0.2936909,0.8438893,0.08271836,1.8889382,-0.35715336,-2.6627543,-8.674494,-5.6703777,-0.59556895,-1.2028842,-0.53549236,0.5988882,-1.9574113,0.040042423,-1.1509346,-1.3654097,-1.7467321,0.7813189,-6.5292044,11.871809,-2.8801012,-1.9177728,6.7303658,-2.573704,0.48977765,-1.0065575,2.6556344,7.402572,0.14059748,8.607432
-4.0026555,-0.9763063,-1.5830029,-1.364573,0.40694198,-8.449343,13.504709,4.859981,-3.266502,1.128824,-0.91630083,-1.2938106,-1.6562165,-8.524118,-4.384779,1.2379029,-0.61864346,-0.32187206,1.0634447,0.18713826,24.313482,-0.71030486,-1.7505658,-12.416765,-2.7979648,-0.3785617,-0.7212023,-0.20084852,-0.214009,-1.1178254,-0.32214364,-1.6520299,-1.042375,0.20097972,1.8381398,0.9812006,8.477113,-1.9492937,-3.117265,5.7157054,-1.2536728,2.0550823,0.366702,-0.98680174,8.92026,0.34746465,-0.95247334
3.6925704,-0.58274925,-1.6721624,-2.051147,0.12449382,4.980042,11.271198,5.553329,-1.1297022,-1.3140918,0.5125444,-0.8425912,-0.36364913,24.395786,3.3823643,0.4441455,-0.39989972,-0.35261902,0.09676668,1.2145158,19.072336,0.6566885,-2.8192816,36.097404,-3.9166267,-0.33094773,0.10511024,0.09942811,0.9901027,-0.9948231,0.006154119,-0.47251046,0.10359428,10.914462,1.8975059,3.6062999,13.634727,-0.33950284,-1.1339906,7.199284,0.07808474,-2.4888935,0.3649035,3.0467992,10.213384,0.28325695,20.514538
3.145127,0.04817537,-0.80476934,-0.74270535,0.07799828,9.550365,12.571498,-7.3075724,-0.6170996,-1.0700108,0.7412274,-0.9588937,-0.22453132,25.088598,5.5440283,-0.2922664,-0.17244668,-0.5309858,-0.6535355,5.985271,22.413708,0.12455618,-0.81391007,29.77696,-3.1861708,-0.2561595,0.28235963,-0.055135753,1.9646353,-1.181157,-0.2088699,-2.0528502,-2.4551537,9.321709,1.3332298,3.4095457,13.422357,-1.0961958,1.5206213,6.9128075,0.20561431,-1.9692732,0.53529155,3.684041,10.803082,0.039289284,21.451984
5.0287223,-1.4223489,7.049893,-2.8594186,1.125009,2.0416298,-0.76726615,16.20671,9.02685,-0.7350328,0.5895631,0.09278695,1.4484432,34.443974,6.2571526,0.69742674,-0.855293,-0.76302755,-0.42824686,-0.38333225,21.504683,-4.5665216,5.9969254,42.368416,-6.1818185,-0.7490016,-0.17441705,0.06714985,0.6182103,0.37429363,0.042033754,3.4537995,-0.52671456,4.7760944,-0.934143,-1.455526,20.963026,0.0057470817,2.8399549,1.958353,-1.1201054,-0.43109894,2.352867,1.4733053,9.155159,0.122062355,18.805355
2.9292758,0.21557085,-0.8455752,-0.96581763,-0.5324538,10.98585,12.765882,2.6515841,-1.0222265,0.015885781,1.3664672,-0.9399045,-0.5807647,25.183315,5.4357624,-0.103187956,-0.94940925,-0.40230733,-0.8468688,0.9919043,19.09415,0.13072205,-2.765153,20.208551,-1.328676,-0.06793109,0.095842145,-0.05946364,2.0626926,-1.4094393,-0.31409162,-2.0045762,-0.7311819,7.0690618,2.4085617,3.921867,13.538881,-1.08667,4.9739637,-2.2396748,0.4967269,-2.147715,0.7515372,3.5055652,10.028889,0.25314382,19.65589
3.9671228,-0.086033456,-1.249066,-1.8686712,0.2892718,1.4844517,9.995676,1.0273904,-1.0318109,-0.13991192,0.59537566,-0.506171,-0.13217577,19.472311,5.5712523,-0.102148436,-0.5478791,-0.22901015,0.086307995,-0.22603287,20.349176,-0.59004945,-3.6750152,34.30254,-4.056892,-0.11935419,0.4511697,0.033001624,1.4399045,-1.5007745,-0.295656,-0.56342787,-0.45003045,10.833077,1.6039027,0.8916284,16.662264,0.025083467,3.4385881,6.136684,-0.090340406,-2.4961429,0.8585939,2.612194,10.995502,0.36274758,20.574331
5.0949426,-0.1814571,-1.4355202,-3.0411854,-0.02266045,2.8221488,8.384452,5.742349,-0.7183981,-0.1797431,0.29986796,-0.540661,-1.8623437,17.705162,7.8944025,1.0809137,-1.6598445,-0.23525652,-0.9116222,0.7861551,19.323475,0.030377798,-4.4352403,34.749004,-3.2791646,-0.23444146,0.5804627,-0.06641286,0.83306074,-1.2017263,-0.30918452,8.216056,-0.2529495,11.48282,-0.21935733,5.0489807,16.641373,-0.005882491,2.3582678,4.2617846,-0.5918781,-1.675247,0.5870699,2.5165548,9.333018,0.019530093,20.707748
4.4515843,-0.5591225,-1.1989403,-0.67676723,-0.045987997,11.8549,14.113664,-7.891111,-1.2330898,-1.1389034,0.7187698,-0.8159104,-2.7972486,20.941462,6.508501,-0.042390633,-0.40393242,-0.12702383,0.02788084,3.919741,21.655336,0.5953895,-2.4590278,29.926561,-2.8511136,-0.23674522,0.20497595,-0.15673557,1.9476444,-1.0011741,0.13853447,-1.8587188,-0.9392873,9.5708065,1.4922459,3.4500656,13.663108,-1.3453445,2.9722028,7.3017526,0.23216346,-0.15433499,0.49196142,3.4899864,10.803981,0.24304257,20.65324
2.0083601,-0.84517735,-2.1040049,-0.73801416,0.9338777,13.546656,10.417252,-6.0346828,0.4381191,-3.0085804,1.8668921,0.34671587,0.34351885,30.7713,8.597481,0.4870564,0.6016227,-0.23377031,0.20746751,6.510921,25.660948,0.7610716,-1.1502081,-10.589973,-2.2328942,-0.4240727,0.056978755,0.7371892,2.0982764,-1.073742,0.096391715,-1.2396177,-0.9239398,7.63925,1.9323014,2.7480893,14.84002,-0.34366015,16.149931,-0.4898794,-0.78209925,2.7620308,0.2812506,5.289431,11.168757,0.30308387,25.980133
4.509263,-0.15513457,-0.73800415,-0.97009295,0.2571521,-6.8223715,-12.191688,2.393381,-4.5302386,-1.2011764,0.18552038,-1.2456992,0.047644086,26.161594,19.901754,2.2815216,-1.5392578,-0.1941335,0.0079566045,1.3994079,18.788515,7.0851274,-1.4750617,41.976543,-1.9328322,-0.5468725,0.3538826,-0.10855438,0.3183423,-1.6158638,0.14511064,-1.54902,-0.6837596,10.077689,2.6810858,2.1807413,12.837673,-0.5326887,0.35457382,4.560738,-1.5147281,-2.1431892,0.443596,2.5511224,7.169553,0.06280825,15.969329
1.989498,0.10139264,0.38959748,2.880212,-0.3256447,6.9347687,2.444328,-5.5573335,-12.498412,-0.08626609,-2.1381166,-0.019357387,3.3357182,-17.345982,-1.2967491,0.32739875,-1.7076786,0.04106263,0.12416518,1.6189772,-4.595576,-1.001545,-0.57477736,-19.413568,5.1060805,0.17463051,1.1355904,-0.20250472,0.20123388,-1.5596268,0.012971482,-0.06977659,1.6111963,6.647201,0.29360032,0.104337394,-8.900414,-0.4064371,-1.568439,-7.183842,1.9827313,0.019863091,-1.3466543,-4.6806884,-9.4476595,-1.1268698,-18.887741
1.7921541,0.12986955,-1.6706321,2.6238348,-0.32678035,5.3366947,2.302043,-5.7650766,-11.68254,-0.09917595,-2.1369677,-0.017018,3.3709426,-17.344824,-1.5364233,0.7263486,-1.6388471,0.029163413,0.122755274,1.6308229,-4.576162,-1.0262794,-0.56922543,-19.443588,5.2869506,0.17649218,1.113267,-0.2069992,0.11062818,-1.565806,0.0037525923,0.0022300805,1.6596972,6.5963497,0.00064846536,0.11117358,-8.852742,-0.36461967,-1.5679424,-7.1293726,1.7670668,10.175695,-1.3493638,-4.657352,-9.449153,-1.128301,-16.62147
1.429428,-0.15098532,-0.64477766,0.20295838,-1.2782753,3.147968,-0.15406977,-8.43361,-3.321603,-0.45103893,-0.5372493,-0.051557023,2.3317192,-14.5566,-1.6546049,0.47898972,0.20273347,0.3952127,-0.16772388,0.11816762,-4.2219515,0.095933795,-1.1745548,-19.427174,-1.8979725,-0.050321136,-0.67004234,-0.064032085,0.29859912,-0.51254034,-0.004887022,-1.7662871,-1.4914021,-1.959787,-1.5722349,-0.595433,-6.0431027,-0.35676554,-0.95363307,-3.6217122,-0.41341352,-1.2866294,-0.27746344,-2.3067586,-5.854931,-1.6291001,-14.033069
1.2703829,-0.11375344,-1.4403037,0.33037922,-1.1376785,2.5205507,-2.2468717,-7.157791,-2.0702577,-1.0211098,-0.4218725,-0.083779044,0.687799,-13.178176,-2.217537,-0.0038953633,0.34416252,0.18609527,-0.034147583,-0.35892132,-3.694102,0.45975524,-1.9133825,-17.362865,-2.2347507,-0.025288004,-0.28173956,-0.042942885,0.03309856,-0.79171443,-0.20964254,-1.6285672,-1.9476933,-1.9821202,-1.4380711,-0.58346677,-5.7772846,-0.6442026,-0.9193351,-4.043537,-0.5104431,-0.60792994,-0.6801459,-1.9976418,-4.3293896,-1.3553243,-14.09953
1.4087057,-0.18481873,-0.6051316,0.2069926,-1.2656585,3.1311266,0.11470358,-8.39596,-3.3716521,-0.5733518,-0.549737,-0.049765356,2.3229434,-14.559756,-1.7555771,0.46377012,0.17302231,0.40926296,-0.1095381,0.14496447,-4.2520914,0.11728272,-1.2758665,-19.496819,-1.8803481,-0.067401275,-0.6816257,-0.028224537,0.3264002,-0.51402205,0.010512752,-1.4767262,-0.9475115,-1.8931748,-1.4232925,-0.6274354,-6.983921,-0.41963404,-0.6923735,-4.0827456,-0.43810058,-1.2482249,-0.29194498,-2.2678368,-5.696535,-1.6113404,-14.062477
-0.46611774,-0.70472056,-2.0980568,0.0048869113,0.24702215,7.8968267,-4.8469815,6.7132125,-4.614449,-1.3370765,1.0920863,-0.72970444,-0.40259662,25.58038,2.2397668,-0.076704286,1.1070439,-0.15392777,0.40576848,-1.8705943,0.96231276,-1.2902021,-3.3283846,28.124268,-2.5215967,-0.54103523,0.1031914,-0.037840568,0.71217746,0.13734537,0.46964195,-1.737365,-1.8754498,-1.0405229,1.8873854,-0.581318,17.119507,-0.37616757,-1.0262301,2.4047294,-2.2035792,-2.6806662,0.44805184,2.4373136,8.630114,0.11287764,21.098236
-5.538996,-0.017023332,-0.81931424,-1.0942307,-0.5205957,-11.931703,-10.265934,14.3164015,4.0740314,-1.2446717,1.1733992,-0.5337053,-2.298102,28.051775,6.9385004,-1.224871,0.69384557,-0.24943672,0.033415545,0.2962787,20.45209,-0.5884654,-2.1900055,30.392345,-3.617171,-0.78272206,0.36202776,0.091552556,-0.4577353,0.5349034,0.12955745,-0.78349185,-0.79382026,-7.717286,1.4459978,-3.5045707,15.384196,-1.6262528,0.24763066,1.5933717,-1.4053748,-1.3538666,1.5200462,1.6590149,6.5878673,0.36903915,17.889507
-0.71370393,-0.32375604,-2.328509,-0.05913052,0.28098902,5.866157,-3.4270003,7.6818943,-4.9104156,-1.0496538,0.7142608,-0.39601123,-0.82959926,24.267109,2.1704915,-0.23231807,0.7210108,-0.15270427,0.6732545,-0.6684466,1.2943712,-0.9435907,-3.3334105,28.13122,-2.5204291,-0.08088416,0.1474782,0.110196866,0.406197,0.71426296,0.493217,-1.7246567,-1.515762,-6.28458,1.6638467,-1.7650819,17.844751,-0.4696665,-0.6926876,3.420049,-1.9989048,-1.7153083,0.6391958,2.4526646,9.304639,0.16481218,22.172802
-5.810975,-0.14108613,-0.73940945,-1.6476637,-0.6826021,-10.438033,-14.56727,14.034693,3.8125834,-0.9616983,0.9169913,-1.0430706,2.1587002,31.284668,5.4309297,-0.31045434,0.71401626,-0.91621125,-0.40359965,0.124494985,19.597168,-0.59852856,-0.5291045,31.090221,-4.49511,-0.85957474,0.025152676,-0.29580456,-0.3406147,-0.12718716,0.17692469,0.1830214,-0.9060849,-6.64376,1.30278,-3.8481956,14.825521,-1.19508,-0.28492713,2.0779212,-1.7015805,-0.9290191,0.68097,0.8044919,7.2995214,0.078774445,17.316685
-1.8966973,-0.24783431,-1.977786,-0.4794048,-0.001172233,5.760202,-8.358062,7.5544305,-4.6523743,-1.0400822,0.57594913,-0.7273526,-0.95476717,21.0471,1.1330994,-0.17203797,0.72339314,-0.10453643,0.5849587,-0.6670378,1.0051873,-0.8909402,-3.3489609,28.303537,-2.649225,-0.11574985,0.111065276,-0.0049605416,-0.063176475,-1.821122,0.6304963,-1.7912043,-1.4758948,-4.891416,2.0896466,-1.9585856,16.951464,-0.3356924,-0.19847572,3.2376442,-1.972982,-1.394463,0.6278237,2.584135,9.174053,-0.06374839,21.73867
1.0020218,0.100291766,-3.300414,0.25288,-0.5460307,1.9571812,-5.6546144,-7.562139,-8.373791,0.34939086,-0.4328453,-0.6996154,1.4536804,-15.881414,-1.1933068,1.7839897,0.61071086,0.7288056,-0.21616276,-0.20361726,0.66166764,-1.1965994,-2.0964818,-17.586895,2.1447406,0.023752617,-0.27019757,0.0009903901,0.17044851,-0.8141811,-0.2923212,-1.3604492,-0.85103977,-5.43873,0.24527124,-0.13015305,-7.4013157,-0.22554876,-1.209876,-3.8591163,-0.6515585,-0.9281706,-0.16824523,-1.0523843,-5.8053565,-0.5877365,-14.48219
1.1162372,0.013341948,-3.2741594,0.25818714,-0.65609115,-0.032482095,-5.438474,-7.5965333,-7.951625,0.30842018,-0.7125183,0.23949029,1.0478671,-15.899922,-1.2167287,0.6665601,0.55422413,0.7133578,-0.16661906,0.5838737,0.09602842,-1.2006699,-2.0912423,-17.450258,1.99191,0.10281938,-0.3136402,-0.08173455,0.18076669,-0.9532803,-0.20390044,-1.4032408,-0.8772309,-5.208696,0.25880793,-0.19425754,-6.802156,-0.20682232,-1.359842,-3.8612387,-0.67091733,-1.2662717,-0.19285092,-0.9356007,-5.8733206,-0.5945542,-12.283205
-0.30156702,-0.4330797,-1.2401915,0.6708824,-0.43819872,-4.21453,-9.441883,4.2990155,-0.26645038,-0.3521861,1.1140773,1.2057537,0.9566467,-5.0235286,-3.8842583,0.026236884,-0.7129841,0.22355855,0.80523974,-0.18598968,33.854244,0.31258562,-0.36985716,-4.4805083,-1.4157573,-0.7260016,-0.46258032,-0.27344614,-0.05819803,-0.6846386,0.43704653,-0.45754704,-1.9581753,-1.9872041,1.429967,0.92040986,-1.5917104,0.4633365,-0.4287114,8.423229,-0.5676464,-0.6355107,0.5386353,1.6687592,5.5108047,0.20674635,16.211885
-3.6734145,-0.58038896,-0.60958856,-0.91561514,-0.04320126,-11.246793,-14.586114,2.3299172,-3.2444723,-0.7956836,1.194825,-1.0473056,-0.81648344,11.664214,-5.7945194,-0.6775949,-1.557788,-0.013561342,0.25833142,-0.752386,21.09688,-0.4033937,-0.98999846,16.52859,-1.7319863,-0.2362172,0.25365007,-0.03547703,-0.26847988,-0.23198923,0.15909342,-0.7588481,-0.60659665,-1.2263843,0.8405064,-0.6275759,10.1056795,3.1890283,0.60393095,3.7131493,-1.997292,-0.4077889,0.25340092,2.4570498,5.4271665,0.21370126,16.930105
-1.1909442,-1.0013978,-0.8916766,0.553797,-0.24960315,-3.1393764,-10.331115,3.69844,-1.3020458,-1.1799538,1.1895833,-0.96610737,-0.5886632,14.448847,-3.028877,-0.32742676,-1.1708385,-0.08109861,0.661302,-0.84647995,27.68071,0.47509077,-0.6779172,-5.5905757,-1.3342379,-0.27034664,-0.10036246,-0.032300223,-0.30272713,-0.68949515,0.27763194,-0.43176237,-0.48773712,-0.0044169053,1.4449062,0.23604222,-3.7783341,4.7750254,0.91964966,3.6007104,-1.3756031,-0.29511514,0.26550236,5.082048,5.708689,0.093681745,18.246237
-3.6011214,-0.5500785,-0.64866626,0.49145043,-0.26382524,-10.739118,-12.962467,2.288448,-3.7493412,-0.6151507,0.8372756,-1.1803253,-0.9226369,11.908155,-6.1167784,0.035512183,-1.5413795,0.06008613,0.092172764,-0.7123326,21.353184,-0.40167648,-1.7466769,16.18976,-0.807918,-0.4743432,0.1814709,0.15688448,-0.33723876,-0.32264015,0.308415,-0.8255733,-0.85595053,-1.4206707,1.1544983,-0.7033376,9.438845,2.9742277,0.2947449,3.2908096,-1.8718891,1.6700352,0.44409636,2.6314723,5.8245063,-0.06297403,15.460852
-0.5236105,-0.5985324,-1.3810703,0.93986493,-0.86617774,-5.881322,-13.8327,3.5677943,-0.010465649,-1.2266809,1.2907429,-1.6330855,-0.95593196,0.75532335,-4.724813,-0.8456284,-0.6764236,0.11294496,0.75121194,-0.19342597,25.723787,-0.84151,-0.75469434,-5.9357023,-0.9372027,-0.2616645,-0.22577555,-0.06215345,-0.33692104,-0.7579021,0.20814173,-0.27430817,-0.8068112,-1.720821,1.4913005,0.37980193,9.992888,4.048124,1.4026582,9.158879,-1.3913974,2.5710464,0.33006078,3.976411,6.2443786,0.20202392,16.003553
-0.83250153,-0.78452384,-0.38555783,0.5066655,-0.051921166,-6.416533,-10.793364,4.071182,0.89631057,-0.6332003,1.2212768,-1.3875532,-1.145565,21.387594,-4.1339808,-0.15733874,-1.8322463,-0.16362154,-0.7072262,-0.606812,23.912838,-0.26436606,-1.186533,-6.921753,-1.0081244,-0.65971863,-0.36933625,-0.25859988,0.037644412,-0.6555435,0.014995914,-0.69084364,-1.1970778,-0.7311121,1.4317927,-2.2700758,7.620097,3.6155577,-0.34256655,3.9335105,-1.4152316,0.37937993,-1.7343494,2.9496334,5.193255,-0.0028528955,16.115858
-2.8407986,0.16330902,-0.23523337,-0.5347389,-0.43402594,-15.755242,-12.221917,3.0403793,1.3289553,-0.975323,0.88416255,-0.9100262,-2.5940287,13.128882,-1.8034987,0.19831948,-1.5251113,-0.012760112,-0.40105042,0.25498155,20.067822,-0.54661965,-0.8862531,17.06666,-1.6795802,-0.728361,-0.1202235,-0.28529572,-0.053157717,0.07884205,0.44625688,-0.8703464,-0.64749473,-8.210647,0.8406734,-2.9498785,12.073498,0.839323,-2.8825166,3.9953814,-1.7877508,3.9498942,0.066297464,2.1158605,6.2531404,-0.21277402,13.599255
-3.7651832,0.24232838,1.3317683,-1.3301456,-0.73805106,-17.32289,-15.027653,3.3782609,0.95204633,-0.62182343,0.3367052,-2.3661592,-0.5903292,22.795906,-0.014844681,-0.5402015,-0.023569234,-0.48617467,-0.8154986,-0.6898368,18.804216,-0.27032483,-0.80941457,24.770021,-2.359377,-0.77607816,-0.18007882,-0.38721833,0.0011773327,0.31918848,0.10734732,-0.52248573,-2.514777,-6.3231425,-3.945108,-3.9118686,15.021511,0.82020867,-2.4190764,3.0430088,-1.5533874,5.944442,-2.3462017,0.9707669,5.9737673,-0.24649547,11.643358
-6.806633,0.07539045,1.8821532,-0.9903866,-0.45615086,-18.923328,-13.840662,8.5777235,42.665222,0.5738473,0.89905566,-1.212047,-1.4837196,23.745857,-0.2529742,-1.0984517,2.9059918,-0.7697153,-0.448275,0.870052,19.348366,-0.13338706,0.56634486,30.27004,6.605771,0.29983518,0.29275924,-0.49756616,-0.1661316,-0.2780082,-0.021118604,4.707776,-0.5943865,-1.6514032,-4.0533814,-2.407773,18.792545,1.4651389,-1.257167,5.468342,-1.08939,3.2673194,0.0777549,1.2554243,5.725855,2.4261997,15.864902
-4.646456,-0.07751404,0.81464726,-2.403208,-0.25170052,-19.155186,-10.822425,6.0556855,34.13206,-6.466129,0.8599706,-0.6265696,0.36952078,33.88035,-0.26528338,-0.04024746,0.9488213,-0.818472,-0.3788262,0.78313404,20.224503,-0.2153879,0.52142644,27.186838,7.580324,-0.21191327,0.27733928,-0.08750433,0.011106198,-0.34801665,0.1410674,4.4572344,-0.527705,-0.16317423,-8.096952,-0.85147595,19.01993,1.2225386,0.5293335,10.792268,-1.0926387,3.5282295,-0.7809486,1.2146537,6.2043686,2.1673563,16.156511
-4.9593554,0.114990175,0.2914855,-2.2300751,-0.14041801,-15.977827,-12.9757185,3.0298142,3.2114758,-0.46883383,1.0833663,-0.79464537,-2.7281027,14.734341,-6.304834,-0.6262583,-2.7674954,-0.8749559,-0.42873472,-1.9371349,18.477266,-0.4782455,-0.36144835,24.991129,-3.1914198,-0.7045911,0.23777588,-0.40722033,-0.0064842044,-0.038229536,0.23531246,-0.5947643,-1.0024736,-2.4517624,-1.209491,-1.2677665,10.2873335,0.27358872,0.9553151,3.2750797,0.006954949,3.071794,-0.032167032,1.4758922,4.7842164,-0.014257338,10.980207
-4.7614512,0.16664596,0.9775369,-1.9897236,-0.70902497,-12.343838,-12.609543,8.310258,44.679245,0.50176895,1.0310423,-1.2117026,1.8729097,33.693707,-0.21327524,-1.3574617,1.5795784,-0.7685328,-0.51538295,2.1488278,19.280155,-0.80519456,-1.1054307,32.076496,7.057055,-0.5285903,0.18418317,-0.1476198,-0.40742606,1.8817017,0.4467242,4.0539656,-0.43311676,-0.6608443,-4.7988744,-3.1379745,18.86162,0.76930815,0.7230718,11.605735,-1.0605997,3.5396144,-1.278874,1.1773015,5.1452084,2.5074751,16.04101
-8.9225855,0.6350033,1.4497688,-2.002348,-0.7486228,-18.031458,-15.200867,3.0599566,2.499781,-1.2395276,1.1720139,-0.7362649,-2.8465686,22.089468,-4.8192506,-0.92421955,-2.7993429,-0.5399761,-1.3840113,-1.2047046,18.214664,-0.5883906,-1.1392514,26.716784,-3.5462115,-0.37109658,0.25891924,-0.18295641,-0.02660962,1.3655323,-0.0151217505,3.7531924,-0.6291462,1.8004991,-2.5083098,0.7368023,8.91106,0.21357417,-0.8624279,13.376775,-1.6523846,2.3275151,-2.000742,1.1000675,5.0426598,-0.05495411,11.094275
-7.4747114,-0.0522174,-1.0523922,-1.4096165,-0.001857026,-16.821318,-17.493734,2.9330628,2.4323344,-0.61032265,0.9778548,-1.0695981,-3.2582684,13.702177,-0.7656276,-0.570937,0.6344488,-0.65627605,-0.77401227,-1.674732,19.257929,0.24264893,0.5825587,23.68575,-2.6223726,-0.6253436,0.31474686,-0.19778095,0.021851785,-0.27096435,0.1640421,-0.22401984,-0.7609418,-0.30008006,-2.271372,0.9318984,10.43117,1.3196082,-0.56650066,2.9889824,-1.5871645,2.7184424,-2.3347945,1.6223543,5.930145,-0.011691606,11.20916
-5.901691,-0.41999203,-1.3141721,-1.4981759,-0.6757783,-18.41801,-14.615575,3.6481345,1.7376986,-0.9394478,1.0540376,-2.897986,2.7668114,19.25887,-7.330523,-0.9719933,1.2388192,-1.0342764,-0.85337573,-1.028366,20.38701,-1.5569468,-0.5117247,23.228006,-2.387822,-1.045931,0.1985756,-0.11116827,-0.52207273,-0.100030944,0.3035677,-1.0484518,-2.216767,4.0276346,-4.245174,-0.6277565,10.684635,1.6312087,0.15049087,7.965499,-1.6570942,1.7710788,-5.9534097,1.7090307,4.845705,-0.15025876,10.435308
-4.3449597,0.10558808,-1.400527,-1.8893324,-1.3909217,-15.878647,-18.103582,2.1645646,4.0058117,-1.1266271,0.7890867,-1.6213738,-3.390335,17.295536,-0.3026536,-0.9748847,-2.7789123,-0.78199357,-0.66345274,-2.704471,19.930786,-0.79420215,-1.4812193,25.640636,-2.3207343,-0.74284995,0.3838951,-0.33496082,-0.4109935,0.20047149,0.20977412,-0.27075255,-0.8249674,-0.81528246,-2.9970512,-0.017749842,10.107587,1.6788526,-0.6599467,2.8728962,-1.8331155,2.5762722,-2.4115257,1.1302452,6.049343,0.03433421,10.056026
-1.1851864,0.049713533,-0.9627202,-1.285297,0.10457746,-8.425072,-10.834221,10.347614,47.171795,0.2461788,0.8348554,-1.2948753,-2.4320123,31.8153,-6.9673157,-0.7020041,-2.5663912,-0.7496806,-0.4338539,0.6478008,19.043655,4.092067,-0.19955255,32.90318,-3.3707426,-0.9170833,0.34556496,-0.14887193,1.092904,-0.6457003,-0.28068227,-0.6271152,-1.7009767,0.96269435,2.7118337,-2.0870438,15.070293,0.55574644,15.798991,4.960811,-1.0200354,3.2596736,3.3803847,1.7142307,-5.88225,-0.21291585,16.687925
1.9894203,-0.26714203,0.261086,-0.08588422,-0.9346261,10.117477,13.415128,-9.445167,0.33682507,1.2331967,-3.0906107,0.41306174,3.3251767,-6.5874815,-0.8340791,-0.051341344,0.5703344,0.5789927,0.20137991,-1.4543129,6.799873,0.7079386,-1.7636324,-15.961783,14.388672,0.3415461,0.7528035,0.1795628,1.3101585,-0.232523,0.000257712,-1.126156,-0.7027335,1.2421489,-0.9733914,-0.83787507,-10.188126,-0.31495544,-0.17970625,14.485875,-0.683558,-1.3731135,-0.664675,-2.5072124,-9.942333,-0.5563531,-12.912192
2.2017548,-0.1732913,0.16497232,1.2764888,-0.5730871,8.558335,12.687593,-9.383257,-7.1269836,1.2499152,-3.8804066,0.6144218,4.8366346,-15.551109,5.893573,0.13068357,0.5230665,0.30027094,-0.65532565,-0.03955738,5.4820824,1.2649368,-1.3083857,-16.937374,7.282076,-0.011524494,0.3193853,0.0517177,0.08224282,0.0062638023,0.021018393,-0.9234501,-1.428556,1.9901502,-1.1839383,0.14350586,-8.424108,-0.18046848,-0.28825846,14.558782,-0.08963029,-1.2262317,-0.62943655,-2.8369315,-10.05077,-1.7329582,-14.779525
2.5415719,-0.19435023,0.52903855,0.7236233,-0.7723666,8.655995,11.696036,-9.556504,-0.35298124,0.92080396,-2.9645221,0.5586991,2.9533591,-15.219937,6.0636497,-0.22688186,0.81621665,0.3978089,0.13071933,1.7816513,6.330856,1.0215278,-1.6921278,-16.158096,11.202933,0.37403712,0.17426905,0.2671582,0.14035977,-0.45915088,-0.1187115,0.9171556,-0.19599137,1.4433445,-0.92660654,-0.25615427,-7.2044573,-0.28574848,-0.36396277,14.430841,-0.22130781,-1.684879,-0.5138803,-2.1746304,-9.32133,-1.5629338,-13.011723
2.2425838,-0.15431406,0.3806362,1.6718996,-1.0034877,10.031361,10.033234,-7.443702,0.4579363,-0.9552496,-5.6601996,0.11754502,2.6788852,-15.976327,1.8007013,1.7401878,0.63312334,0.2672578,0.36774844,1.0126408,5.455721,1.1036307,0.85456467,-11.902838,7.9364214,0.30369997,-0.22960427,0.18402472,0.40411818,0.4434,0.021629225,3.8686867,-0.6031602,0.45994207,-1.0773921,-0.109861895,-6.755572,-0.162372,0.08551739,14.458016,-0.40345445,-1.3374972,-0.17669351,-3.7195032,-8.686513,-1.0827197,-12.898854
3.075513,-0.33132195,0.40772098,0.91021454,-1.1886656,9.8448105,11.284564,-8.807101,-0.504058,1.3087052,-3.3845253,0.38996252,4.5277567,-15.142486,6.058959,-0.2624394,0.29884818,0.2899874,-0.686233,-0.815257,5.7839646,0.5962393,-1.2932774,-19.72944,11.255573,0.3740087,-0.095141776,0.34385586,0.34439552,0.49509916,0.10654247,6.3307896,-0.68046516,1.7456019,-1.8835727,0.12681253,-4.7123494,-0.067557044,-0.31666175,14.466496,-0.12303139,-2.4698312,-0.50877184,-3.3762782,-8.961068,-1.5547178,-14.744811
2.3975277,-0.090793945,0.90124965,0.95905083,-0.42847675,9.179801,4.986207,-7.4219117,1.29495,1.4645144,-3.9480143,0.19341536,4.118628,-15.286466,6.269813,1.6385787,0.5999366,0.28711736,-0.90546954,2.200555,5.518651,1.4729495,0.22292279,-16.655766,11.483582,0.68555784,0.70729554,0.53220385,0.6655312,1.3055025,0.352226,-1.2122815,-0.12221307,0.057480678,-0.27042207,-0.5572871,-6.2503357,-0.22472069,0.14779451,12.325526,-0.09927352,-1.3739021,-0.34417295,-2.7424324,-11.517263,-0.9745741,-13.207701
2.7502851,-0.19198227,0.39247683,-0.18062599,-1.4727423,10.8986435,11.1326,-8.763349,2.1037095,0.3126209,-11.58815,0.41518176,4.0875716,-16.552683,-1.8521384,-0.30574104,0.68984824,0.48170775,-0.3410976,-0.674495,4.157665,1.3990296,-0.2700914,-17.663338,16.705042,0.21044014,0.16761385,0.3343557,-0.074853726,-0.57586646,0.68824846,-1.4062836,-2.4042535,13.191853,-0.8258742,-3.3845503,-9.290554,-0.30258933,-0.4180439,17.886736,3.2980344,-1.304643,-0.90252775,0.33992124,-9.437956,-1.3307121,-11.20969
1.6709777,-0.20518632,0.2739512,-0.029417217,-1.1055478,7.0619755,10.384424,-8.387616,1.4193252,0.369258,-1.0805238,0.51314294,4.750274,-15.819943,-1.6476392,0.12123383,0.5452015,0.5543326,0.16347158,0.79862326,2.658019,0.90432864,-0.83702695,-18.85385,16.910053,0.36891636,-0.64913505,0.10334294,1.4629296,-0.0138914995,0.6253963,-1.7507969,-0.10549388,11.151515,-1.3854824,-0.46055168,-3.9032161,-0.21170685,-0.88549936,1.8147074,-0.49846083,-1.7057097,-0.8388923,10.677685,-10.277391,-1.1471798,-12.936528
2.5030015,-0.19100232,-0.11844996,0.7597883,-1.774913,11.022117,7.8926687,-8.643215,-10.972807,-4.047671,-0.54699,0.31849486,-0.3376508,1.0051126,-1.22626,0.47793278,0.4481937,0.75744396,-0.25869098,-2.6084547,2.934532,0.10586619,-3.3395233,-20.459116,7.5702653,0.3292617,-0.9587694,-0.74153817,-1.9763091,-0.26811156,0.223651,6.7513833,-0.09644334,15.733561,-0.47703165,-2.8584454,11.215454,-0.42266324,-0.6132996,19.208542,-0.060031224,-2.5195277,-1.0506322,-7.424623,-10.137277,-0.6306451,-15.649529
2.8324115,-0.12321175,1.4764737,4.498942,-1.1818593,9.8768,8.971472,-7.9051466,0.8999335,1.5520419,-1.7310928,0.30990717,3.9343538,-10.245782,-1.9351948,0.12922671,0.68969524,0.84928626,0.23943329,-2.614423,7.1075974,0.28013107,0.52874815,-15.89737,25.012154,0.3227546,-0.2686166,-0.5383009,-0.91489846,0.24574177,-1.1050634,-1.6485996,-0.92843556,4.779509,-0.9612729,-0.20708439,-8.869574,-0.2088427,-0.72386044,-7.8817763,2.6661918,-0.81968224,0.11218462,1.1120713,-8.902327,-0.87963885,-13.168153
1.0647854,-0.17798455,-0.0010957898,0.1694734,-1.0184517,3.7327633,-0.47706333,-7.2562776,-6.2580914,-0.69976646,-0.64316624,0.018364875,2.8720632,-12.738927,-1.7892888,0.003737506,0.045591798,0.65772235,-0.02495737,-0.59754574,-2.7332332,0.97270125,-1.5084262,-18.797585,3.4667583,0.15508887,-0.5441287,-0.040576324,0.22780034,-1.5398507,-0.17454496,0.4969949,1.9937493,-0.7534125,-0.55904937,-0.07742721,-7.123745,-0.20951201,-1.219578,-3.9514077,-0.36138976,-1.2369176,-0.32861942,-2.818224,-7.8715577,-1.0850047,-15.758273
1.1275061,-0.2249938,-0.039252333,0.16103174,-1.0393796,3.6046224,0.29374894,-7.6754975,-6.3803043,-0.6143312,-0.45794067,0.1710163,2.8647945,-13.482072,-1.8192456,0.057507366,0.06506561,0.4052317,0.06567103,-0.5494382,-2.7502577,0.97352123,-1.542876,-18.901726,3.5122552,0.18888557,-0.28229403,-0.0789616,0.021968389,-0.4394415,-0.18198404,-0.832135,2.0505826,-0.8434826,-0.562282,-0.071683995,-6.6786265,-0.60383725,-1.1337712,-3.9675667,-0.29535848,-1.2592255,-0.44029382,-2.3739707,-7.8159113,-1.0451181,-15.235356
1.8845748,-0.11927794,0.26250514,3.0256772,-1.1018684,4.8676414,0.62663805,-7.832784,-10.170424,-0.8948265,-0.91659683,-0.035792388,3.6438456,-16.044888,-1.440611,1.123565,0.04274112,0.54908293,-0.13613348,-0.03665517,-3.7937925,0.4236988,-1.2496839,-19.547905,5.444985,0.17637302,-0.19010626,-0.20204793,0.5438533,-1.4733013,-0.18378747,0.19936137,1.8999876,1.6465946,-0.49063456,0.09465564,-8.19145,-0.3197933,-1.0572783,-3.9627771,-0.30528605,-0.19748694,-0.5114702,-3.2357137,-8.871372,-1.1561333,-16.420668
2.1552625,-0.06379049,0.34077573,3.0683272,-1.1565775,5.309232,3.813353,-7.0981884,-10.518382,0.4296867,-0.5662129,0.017888293,3.6054623,-17.442722,-1.4583104,1.1195906,0.148511,0.58017623,-0.12400718,0.037136685,-4.642435,0.40637916,-1.2025055,-19.44238,5.130469,0.22023167,-0.1508877,-0.042819574,0.2700092,-0.76862246,-0.11674139,-0.2767822,1.9894933,1.5760547,-0.5454411,0.06278772,-9.1311655,-0.29544157,-0.8947838,-4.704646,-0.4024324,-0.36803252,-0.3828752,-3.381271,-9.786743,-1.1373286,-16.484806
2.0249891,-0.1769717,0.2790344,3.1391199,-1.0929778,5.0358367,1.9041859,-6.887248,-9.673046,-0.197151,-0.7296469,-0.0043288535,3.457077,-16.413063,-1.4137033,1.1644121,0.13387215,0.5820811,-0.13487092,0.020337433,-4.8596787,0.45490623,-1.2920955,-19.450653,5.296118,0.12423326,-0.13709165,-0.4497717,0.16667892,-1.392151,-0.23922299,-0.3388104,2.005701,1.6904868,-0.3637921,0.09917318,-8.192282,-0.07976073,-0.93408674,-3.9979312,-0.3429425,-0.65177774,-0.43218604,-3.4914207,-10.0150385,-1.1510189,-17.19504
1.0913302,-0.26225436,-0.053864885,0.13370112,-1.0240281,3.5362914,0.021009581,-7.5167003,-6.2976403,-0.7509656,-0.47995222,0.04829817,2.893223,-13.797556,-1.828231,0.08500396,0.05893906,0.41931435,0.06957435,-0.5821264,-2.741082,0.8979508,-1.7447393,-19.048613,3.7010036,0.066287704,-0.54819936,-0.012247678,-0.04016288,-0.310411,0.25927007,-0.8218914,2.064938,-0.8264803,-0.67112213,-0.09396662,-6.7946143,-0.16011456,-1.1333288,-3.995538,-0.3837443,-1.2949352,-0.2892741,-2.3194082,-7.603571,-1.0770053,-15.212002
0.8880295,-0.22111888,-0.051661726,0.1259557,-1.034165,3.5511954,-0.63738865,-7.426154,-6.3067923,-0.8044605,-0.4384412,-0.13179745,2.9081118,-12.819674,-1.8754611,0.07791268,0.17723286,0.2731651,0.057031803,-0.5609372,-1.9377092,0.8526353,-1.773562,-18.987944,3.672334,0.20717432,-0.5323509,-0.0398801,-0.03920651,-0.17753825,0.24695745,-0.7991278,2.2800546,-1.552672,-0.6167563,-0.11584229,-7.1552777,-0.15536377,-1.1052198,-4.0905623,-0.40889227,-1.2895757,-0.480439,-2.3884728,-7.4896216,-1.1092358,-15.045648
1.3510439,-0.12907021,-1.2890999,0.4501114,-1.502019,3.2157571,0.20520352,-7.8506713,-2.7910144,-0.5977286,-0.6435676,0.430525,2.4718451,-14.82175,-1.7928896,-0.26262248,0.20567009,0.09645047,-0.3001657,0.123820744,-4.49545,0.33860782,-1.6420668,-19.349546,-1.5256087,-0.018092342,-0.023759926,-0.094391234,-0.38323313,-0.347833,0.19431958,-1.9132731,-1.9421517,-2.1318347,-1.510459,-0.74840695,-2.9339848,-0.54681766,-0.6448634,-3.9135125,-0.44764212,-1.243679,-0.3905237,-2.8683362,-5.8083086,-1.715685,-15.471176
1.2711874,-0.110472314,-1.4677534,-0.2290783,-1.1748952,2.854053,-1.4342978,-7.4349613,-2.287694,-0.7861966,-0.5467803,-0.39671588,2.636618,-14.047096,-2.070016,-0.015718548,0.28846774,-0.17918827,0.0032849289,0.056391053,-2.3540425,0.38893744,-1.6979167,-19.48825,-1.9889321,-0.42349324,0.12592006,-0.29859495,-0.5748107,-0.23604572,0.15849638,-1.998162,-2.079952,-2.7927575,-1.5210948,-1.0376146,-2.6199632,-0.18361315,-0.7896031,-4.1545544,-0.69742155,-0.8908492,-0.4926696,-2.5159216,-5.1903157,-1.7961498,-14.336799
1.5139339,-0.3043801,-0.5060464,0.024132816,-1.3365296,4.4537234,0.6538607,-8.060668,-5.5238376,-0.8783275,-0.5870606,0.26172727,2.8206246,-15.51132,-1.6285771,1.0906891,0.24462867,0.5483296,-0.22436242,1.4193128,-3.2819605,-0.08386604,-1.6185317,-19.169401,-1.8372444,-0.16296317,-0.5977997,-0.1037312,-0.2240169,-0.22953181,0.20737907,-1.9494056,-1.725825,-2.8970518,-1.1615825,-0.76963323,-5.579464,-0.6029993,-0.57488006,-4.0849023,-0.5785559,-1.4091308,-0.2807981,-2.9276376,-5.7487445,-1.5039697,-16.207544
1.4465716,-0.22742112,-0.113646984,0.39198658,-1.2948405,4.689827,1.4218167,-9.684601,-4.6420426,-0.9079636,-0.61845225,0.23127934,2.7348566,-15.504252,-1.7168083,0.9642404,0.15974456,0.565167,-0.078597836,1.3887583,-4.1704025,-0.91681576,-1.4889181,-18.544416,-1.6631678,-0.101566985,-0.26217392,0.003636188,-0.3185459,-0.49751845,0.24496624,-1.769085,-1.0294825,-2.254079,-1.019929,-0.6881272,-6.4772606,-0.5505617,-0.7411403,-5.016074,-0.118116185,-1.3970516,-0.35532206,-3.3894656,-4.41943,-1.1488235,-15.967689
1.4090554,-0.22528605,-0.12745301,0.4391328,-1.3317426,4.5340075,0.81042075,-8.6960125,-6.0789824,-0.80257875,-0.6237532,0.38401675,2.7174187,-15.393136,-1.7358577,1.0608177,0.08871749,0.6076362,-0.37519124,1.4238635,-3.7698236,-0.06641906,-1.7675452,-19.049786,-1.8418916,-0.27383783,-0.7140991,0.017059144,-0.17280377,-0.49889013,-0.11292622,-1.9817272,-1.182647,-1.9508048,-1.3699673,-0.8785996,-5.688534,-0.5588605,-0.9163841,-3.511163,-0.3761381,-1.3885722,-0.3273292,-3.2980397,-4.4345374,-1.2986379,-15.6659565
1.8048836,-0.22546655,-0.05068543,0.49287406,-1.2837832,5.3330135,-0.09173606,-7.9068875,-7.604671,-0.82292277,-0.61361927,0.23786455,1.9901862,-15.845107,-1.5664328,1.0797675,0.10347651,0.6547525,-0.14570476,1.4376882,-4.9288783,-0.69714004,-1.6462817,-19.351162,-0.85557264,0.243097,-0.37238196,0.03370944,-0.0077287136,-0.5356076,-0.00947195,-2.0370817,-0.9704492,-1.676907,-1.2182704,-0.25563854,-2.8206885,-0.15935187,-0.9768949,-3.6472259,-0.15762319,-1.4253215,-0.08849941,-2.7900121,-4.4204025,-1.0926106,-16.359665
1.778411,-0.2525802,0.6075439,0.45633075,-1.3822811,5.5765257,1.8744669,-10.7021265,-4.2706285,-0.7817755,-0.4614487,0.30258694,2.4833717,-14.749462,-1.6105202,1.1048689,-1.9101977,0.52398694,-0.15083013,1.4410195,-5.8996162,-0.61812615,-1.5172687,-19.703371,-0.32033035,-0.3184934,1.853013,0.2599479,-0.17185353,-0.60877174,0.32189867,-2.294846,-1.2786272,-1.9933091,-0.81312025,-0.46344534,-4.1255045,-0.2157075,-0.7953598,-4.122328,-1.022022,-1.4121015,-0.49437004,-3.6456885,-2.8488023,-1.1500677,-15.436167
1.3623776,-0.3750425,0.503786,0.07939113,-1.1752939,4.6438212,0.12331312,-7.5725403,-7.5057006,-1.0716814,-0.62770784,0.06815294,2.6416607,-15.192281,-1.8566003,0.61219716,-1.809857,0.55776614,-0.190249,1.4921434,-3.9084964,-0.76801187,-1.4800063,-19.266045,0.84181726,-0.7355628,1.5741448,-0.03591195,0.20489341,-0.94143325,-0.24748448,-1.1891694,0.12223467,-1.8382155,-1.4073535,-0.19439922,-6.8892317,-0.28624025,-1.5010307,-4.244621,-0.45979905,-1.6171051,-0.51161504,-2.2330234,-6.008884,-1.0949248,-15.375842
1.8275326,-0.04678666,0.34978336,0.2261784,-1.2872568,3.6442297,0.11393073,-7.251026,-2.8810666,-0.81286186,-0.7358877,-0.010672777,1.8526775,-13.422539,-1.2908131,0.7898085,-2.5087843,0.5553282,-0.56935334,0.7146295,-6.3597856,-0.7321165,-1.0453091,-19.329754,-1.5653492,0.4778269,-0.87839496,-8.460156e-05,-0.28200665,-0.50267535,-0.17435455,-2.1758535,-1.6948296,-2.4692857,-2.8579915,-0.8689078,-4.5170994,-0.4969676,-0.46922252,-2.385604,-1.0115066,-0.96933526,-0.52243006,-2.2756882,-4.510169,-0.42517155,-16.294247
2.8082917,0.11917855,0.6699058,0.08067614,-1.2497122,7.9502916,2.648293,-4.777107,-2.2771728,0.09718191,-0.6145517,0.029599968,2.656649,-14.858138,-1.3497417,1.2408646,-1.7643496,0.7217097,-0.117977075,1.6756642,-4.17853,-0.90366924,-0.96836704,-18.960697,-1.2792352,0.27631828,1.9980582,0.012709627,1.1593603,-0.96268916,-0.39945567,-0.6195547,2.4014616,-0.83186024,0.5284147,-0.17214963,-8.380193,-0.34114644,-2.0579176,-4.003368,-1.0604067,2.0732667,-0.20294964,-1.119188,-7.693938,-0.92040366,-16.441933
1.4810442,-0.04614929,-3.178612,-0.37683812,-0.7219215,1.6301885,-3.0475922,-5.9722714,-7.8372173,0.25422823,-0.3946189,0.30125344,0.906611,-12.167052,-2.0178633,0.58271253,0.41682792,0.7888588,-0.41224083,1.102008,1.5352063,0.94799083,2.5913162,-16.908073,-0.5247471,0.66131705,0.57020843,-0.10313231,0.38976562,-0.8188707,-0.1748741,-1.2167587,-1.1265765,-0.9958451,0.115637556,0.530933,-5.575974,-0.42603022,-0.5576133,-3.8234007,-0.15822169,-1.1426296,0.03342564,-1.6563048,-3.175468,-0.34420955,-13.505239
1.3807241,0.13773666,-2.4646368,-0.35848108,-0.6543285,0.027511878,-3.6500072,-7.3727393,-7.2559056,0.11000962,0.03406338,0.8754384,1.350739,-12.844767,-1.9224504,0.17232332,0.5947285,0.91852826,-0.3440687,-0.12688161,2.6788845,1.5217594,3.2852762,-16.517818,-1.1117731,-0.01669869,1.0100633,0.02353986,0.17734522,-0.65018594,0.00041042574,-1.1343362,-0.69541067,-0.9866779,0.8950337,0.27750868,-5.2848296,-0.0050496887,-0.69324714,-1.0341885,-0.116709,-0.9686263,-0.059763692,-1.8596568,-3.4553077,-0.52957785,-11.609577
1.3918556,0.032037307,-0.9091949,0.002616241,-1.060136,-1.0693705,-1.3746051,-7.741015,-7.193943,0.58307064,0.09198937,0.59379715,1.896569,-14.518599,-2.0085337,-0.13763915,0.40629914,1.2768236,-0.07766759,1.8147892,0.9378876,1.0410713,2.5474875,-17.151646,-0.7421283,0.48250008,-0.6486647,-0.17692716,0.44445983,-0.85744625,-0.11398825,-1.3717444,-0.5770512,-0.5584645,-0.3637572,0.8183142,-5.363383,-0.004254359,-0.6949945,-4.6416,-0.09118408,-0.8958773,0.011241019,-1.046831,-2.913922,-0.45665467,-10.812097
0.61804056,-0.029292013,-2.2980044,-0.44370356,-0.5825704,-1.3498484,-5.0523014,-7.452531,-7.3919454,-0.14696561,1.0981778,0.8407472,1.5109566,-12.300214,-2.012839,0.11410179,0.50024015,1.169022,-0.10977264,0.41806096,1.5995549,1.4274347,2.88955,-17.045874,-0.93200016,-0.0062567014,1.3629421,-0.075833276,0.17954132,-0.68334985,-0.025615243,-0.82515097,-1.0462767,-0.48383516,0.3262343,0.34180084,-6.057276,-0.13539053,-0.3949549,-1.2492893,-0.1799418,-0.8912877,0.02067455,-1.9662608,-3.4831398,-0.6241229,-8.623684
1.6411985,0.047713716,-0.4524066,0.042618815,-0.49127525,-1.4133413,-6.540618,-7.5736923,-6.8063455,0.6293072,1.1288308,0.7451282,1.4572542,-13.443674,-2.101367,-0.08430555,0.51839745,0.47701162,-0.1677009,0.052785225,1.7759942,1.085539,-1.9048489,-16.802265,-0.5104642,0.011130147,-0.077707596,0.012727278,0.30997586,-0.33207983,-0.009439963,-1.3419559,-0.024860382,0.3165843,0.123329125,0.8832184,-2.6353366,-0.2967316,-0.36939177,-2.0713546,-0.5717227,-0.2874139,0.012212112,-0.9281635,-1.3279579,-0.8434666,-10.260773
1.4654324,0.06941817,-0.7887277,0.21939057,-0.45863912,-1.4100842,-4.9355764,-7.1608825,-7.640125,0.5962624,-0.90269536,0.77675307,1.3823646,-14.214711,-1.6529838,-0.099448256,0.28876513,0.68306077,-0.043014172,0.70949906,-1.016612,0.45876318,1.6136501,-16.711002,-0.40926993,-0.09697014,0.22891016,-0.0035259973,0.20065792,-0.46073577,0.14412521,-1.2052245,-1.252353,-3.5322945,0.029375805,0.9497758,-2.5325346,-0.4445152,-0.25860026,7.960537,-0.26322237,-0.9149029,-0.03326259,-1.0923154,-4.050871,-1.0570278,-11.393812
-2.3273487,-0.32793942,-1.6422158,-0.42202866,-0.4979873,-4.352487,-4.7877502,-7.192695,1.3645191,-0.67291826,1.4725888,0.79132074,1.8718984,-11.659824,-1.078269,0.30099738,0.103159934,0.06310041,0.4392767,-0.46160883,2.6978748,0.23827119,0.8569354,-13.476847,-1.4671328,-0.081163205,0.07639444,-0.12593733,-0.2706515,-0.56204253,-0.03845856,0.05440511,-1.4018291,-1.9720424,1.5794044,-0.18934481,-5.1937137,-1.2102852,-0.4066297,8.497945,-0.43728444,-1.3467369,0.049976915,-0.40782994,0.31097573,0.029598964,-1.0968895
-1.6236038,-0.38504127,-1.5129741,-0.3979231,-0.47327444,-2.1092396,-4.5639315,-7.388903,1.3223724,-0.7927149,1.5127331,0.63202655,1.5562414,-11.265526,-0.91403604,0.3017095,0.10022727,0.097390145,0.43036395,-0.5306292,2.612537,0.31778744,0.9124899,-15.341369,-1.4455637,-0.1117204,0.010385793,-0.069460645,-0.44211966,-0.3208126,0.21661307,-0.040170327,-1.340785,-2.9560168,1.6651545,-0.23999591,-5.0956216,-1.1854185,-0.38277882,8.159938,-0.4868244,-1.3279673,0.08390181,-0.17731765,0.32908458,-0.008523725,-1.2228801
-1.6236038,-0.38504127,-1.5129741,-0.3979231,-0.47327444,-2.1092396,-4.5639315,-7.388903,1.3223724,-0.7927149,1.5127331,0.63202655,1.5562414,-11.265526,-0.91403604,0.3017095,0.10022727,0.097390145,0.43036395,-0.5306292,2.612537,0.31778744,0.9124899,-15.341369,-1.4455637,-0.1117204,0.010385793,-0.069460645,-0.44211966,-0.3208126,0.21661307,-0.040170327,-1.340785,-2.9560168,1.6651545,-0.23999591,-5.0956216,-1.1854185,-0.38277882,8.159938,-0.4868244,-1.3279673,0.08390181,-0.17731765,0.32908458,-0.008523725,-1.2228801
-0.56673604,-0.009232245,-1.4925412,-0.27888587,-0.6875971,-1.9336233,-4.1366663,-7.5796676,1.816545,-1.1867201,1.3201153,0.6233971,1.0243467,-11.114707,-1.1272771,1.0581121,0.11886102,0.31912985,0.26671565,-0.08774425,3.0003698,0.031819142,1.1923969,-16.859602,-1.2364488,-0.086004995,-0.00043913536,-0.027361413,-0.4735194,-0.5177268,-0.0032849011,-1.0315566,-1.1195414,-2.7826955,1.5458218,1.5877967,-4.392058,-1.002391,-0.16570942,9.120136,-0.86235857,-0.726426,0.046965413,0.4211895,-0.14970534,-0.0764526,-1.9139726
0.30921242,-0.065602355,-0.83429325,-0.25970972,-0.55069953,-0.64353746,-1.3865291,-6.571058,0.9653996,-0.4129628,1.1763203,-0.2883519,2.5370293,-16.026747,-0.48970303,1.1465636,0.26385885,0.78672516,0.11738969,0.9819648,0.8268077,0.10914221,1.7646432,-17.157492,3.7642658,-0.16156924,0.20558546,-0.050890636,0.06833202,-0.66574776,-0.049856436,-1.8547794,-2.5312066,-0.8019205,0.5786752,2.3159144,-4.9137626,-0.4822226,-0.4311791,10.235099,-0.24766254,-0.81537986,0.3635481,-0.67593324,-2.9239073,-0.14964445,-11.340472
0.648548,-0.43843558,-0.96047753,0.27189735,-0.51447755,-1.0969219,-4.294525,-8.278072,-4.7233872,-0.80391586,-0.49048316,0.53644544,0.60685575,-14.381528,-2.5949895,1.0687923,0.27639312,0.87090534,-0.66656333,1.6465957,-1.0554353,-0.4538587,1.6789271,-17.920683,-3.3897226,0.07376429,0.027644577,-0.06536267,-0.10268934,-0.9810278,0.009600393,-1.4978275,-1.7545834,-4.20534,0.9896154,1.795928,-3.215065,-0.8068716,-0.4819585,8.305229,-0.4367403,-1.430116,-0.124382265,-0.8762949,-2.6767323,-0.63942254,-10.166969
-3.0708401,-0.5804865,-1.8148435,-0.46464607,-0.7183533,-2.4619715,-3.7947643,-5.669042,0.22392967,-0.87159073,1.2143509,0.61301196,0.3418805,-11.418408,-1.3236309,0.28923127,0.015229846,-0.04433844,0.45598617,-0.8341077,3.199546,-0.03934028,-0.17481641,-13.142277,-2.0422473,-0.35744134,-0.025349082,-0.51057804,-0.43167305,-0.44817048,0.2076631,0.34308407,-1.7841429,-3.860964,1.4622961,-0.6952733,-4.4613323,-1.2407755,-0.524989,9.430821,-0.33930847,-1.729024,-0.05186527,-1.2254698,-1.2740873,-0.16413361,5.520124
-1.6154228,-0.38081983,-1.4842123,-0.39626747,-0.45708835,-2.1567194,-4.4334297,-7.3007183,1.0314217,-0.801987,1.5120251,0.6337545,1.5060145,-11.3143635,-0.6045016,0.28710794,0.103683755,0.09712774,0.4369656,-0.5348338,2.4070506,0.31595176,0.91242176,-15.326678,-1.3947693,-0.07209175,0.012180209,-0.06804761,-0.44319466,-0.3141389,0.22648224,-0.13268228,-1.3502345,-3.6714709,1.661548,-0.23621055,-5.1770854,-1.1950954,-0.37038362,8.891231,-0.48682943,-1.8168228,0.084924735,-0.20483917,0.4092415,-0.027845511,-1.273381
-2.1215975,-0.40377587,-1.7090857,-0.3070417,0.18687718,-2.8835835,-6.733169,-5.9067793,1.6165217,-0.9869522,1.4393326,0.54658914,1.9613653,-11.50084,-0.9417191,0.5271032,0.09799341,-0.0075463396,0.41645062,-0.5193523,3.1678476,0.36578932,1.3418667,-13.631413,-1.5581944,0.09868526,0.030633505,-0.07742402,-0.49899247,-0.49185425,0.18786538,0.25813672,-1.5130587,-3.2539911,0.60021937,0.47437084,-4.485421,-1.0829135,-1.4018875,8.472066,-0.7407416,-1.1199449,0.07287206,-0.21196826,-1.0822386,-0.053450238,-0.30960453
-1.8093067,-0.46792486,-1.3745768,-0.5411565,-0.18065208,-0.91304016,-4.918122,-5.4740586,1.4824859,-0.8436202,1.456371,1.299292,1.1817331,-11.060278,-0.8724639,0.59121907,0.25903696,0.1692362,0.34214616,-0.47283408,2.623862,0.3723803,1.5864786,-14.561508,-0.6346542,-0.13998416,0.10548757,-0.11371846,0.041498445,-0.4646009,0.020060252,-0.33223927,-1.2658442,-3.2043495,0.7332352,-0.41676655,-6.880339,8.0471,-0.5502526,8.466172,-0.9756616,-0.8292965,0.13878624,0.638275,0.75967926,0.058480334,-1.4894464
0.90172476,-0.14415802,-3.043982,-0.01787813,-0.6224138,1.3899196,-5.302769,-7.965293,-9.372571,0.049790513,-0.768863,-0.7528918,1.1465976,-16.4805,-1.3967245,0.9198134,-3.2673826,0.78361404,-0.16288409,0.5079026,-0.27977115,-1.3145549,-1.9338967,-17.620117,4.197139,0.06642561,-0.6668308,-0.040618755,0.065721035,-0.9563936,-0.2823611,-1.2702825,-1.0626897,-4.967616,-0.69153565,-0.09088943,-7.1249127,-0.6283001,-1.6831676,-3.6927974,-0.47599986,-1.0612475,-0.092855945,-1.3049955,-5.9313517,-0.6413077,-14.218299
-1.648159,-0.3924481,-1.4186673,-0.63861686,-0.5854049,-4.506089,-4.2581854,-8.807647,3.4583793,-0.81000066,1.4248397,0.7124126,1.6617128,-11.8142,-0.9613464,0.38950005,0.13430409,0.07187052,0.43793955,-0.48482367,3.7882066,0.20661037,1.5047209,-13.446039,-1.5620451,-0.10707073,0.59158236,-0.05188847,0.26773265,-0.6166936,-0.19277614,-0.6521449,-0.31961158,-2.9904668,1.7335451,1.2900575,-6.939805,-0.8264677,-0.39036193,7.3234563,-0.8806639,-0.77281904,0.013471109,-1.3995129,-0.5348017,0.07019922,-1.3846277
-1.6536081,-0.62673134,-3.071443,-0.5807514,-0.6392905,-2.68944,-2.8809917,-9.986219,1.2668332,-0.71120214,1.4009159,0.7757818,1.7912648,-12.785031,-1.2404572,0.24901287,0.39613208,0.12199991,0.31942907,-0.96273285,3.1659272,0.36024323,2.1094377,-16.086882,-1.98945,-0.18599384,0.061683387,-0.076477654,0.025778987,-0.29732814,0.24584267,-0.83543515,-1.9738159,-1.2859366,1.8591254,1.1801772,-4.8877506,-0.5111328,-0.9529165,-2.485909,-0.73736817,-2.1023889,0.10232713,2.2254403,0.84074694,-0.14186299,0.60784805
-2.3385339,-0.22046651,-1.2113333,-0.25342909,-0.6786099,-1.7507557,-3.9498205,-8.026978,2.5470507,-1.0057337,1.247771,0.14947276,1.1694369,-11.040538,-1.1444757,1.2423182,0.14797033,0.10767123,0.25440976,-0.11354334,4.0562344,0.24766266,-0.494972,-16.518312,-1.9996444,-0.036846053,0.5759684,0.033729795,0.12618208,-0.47393686,-0.14756022,-0.40384015,3.1216285,-2.9558935,0.57138795,1.52234,-10.108458,-0.6984108,-0.59042454,9.184267,-0.96058035,-0.8081573,0.21028729,-2.3132017,-0.13938273,-0.10382091,-0.46251315
-1.9805949,-0.1299693,-1.3786507,-0.4897881,-0.5868432,-4.030133,-7.6460333,-7.2331557,0.9388432,-0.801874,1.3272712,0.73575354,1.9712304,-11.104903,-0.9947953,0.24087211,0.16857217,0.09113576,0.36010915,-0.611952,2.5604255,0.27607802,1.3408086,-13.852438,-1.4953667,-0.060422868,-0.056756884,-0.006086388,-0.047495216,-0.1945373,0.24252887,-0.73836803,-1.1716405,-2.6444185,0.5891761,0.17340314,-4.1957116,-1.1931782,-0.42504975,8.799645,-1.1492916,-0.72923344,0.07033084,-0.13882323,1.0169145,-0.01446443,-0.2849912
-2.385989,-0.4218504,-1.5990903,-0.35635415,-0.6840293,-1.963702,-4.821101,-8.024727,1.5275341,-1.331938,1.5709937,0.41287935,1.1609294,-10.88671,-1.0753239,1.0684063,0.061611593,0.11882232,0.3174596,-0.16497803,2.992202,0.06664968,1.0564452,-15.536191,-1.1826582,-0.116876535,-0.107034646,-0.16881032,-0.5016031,-0.39002368,-0.008948593,-0.86193407,-1.0455824,-2.6578686,0.6124161,1.2479547,-5.078458,-1.2079445,-0.11237364,9.039741,-0.97565764,-0.89272034,0.106667235,0.40440956,-0.3690748,-0.07499971,-0.57829016
-1.2674595,0.048903238,-2.9694893,-0.60883373,0.4053376,-0.083493814,-2.9402456,-8.023745,3.0039008,-0.5708973,1.3310059,0.32711208,0.4805192,-12.905385,-1.1505853,-0.720857,0.408188,0.9940274,0.36260536,0.12745658,3.0447588,0.18926866,2.3038416,-15.236318,-1.3304826,0.0148184365,0.865324,0.011239125,0.6885686,-0.82969993,-0.11804675,-1.0110668,1.8629769,-0.63256204,2.5889103,1.4021168,-5.7530236,0.47533783,-1.3415189,1.1751032,-0.23276086,-2.1804705,0.42993677,-1.3177352,-0.2509656,-0.2551919,-5.2316346
-0.86105543,0.07441428,-0.93918806,-0.36408278,-0.1813706,-2.9129863,-1.887857,-7.6956954,0.85527444,-0.53751713,1.1949095,-0.6180625,1.6398427,-13.276442,-0.23182344,1.1433479,0.32472777,0.1678625,-0.07994508,1.3220477,1.0336517,-0.0007244796,1.9585286,-14.393929,3.591967,-0.07536295,0.20397419,0.0061720475,-0.019879946,-0.7220483,-0.026839916,-1.669513,-2.6457887,-2.9326825,2.2364304,1.9358916,-5.347272,-0.39311382,0.0006052024,10.218973,-0.26711658,-0.08946083,0.4673901,-1.2160467,-2.8532026,-0.17692302,-10.362382
-2.222322,-0.64661837,-1.8164328,-1.0694461,0.1642077,-1.4363638,-4.6755657,-8.408201,0.9494126,-0.44729832,1.4025958,0.87437785,1.3162363,-13.036939,-3.9182923,0.22708717,0.14748225,-0.4177466,0.50127065,-0.2620939,1.6248167,0.1007317,1.673486,-14.185332,-2.8726132,-0.7707016,0.023041343,-0.121573746,-0.23111627,-0.9338433,0.00809614,-1.1458778,-2.2569094,-3.87099,1.828207,1.277503,-3.890595,-2.141039,-1.5168672,4.419502,-0.8041019,-1.2370459,0.32782987,3.236129,7.8608694,-0.010063322,0.31510165
0.7142974,-0.22637966,-3.2664495,-1.1933625,0.15489458,-1.2966976,-6.9663773,-7.4661164,-2.5765157,-1.4043208,-0.8622463,-1.9126443,1.3477112,-9.09668,-1.6052611,0.85530293,0.5669257,-0.21450715,-0.0646684,0.24679393,0.8477242,-0.06216496,-1.6480535,-17.53187,-2.4398434,0.18528664,-0.04033117,-0.10496147,-0.027710343,-0.6540045,-0.04981959,-1.2166393,-2.194178,-6.679359,-0.5550237,-0.069367304,-4.088107,-0.32233462,-1.5644382,-4.6010437,-1.9946127,-0.70743567,-0.2085352,-2.1831803,-4.482874,-0.6121312,-10.006891
1.3247876,-0.15862253,-2.578603,-0.7769207,-0.4737789,0.19265918,-6.837916,-9.05003,-5.2415724,-0.9674658,-0.5122537,0.005904313,1.3012043,-12.87733,-1.8046122,1.1682552,0.40386078,0.08583516,-0.515982,0.54162425,-0.5923986,-1.0718744,-1.1782246,-18.293734,-1.1288766,-0.07035699,-0.07310794,-0.0737608,0.35728955,-0.52119887,-0.3448464,-1.5556171,-1.9628931,-5.8507757,-0.8578465,0.26409,-5.950237,-0.20326822,-1.1383278,-3.2064493,-1.0930059,-1.3652962,-0.08679054,-1.1707047,-3.8227563,-1.1677732,-10.472618
1.3247876,-0.15862253,-2.578603,-0.7769207,-0.4737789,0.19265918,-6.837916,-9.05003,-5.2415724,-0.9674658,-0.5122537,0.005904313,1.3012043,-12.87733,-1.8046122,1.1682552,0.40386078,0.08583516,-0.515982,0.54162425,-0.5923986,-1.0718744,-1.1782246,-18.293734,-1.1288766,-0.07035699,-0.07310794,-0.0737608,0.35728955,-0.52119887,-0.3448464,-1.5556171,-1.9628931,-5.8507757,-0.8578465,0.26409,-5.950237,-0.20326822,-1.1383278,-3.2064493,-1.0930059,-1.3652962,-0.08679054,-1.1707047,-3.8227563,-1.1677732,-10.472618
1.3247876,-0.15862253,-2.578603,-0.7769207,-0.4737789,0.19265918,-6.837916,-9.05003,-5.2415724,-0.9674658,-0.5122537,0.005904313,1.3012043,-12.87733,-1.8046122,1.1682552,0.40386078,0.08583516,-0.515982,0.54162425,-0.5923986,-1.0718744,-1.1782246,-18.293734,-1.1288766,-0.07035699,-0.07310794,-0.0737608,0.35728955,-0.52119887,-0.3448464,-1.5556171,-1.9628931,-5.8507757,-0.8578465,0.26409,-5.950237,-0.20326822,-1.1383278,-3.2064493,-1.0930059,-1.3652962,-0.08679054,-1.1707047,-3.8227563,-1.1677732,-10.472618
1.3162146,-0.1377036,-2.5428536,-0.6079074,-0.46882847,0.090939485,-6.8063345,-9.008702,-5.39084,-0.96742964,-0.5173326,0.0050559407,1.3436139,-12.953029,-1.7628065,1.2049571,0.43542698,0.09396078,-0.5555996,0.55429,-0.5353278,-1.0550402,-1.1693661,-17.6587,-1.1463915,-0.057813868,-0.052721675,-0.07618167,0.35258427,-0.51592374,-0.25525385,-1.5930138,-2.032961,-6.530658,-1.2564821,0.27618882,-6.103435,-0.26133305,-1.1888155,-3.268397,-1.1407766,-1.3925881,-0.12987329,-1.1744084,-3.7937338,-1.1582355,-10.220747
0.7918227,-0.1611213,-3.083579,-1.5917244,-0.70311385,-1.1692371,-7.1636634,-7.3381133,-1.5222731,-1.401836,-0.7729532,-1.5817362,1.2598542,-9.713498,-1.7030419,0.7676918,0.5524435,-0.18951383,0.044267297,0.26848227,0.8596862,-0.25517282,-1.5293859,-18.277334,-2.5253663,-0.031250667,-0.0746909,-0.07296907,0.02159246,-0.5606341,-0.2745621,-1.3531353,-2.7821577,-5.8382063,-0.95111763,0.013308524,-5.5167794,-0.65663254,-0.7342279,-4.4479594,-2.0056581,-0.6762582,-0.15822013,-1.9124359,-4.2692294,-0.980191,-10.172068
1.3806418,0.010603416,-2.6219351,-1.1895798,-0.6719436,0.06306324,-5.566865,-8.198025,-4.8903913,-0.93200284,-1.037216,-0.11419482,0.37559566,-12.072288,-1.7560903,1.1587201,0.48713562,0.07485865,-0.07671189,0.31454504,-0.64115757,-0.6254581,-1.7754779,-18.050594,-1.3313245,-0.07187614,-0.10886948,-0.0904704,-0.09493213,-0.61442506,-0.16631778,-1.3447123,-2.2946782,-5.0539513,-0.91672176,-0.27766863,-5.19633,-1.0211359,-0.7843493,-3.951151,-1.384393,-1.3822423,-0.17043084,0.23469041,-3.5492418,-0.7484636,-10.101666
0.5864659,-0.07138325,-2.8223526,-0.76215833,-1.0819538,2.7155235,-2.5159285,-8.238423,-8.197445,-1.9274038,-0.25269783,-0.3971167,0.86093616,-12.42241,-1.7486055,1.2038852,0.50880665,0.05047358,-0.45778766,1.7743126,0.06978395,-0.62583137,-1.0368959,-18.305685,-1.3358818,-0.14517927,0.017133962,-0.103023365,0.22875716,-0.76037496,0.025890678,-1.2711476,-1.9091663,-6.825729,-1.9183106,0.73139113,-5.4950523,-1.1159812,-1.5531307,-4.307441,-1.3350911,-1.4033399,-0.19572122,-1.8729358,-2.9269352,-1.2844832,-11.658604
1.2371072,-0.17122376,-3.1044068,-0.9859818,-0.70217514,-0.45214677,-4.9264355,-8.950988,-5.5368967,1.0663991,-1.4551449,-1.5110348,1.4067237,-7.5131106,-1.5529422,0.64807814,0.63903546,-0.11775693,0.09044866,0.4134111,0.11972622,0.036069546,-1.3728513,-17.479815,-1.8256754,-0.03027006,-0.051608726,-0.09232498,0.35162306,-0.5612097,-0.44348538,-1.4817606,-2.1640384,-6.0009375,-0.68182534,-0.64467967,-5.8535404,-0.39358318,-0.7322334,-3.9299593,-2.160773,-1.1073331,-0.17238985,-1.3953089,-4.4803157,-0.637284,-10.721398
1.2394985,-0.31566697,-3.4183261,-0.72267497,-0.727599,-0.9596148,-6.6003838,-7.8743024,-5.718015,-1.4985316,-0.010494829,-1.4090424,0.34856266,-12.447474,-1.5647454,1.0166123,0.42140043,0.049918626,-0.17402631,0.38538975,-0.1795747,0.51049834,-1.6455067,-17.479347,-1.330503,-0.009308085,0.05906509,-0.0968495,-0.06420049,-0.5780599,-0.08408316,-0.7780093,-2.0592341,-6.4567704,-0.26054093,-0.090701416,-4.6981626,-0.61473185,-1.1874218,-3.6151876,-1.4944332,-0.8245576,-0.19584875,-1.1997223,-3.4820974,-0.5159964,-11.117778
1.3599774,-0.18341771,-1.805364,-1.0412892,-0.67564744,-0.062362816,-5.9923034,-7.798774,-5.525106,-0.7348743,0.06843974,-0.10612581,0.13174963,-12.691666,-1.808671,1.7298774,0.5094875,0.13095668,-0.580693,0.6950251,-2.1437001,-1.082805,-1.7011968,-17.871344,-1.0899568,-0.026165271,0.018252747,-0.07596985,0.05867768,-0.62645465,-0.1433583,-1.3745221,-1.4569111,-5.417241,-0.6747849,0.061011847,-6.2102838,-0.23732425,-1.6315503,-4.395352,-0.8590438,-1.3104764,-0.2547305,-1.0623409,-3.9849124,-1.1945502,-10.480072
1.3804777,-0.1084934,-1.8585781,-0.30967224,-0.5667423,-0.67998207,-4.989645,-8.147204,-6.6502643,-0.76646584,-0.5405614,-0.105790615,1.18912,-13.993559,-1.7717581,1.2571104,0.30065057,0.29962578,-0.4816202,0.6338563,-2.543836,-1.5072886,-1.621398,-18.323376,-1.0689161,-0.15248707,-0.0044014393,-0.02487725,0.47419733,-0.42778692,0.06306322,-1.1568192,-1.8911709,-6.3013763,-0.5617626,0.2091306,-5.96945,-1.2129707,-1.9765738,-3.9135518,-0.91579115,-1.2771783,-0.16277462,1.9604691,-3.8712702,-0.61258584,-10.871426
1.3711092,-0.1721421,-0.9760436,-0.38767302,-0.38486812,0.4214063,-4.689282,-8.20807,-6.5116963,-0.7437322,-0.53285414,0.30852538,0.8821726,-12.830224,-1.7841682,0.9330078,-2.9961965,0.6282476,-0.47070333,-0.10305367,-2.5378509,-1.1228212,-1.5535256,-18.951963,-1.0964259,-0.11523003,0.0966252,-0.10617225,0.3443348,-0.577063,-0.39050138,-0.513807,-0.88379383,-5.0774283,-1.0781802,0.2091927,-6.9634852,-0.7870923,-1.3362536,-2.5688164,-1.1807315,-1.2345092,-0.22520752,-1.1522635,-3.7891605,-1.125193,-9.880909
-4.351925,-0.37872857,-2.5157902,-1.4314612,-0.45358297,-1.495911,-6.6878486,-9.640266,-1.6495312,-1.1725897,0.019125303,-1.052208,1.139721,-10.1179285,-4.0632935,-0.045168173,-1.6003786,-0.4697367,-0.17198904,0.35217357,-0.1693955,0.2105783,-1.1155407,26.734375,-2.6895003,-1.0866611,-0.2974063,-0.023807244,-0.18626405,-0.7358339,0.033948116,-2.7241225,-2.1598306,-11.542527,-0.15924425,-1.0882694,-3.1269088,-1.4094089,-1.9994167,5.421795,-5.008646,-0.50830233,-7.1070585,1.0358281,-4.775744,-0.6971575,-10.019503
1.1701399,-0.19337101,-0.10123692,0.37603977,-1.0512644,4.0718284,0.14575306,-7.3253865,-7.354631,-0.59970045,-0.9224777,0.08933584,2.8578956,-14.013835,-1.715637,0.026746564,0.042997535,0.6284862,0.01837839,-0.31498367,-2.8647883,0.5252917,-1.3285804,-18.452509,3.933438,0.19439735,-0.33462813,0.005742553,0.28382468,-0.93971545,-0.055873424,0.23504528,2.4189582,-0.5284406,-0.6657349,0.112181395,-6.9010434,-0.30179796,-1.1160223,-3.9035614,-0.3561474,-0.6106785,-0.4268617,-3.074498,-7.984555,-1.4721036,-16.5267
0.92932874,-0.026586022,-1.4582671,0.1864918,-0.63269436,3.7711096,-0.18664303,-7.1772127,-7.5146723,-0.8513661,-0.7146512,0.09915142,3.9231083,-15.410163,-1.8847823,0.043085463,0.14588241,0.36519316,0.04934959,-0.50091153,-2.2548907,1.0826082,-1.5449456,-19.044794,3.3357794,0.20252232,-0.3894406,-0.05244874,0.14292508,-0.7319679,-0.062890984,-0.052210946,2.4700499,0.6196933,-0.23707777,0.8960459,-7.818027,-0.52270734,-1.0775219,-3.9585416,-0.36272112,-1.1835067,-0.50422615,-2.316156,-7.3442097,-0.25691915,-16.509544
2.0048962,0.03553091,-0.11778399,0.63143235,-1.0738492,5.193672,2.1254592,-6.914639,-10.254639,-0.87889284,-1.9899957,0.0068564503,3.6225064,-15.37856,-1.4251534,1.1280571,0.11857461,0.61461747,-0.12345906,0.1326143,-4.7968473,0.46059817,-1.3579296,-19.316122,5.2451963,0.21446672,-0.18971036,-0.2320635,0.40572283,-1.5582831,-0.1774821,0.09156427,1.7438749,5.2485323,-0.36935356,0.38917193,-7.129363,-0.3354285,-0.76832044,-6.656446,-0.4102699,-0.14872542,-0.40520668,-4.4629793,-9.948216,-1.1573426,-16.704597
1.1638386,-0.28454995,-0.3209281,0.11082906,-1.1454514,3.8926613,0.09941699,-7.049429,-7.617769,-0.91342914,-0.64433724,-0.04066639,3.6736526,-17.380974,-1.858093,0.0658995,0.05851347,0.59856695,-0.030878669,-0.5880144,-2.4996676,0.9733112,-1.4407523,-19.15896,3.622624,-0.034215886,-0.35047203,-0.07221843,0.24250291,-1.0083451,-0.0690086,0.4065007,2.2910733,1.9016459,-0.5003964,0.58605224,-7.0106926,-0.42293972,-0.9560027,-3.9460607,-0.39980206,-1.2288226,-0.38038868,-2.340752,-7.5531354,-1.0700786,-15.4877405
2.1088338,-0.19715235,0.30658945,0.39525354,-1.0126948,3.7799525,0.08141736,-7.1677203,-8.175473,-0.8537817,-0.9251148,0.1761698,3.8028955,-14.584577,-1.4669389,0.01860416,0.0201649,0.6202397,0.0192395,-0.33094594,-3.5492349,0.6708786,-1.4291337,-19.137997,5.0759,0.19485246,-0.32961327,-0.09485494,0.28363678,-1.4645371,-0.1170866,0.09838539,2.0135794,5.8309307,-0.5825315,0.22024612,-7.017176,-0.2980277,-0.8248408,-8.339806,-0.28449106,-0.7479396,-0.46234205,-3.4779394,-9.1965,-1.1308947,-16.476309
1.8919849,-0.16566661,0.053780816,2.204357,-0.23360105,5.472645,1.0917574,-6.3013244,-10.076005,-0.9100904,-0.9422033,-0.0074870796,2.000986,-15.220467,-1.4462023,1.1551374,0.011643318,-0.22998706,-0.1438176,0.40793428,-6.4482527,0.19852771,-1.2829367,-19.151108,4.7530026,0.19272323,-0.2585897,-0.12262166,-0.5215224,-1.3069313,-0.17783795,0.1793484,2.1692448,1.3268228,-0.38250485,0.19712013,-8.437113,-0.36819205,-1.0872154,-3.9791224,1.921788,-0.65147465,-0.45618278,-3.282114,-8.162894,-1.1431319,-16.52715
1.9847245,-0.23911263,0.23051834,0.66885185,-1.0842309,4.8205624,0.8405641,-7.0300384,-10.127718,-0.82732266,-0.70558673,0.0048012226,3.699686,-15.64384,-1.4426873,1.1533437,0.05098105,0.6015049,-0.14322028,-0.0002183085,-3.7078955,0.52416265,-1.3230313,-19.366833,5.5883193,0.1806375,-0.15410766,-0.1620415,0.14079475,-1.4348773,-0.06921405,-0.26620594,1.8967106,1.6833411,-0.3315073,-0.0032732657,-7.2971582,-0.31382504,-0.9689653,-4.045044,-0.0994075,-0.1730533,-0.41950607,-3.294016,-9.796867,-1.1570395,-16.657164
1.229549,-0.22631674,-0.82868826,0.28641135,-0.66300505,3.7253652,-0.7779073,-7.272782,-6.5676503,-0.612016,-0.7640088,0.15085009,2.787048,-12.928673,-1.4928068,-0.0106278565,0.12634008,0.7003757,0.027417054,-0.4874179,-2.9303849,0.43397322,-1.3442665,-18.574886,3.154945,0.15318045,-0.6438115,-0.049078807,0.28133434,-0.9499649,-0.19784336,0.5418514,2.5769749,-0.75416046,-0.5765771,-0.20436834,-7.242512,-0.16404982,-1.0984137,-4.014258,-0.22185434,-1.3783543,-0.44378108,-2.396993,-7.8018284,-1.4200768,-15.560135
2.0853512,0.008503538,0.21241002,3.0980206,-1.0661551,5.057107,1.2623805,-7.0373983,-9.307787,-0.9136482,-0.6120102,-0.027576178,3.8720598,-16.73648,-1.4400014,1.1233063,0.056979124,0.5729776,-0.16504897,-0.12549296,-3.9254525,0.47365972,-1.3462708,-19.662235,5.478729,0.14268322,-0.17417222,-0.23276655,0.32447284,-0.973753,-0.17536841,-0.3395786,1.651055,6.325313,-0.52906466,0.099052265,-7.660811,-0.36615336,-1.2644029,-8.317097,-0.3094264,-0.66919446,-0.9125826,-3.637062,-9.952924,-1.0543664,-17.009237
2.0870442,-0.20652334,0.38570675,1.9977638,-1.1181791,4.8868475,2.6193461,-7.7424345,-11.046237,-0.13830572,-0.8082213,0.100718305,3.5959709,-17.507,-1.2493664,1.2026497,0.038177773,0.53461677,-0.04682255,0.055495936,-4.761333,0.52626157,-1.2806486,-19.70546,5.6276426,0.27170712,-0.19507118,-0.102485664,0.29989982,-0.8994558,-0.11968657,-0.0047151605,2.2540917,1.7429358,-0.3565836,0.07384455,-8.46483,-0.04919596,-0.70710397,-5.2154074,-0.18732043,-0.2537863,-0.42835793,-3.488525,-8.723964,-1.1422125,-16.201002
1.8661333,-0.22707368,0.15635899,3.1147633,-1.2276566,7.195778,2.7513373,-6.6760983,-10.424975,-1.034012,-0.6858548,0.018635705,3.5667543,-16.71132,-1.4498312,1.1337602,0.09494386,0.55352336,-0.114287294,-0.048920933,-4.9229507,0.3788891,-1.2706211,-19.312674,4.956621,0.1482908,-0.29923645,-0.16833459,0.2904017,-0.9536251,-0.17795788,-0.3551906,2.0928097,1.2539911,-0.048907407,0.15260242,-9.038178,-0.37767074,-1.0515937,-4.896432,-0.3352471,-0.13187948,-0.43839958,-3.1381335,-8.693273,-1.0321847,-18.349508
2.1341605,-0.016967468,0.3496957,0.47686684,-1.1152722,4.4835825,1.1304076,-6.205597,-9.368724,-0.6478717,-1.183497,0.01033832,3.5030015,-16.919882,-1.933072,1.3626531,-1.7907063,0.47879803,-0.46472672,1.9317954,-3.7338364,0.3182096,-1.3813944,-19.261696,5.8339686,0.14470236,-0.21862976,0.03121683,0.061105248,-0.7600299,-0.07371081,-0.33615026,1.6659791,1.6307445,0.06337974,-0.12931149,-7.157343,-0.38415945,-0.6367615,-3.8774667,-0.33016375,-0.7749546,-0.52258927,-3.5329907,-8.866261,-1.1083924,-16.913504
2.5793362,-0.7779785,-0.39358154,-3.3837154,-0.5137999,-11.239484,0.6791447,5.2572274,-4.505082,-1.2211426,0.49716106,-0.033684332,1.2286988,26.655807,7.56613,-2.1772337,2.1712956,-0.30519572,0.11822982,-0.80390257,15.260702,-0.49229357,7.079036,27.740833,-5.1980386,-2.1437535,1.2432163,-0.14393638,-0.27873152,-0.52817243,-0.016936747,-2.0606432,-1.3842328,2.7508552,-0.04735669,-2.7123468,13.799392,-0.7828711,3.2899845,2.3963997,-2.4038937,2.1542785,-1.4498174,1.713471,7.8023667,0.15809622,16.778673
2.275325,-0.3696991,-0.38074252,-2.9674506,-0.37699285,-10.363392,1.5847968,5.130414,-2.9295528,-1.4764115,0.16812152,-0.108060956,0.4515362,21.649527,7.7581735,-0.47742316,-2.0553868,-0.05752418,-0.40700853,-1.6479869,16.495108,0.059091166,6.4269776,28.011654,-4.407335,-1.0372826,1.4134352,-0.255064,-0.59429157,-0.09692083,0.033291813,-1.98676,-1.0758944,2.1062236,0.25250018,-1.2810644,14.426635,-1.1064425,3.528487,1.8343054,-2.330989,2.7150624,-1.5805955,1.7050513,8.221276,-0.12611069,17.001247
-2.9825013,0.048634697,-0.20148855,-3.369703,-0.45235467,-10.946842,-0.6584589,3.8689787,-3.0438855,-0.8673225,0.7422324,-0.8224191,2.2783074,24.987455,8.970061,-1.6077012,2.3326318,-0.40874922,-0.5589917,-0.17724063,15.423063,-0.5416101,7.144202,30.123108,-6.4214287,-1.0242124,1.5668827,-0.23061007,-0.3932209,-0.34638456,0.05324946,-0.6427953,-1.0915161,-1.4078327,0.39385027,-2.4864326,14.679681,1.7280486,2.9421697,1.3034569,-2.3603778,2.3616111,-1.1418641,2.6998436,7.1819715,0.19070333,17.1031
1.6240941,-0.20327993,-0.30866724,-3.783662,-0.32061026,-9.389084,0.2615034,5.3142204,-2.9202516,-0.8806879,0.26948312,0.01689712,2.622756,21.2701,7.8344336,-0.3397465,-1.072049,-0.084253155,-0.48564646,-2.3986027,16.60293,0.12597974,6.5567985,28.161226,-3.7488317,-0.9329475,1.4119027,-0.16637908,-0.3461671,-0.06657199,0.12329627,-1.9148325,-0.943299,-1.7047106,0.84848404,-2.003141,14.057901,-0.552512,3.4977458,1.520279,-1.9158659,-0.34240443,-1.1970165,1.8396277,8.501186,-0.13450195,19.733366
-1.5612286,0.0072737834,-0.58077914,-3.5881608,0.085907094,-9.690596,-0.8735041,4.044993,-0.89297736,-0.97043705,0.9067714,-0.46207878,2.6416342,21.935007,8.186189,-0.4029816,-1.2209609,-0.16061276,-0.442033,-2.3390996,16.74954,-0.37126023,7.2304425,27.767496,-5.2241154,-0.7784016,1.6470939,-0.059866097,-0.2035642,-0.06980578,0.081967145,-0.79619396,-0.77054906,-2.0589087,0.4215292,-2.2882133,14.516594,-0.09044834,3.883395,1.0016375,-1.9233913,0.04007026,-1.6978836,2.7409873,9.246412,-0.2576839,20.24939
-1.5021532,-0.23666188,-0.6771005,-2.9216468,-0.4484831,9.149075,4.0237947,7.705168,-0.902587,-1.4220473,-0.056079097,0.29611003,1.4162073,13.538938,8.509875,-0.37992632,-0.7178858,0.07386572,-1.351875,-1.919452,21.47725,0.13037704,14.124496,33.22079,-4.840891,-0.89610326,0.10196598,-0.3298067,-0.31734693,0.12840348,-0.05997695,-0.48595995,-1.6818635,-10.869429,0.99766666,1.115834,17.403387,-0.101782255,3.233575,1.9142866,1.1432523,-1.3325678,0.28122538,1.9494226,9.433003,0.031843763,20.63631
-1.9233707,-0.05072677,1.1140001,-3.5160573,-0.6427803,-11.417075,4.030929,6.809712,-2.7577147,-0.90563047,0.7322617,-0.5440464,3.9870164,17.863644,8.246864,-0.052229248,-1.8146574,-0.24606664,-0.49931672,-2.541527,16.80469,-0.7182103,7.70762,26.261028,-4.896339,-1.1413194,1.3279325,-0.38659167,-0.6163361,0.076576576,0.09738027,-1.112765,-0.832347,-1.2498022,0.8569038,-2.5556862,14.798917,-0.29287317,2.969841,2.031327,1.0285941,-0.07953643,-1.0164783,1.6227497,8.07767,-0.116232164,19.379692
-3.2243195,-0.53221065,-0.06978783,-3.0032654,-0.08875892,-18.00207,3.9015749,10.627039,-5.4934926,-1.1300187,-0.42837426,-0.39740363,-0.5684752,27.386553,11.569433,-0.77739537,-1.532391,-0.06737717,-0.4860659,11.233817,21.382011,0.38062,9.097062,25.449488,-7.082073,-2.6164927,1.4894197,-0.22347836,-0.59429157,-0.28723353,0.027492981,-0.84743357,-1.6936634,-4.2555227,0.5240179,-1.7220422,14.245231,1.1963606,2.6532385,4.4639235,-0.4779423,-0.39148092,-1.2506999,2.244962,8.615059,0.16532183,23.41469
-5.79886,0.3213353,0.8829339,-1.0290293,-0.41663304,-13.644957,-10.900725,-11.564158,2.2599256,-0.41294965,0.76472795,-0.8156816,7.6014514,28.24433,8.914273,1.1017717,-1.1314949,-0.28020084,-0.54879975,0.6759575,22.97946,-1.0982246,9.066243,30.50376,-2.8828328,-1.037631,1.1836835,-0.062047068,-0.4240599,0.5537202,0.36550656,2.3560889,-0.96200365,-9.105618,0.50454694,-1.5323058,17.098305,-0.9590474,-1.1675498,8.69236,-0.64086497,-2.8846862,-1.5500016,0.72290623,1.3954686,-0.17408577,19.11186
-1.5624493,-0.40225202,-1.7195996,-0.57116777,-0.56575483,-2.0115042,-2.7348642,-5.704572,0.34983972,-0.637052,1.2153059,0.56163996,0.48070937,-12.473858,-1.1571037,1.2700251,0.31236556,0.32112694,0.32703975,-0.41866556,2.8322103,0.78289485,0.2191371,-15.968553,-2.1340573,-0.39899725,0.21193515,-0.11216494,0.072523676,-0.6694718,-0.15983072,-1.1533481,-1.7695212,-7.7257895,1.8167411,1.4459282,-6.1442842,-1.4526836,-0.23819175,7.1845956,-0.29401574,0.019938475,0.012195493,-0.011628516,-1.0094515,0.26618904,9.342448
-2.053098,-0.33227694,-1.4405944,-0.58308643,-0.69948983,-4.294073,-4.510379,-5.5327,1.9750651,-0.52309525,1.4149883,0.43032056,1.2161334,-12.876787,-0.6430058,0.9941244,0.21122114,0.35874915,0.42677772,0.10218403,2.7870255,0.050735407,1.4056716,-11.40169,-2.1229453,-0.07336465,0.3322107,-0.042472184,-0.000975039,-0.66474795,0.03654648,-0.8942123,-1.6894898,-7.618548,1.9314458,0.015774366,-5.6107817,-1.3777148,-0.345727,7.8362355,-1.1708652,-0.7820687,-0.056074798,0.12423436,-0.7603333,0.025646633,-0.85784346
-1.1923836,-0.09330207,-1.4389269,-0.42594826,-0.54041487,-1.6533172,-4.046088,-4.719157,2.5429947,-0.60681206,1.0959339,0.54376733,1.0017196,-12.488564,-0.45009425,0.045125768,0.36097896,0.30583757,0.49710524,-0.03581884,1.8637896,0.7291376,1.5615993,-16.270193,-1.4804505,-0.073286586,0.39433485,0.05679042,-0.010278937,-0.49696383,-0.031086965,-0.8867905,-1.335785,-3.8621342,2.126191,0.15614517,-6.4859524,-1.5577023,-0.1462085,9.449576,-1.2552679,-0.763772,0.033026878,-1.1873387,-0.81150603,-0.10602354,-2.7810647
-1.393163,-0.29915485,-1.505614,-0.4449854,-0.6431703,-2.3149354,-4.5411816,-5.681169,2.480199,-0.81057715,1.106606,0.37277955,1.3776726,-11.462596,-0.4713007,1.2959819,0.09566381,0.2124417,0.2596941,-0.43145588,1.1419029,-0.08459461,1.3734586,-15.673547,-1.4529334,0.0015550209,0.08314374,-0.07459699,0.15150835,-0.5994116,-0.10906255,-0.9120452,-1.7236862,-4.5436945,1.7715892,-0.27319765,-5.635403,-1.061352,-0.41253537,9.311531,-1.0347013,-0.81469846,0.2515076,0.3762843,-0.7322037,-0.07069665,-0.70327467
-1.5225741,-0.19153796,-1.423119,-0.16569725,-0.835402,-1.6048136,-2.483666,-6.2229853,1.3388628,-0.45854282,1.436335,0.55743045,0.26360807,-14.270009,-0.3174055,1.4230666,0.24496213,0.9919515,0.319044,0.24150681,2.0603254,0.6145842,1.4798923,-15.925874,-1.6042024,0.12675951,-0.059357498,0.01795954,-0.04366981,-0.74634546,-0.15899436,-0.5885847,-1.3715024,-3.691131,2.0170474,-0.06575873,-7.325295,-1.1045995,-0.08664995,7.570559,-0.9792101,-0.86712366,0.03484034,-1.0922415,1.2196759,0.013524119,-1.2479935
-3.4023654,-0.76751953,-2.0171533,-1.3407711,-0.80658287,-7.1778064,-3.7171898,-11.075669,-2.6003327,-0.6306561,0.5892196,0.8133474,0.7444518,-9.7731085,-2.7693496,1.248972,0.06309742,0.031291418,0.43443617,-0.14968473,2.1250288,-0.4617188,0.9688736,-12.343552,-3.2151802,-0.24654154,-0.13112955,-0.09706024,-0.45148385,-1.1589404,0.3820589,-0.6155552,-2.2729652,-7.5800138,1.3211058,0.3175839,11.323921,-2.6439638,-1.546398,6.1474876,-0.81551903,-1.2013253,0.10931055,3.547791,7.0440564,0.1314874,-0.32302412
-1.7927947,-0.196713,-1.3851255,-0.11180735,-0.6355758,-4.7190275,-4.3435616,-5.0935698,0.6206749,-0.26723847,1.1476439,0.66912735,0.7801145,-13.645179,-0.90989506,0.016902726,0.26016286,1.1139716,0.6800952,-0.5433557,0.80998915,0.096703045,1.9794055,-12.984022,-0.29584748,-0.23515052,0.045298178,-0.0022270067,0.25606164,-0.6898014,-0.030942824,-0.958593,-2.8077455,-5.072132,1.8076794,0.6181384,-1.9975954,-0.7251921,-0.17794578,8.014799,-0.23301855,-0.8084048,0.23344068,2.7222505,1.3313138,0.030079653,-6.991555
0.968233,-0.48563424,-1.5286971,-1.3908306,-0.79225254,-7.1976213,-3.528324,-10.453004,-0.39555067,-0.4572348,0.93371856,0.74105144,1.8875116,-8.674452,-4.0490685,0.42227367,-0.0036041015,0.08618857,1.4013361,1.0128365,2.3226876,0.31334025,-0.99808174,-14.131675,-3.9031851,-0.13177861,-0.1462528,-0.2614486,-0.04059915,-1.0770355,0.22471711,-1.159608,-2.342298,-7.0230136,1.5353868,-0.42928964,-3.6875696,0.9617812,-0.55939436,6.6109343,-2.9249427,0.24870981,0.052911673,5.25615,8.293696,0.28986675,11.026647
-5.443951,-0.5221791,-1.9711665,-1.3124839,-0.98088455,-3.1096938,-6.8149085,-6.5412474,1.6163529,-0.54526263,0.94175386,-0.81017405,-3.707914,-2.3150883,-5.499086,0.16813539,-0.21036445,-0.020901347,0.80059683,-0.5480614,0.64035404,0.47254646,-0.6991433,-12.618374,-3.0447261,-0.3620883,-0.5492172,0.24981852,-0.2568714,-0.09264778,0.17367525,-0.26534986,-2.2002845,-3.37324,1.4212686,-1.8172611,-3.412475,-2.0754626,-1.772239,6.1797633,-0.47519422,-2.5166092,0.25220254,3.903475,8.688663,0.09346532,6.036145
1.5026779,-0.029078627,-2.0021398,-0.83167464,-0.66127276,0.6002211,-5.519284,-7.2188115,-8.628733,-0.942584,-0.38576037,-0.0010767033,0.17123182,-12.30338,-1.3392904,0.53962356,-3.54095,0.2426066,0.004149841,-0.25594404,-2.1104593,-0.92812824,-1.6836711,-19.41171,3.8769162,-0.008908147,-0.3517787,-0.08728374,0.19073036,-1.0818912,-0.16607626,-1.0534949,-1.2110747,-4.4550223,-1.5669553,0.67307013,-6.938044,-0.5068962,-1.3255013,-3.1197135,-1.120114,-0.84001535,-0.13522224,-1.2699586,-4.870344,-0.5861485,-12.320898
1.5120826,-0.146125,-3.3335407,-0.86469406,-0.46107417,0.7795232,-5.109374,-6.851719,-8.031342,-1.4877454,-0.67732245,-0.005215279,0.46686688,-11.494443,-1.3336661,0.5987389,-3.492049,0.17784075,-0.042205226,-0.4486672,-0.59669435,-0.60717684,-1.5146017,-18.931055,2.0451615,-0.0075448058,-0.3046069,-0.10464885,0.20919381,-1.2301372,0.030211303,-1.1144778,-1.2307903,-5.689207,-0.48912767,0.3055961,-7.1055813,-0.74520594,-0.98694104,-1.9162875,-1.1624917,-0.8713139,-0.32594806,-2.1461353,-5.0329223,-1.0266762,-12.077281
1.5043207,-0.017342294,-1.7504362,-0.8165398,-0.5504382,0.6484064,-5.533043,-7.112468,-8.099951,-0.79685986,-0.43854177,0.021875154,0.12754822,-12.281467,-1.3712136,0.5201597,-3.516872,0.12232386,0.014664941,-0.2803821,-2.1109552,-0.9106783,-1.6897491,-19.373034,3.6065776,-0.027112622,-0.37002715,-0.071431525,0.21967976,-0.9104467,-0.16235393,-0.9687836,-1.1948941,-4.4423757,-1.3272802,0.65327716,-6.9372478,-0.47132388,-1.3010292,-2.905088,-1.0482749,-0.82954335,-0.094716035,-1.2604139,-4.889377,-0.5850619,-12.374978
1.4437687,-0.113232754,-3.4186285,-0.86266005,-0.57668364,0.2394808,-6.3607078,-7.2381854,-8.970146,-1.3725109,-0.38868707,-0.10248873,0.42329317,-12.146344,-1.2160028,1.2075377,-3.1680176,0.1722737,-0.6324645,-0.5145052,-0.98174006,-0.602957,-1.4988863,-19.621304,1.8272506,-0.06994155,-0.48849604,-0.081280865,-0.056927625,-0.8907762,-0.10695322,-1.0749707,-1.0444255,-5.980849,-0.809441,0.68970984,-6.869666,-0.48467538,-1.4273171,2.2301757,-0.9593783,-0.9966139,-0.2839111,-1.2627846,-5.1335406,-0.49178097,-10.926367
1.4436843,-0.15072994,-1.5065047,-1.1377212,-0.55125576,0.39470103,-4.973962,-6.949121,-9.974387,-0.8555277,-0.83144015,-0.04462803,0.107585154,-11.86868,-1.3594524,0.49838072,-3.223346,0.09428744,-0.326768,-0.35549855,-2.571929,-0.93484235,-1.4847112,-19.29816,3.6709673,-0.037228566,-0.110163316,-0.07498113,0.3901144,-0.951356,-0.13554272,-0.90116686,-1.0421599,-4.37621,-1.681027,0.3053665,-6.608335,-0.40718296,-1.6731169,0.72691643,-0.8023986,-1.0086144,-0.16965653,-1.9199345,-5.1859283,-1.0162796,-12.074316
1.4795811,-0.23961994,-1.062823,-0.8986949,-0.3985644,2.394219,-5.3032722,-6.896816,-8.07157,-0.6338562,-0.58874726,-0.03533648,1.5037975,-12.436235,-1.1315131,0.5505435,-3.5984502,0.053823225,0.045207325,-0.2657904,-2.175782,-0.90507084,-1.5606328,-18.90285,3.2236514,-0.04606306,-0.07305748,-0.09315499,-0.084919505,-0.76607764,-0.2355148,-0.9394167,-1.0548477,-5.741263,-0.22861958,0.67599094,-7.2438188,-0.3117514,-1.4279196,-2.1206105,-1.7689391,-0.7975145,-0.22136682,-1.7690903,-5.447405,-0.59344167,-14.869458
1.6578363,-0.018770048,-3.7479343,-1.0247406,-0.6774434,-0.46834037,-4.9892454,-7.7806687,-8.501633,-1.5111668,-0.39135376,0.22595467,1.8374349,-15.413259,-1.45682,1.1813577,-3.8692095,-0.2472406,-0.22941615,0.32101518,0.028283656,-1.2413278,-2.0286133,-18.247488,2.3470554,-0.21567138,0.05782287,-0.13771503,0.22769377,-1.1211679,-0.24621017,-1.5726413,-1.8372273,-5.7894335,-0.87691385,-0.48591438,-6.0304685,-1.1268177,-1.1136581,-4.3668475,-0.8556157,-1.0433882,0.044126004,-1.6913463,-6.0508933,-0.96534187,-11.847955
1.4893005,-0.036706742,-3.7524505,-0.92991275,-0.5338431,0.19426647,-4.747536,-7.6283417,-7.3999033,-1.3189207,-0.3456253,-0.24377692,1.9547281,-16.104797,-1.650892,0.750299,-3.8436208,-0.033206,-0.26794493,0.2887582,1.1433284,-1.1240882,-1.9430847,-17.64561,1.5605348,-0.1155333,-0.35314733,-0.10030152,-0.086058736,-0.98381907,-0.14740244,-1.6556321,-1.2335447,-7.4524674,-0.13224027,-0.5631732,-3.65896,-0.48875666,-1.2151155,-4.867379,-0.9272566,-1.2028769,-0.14171639,-1.6443522,-6.026813,-0.61575633,-12.976817
1.6645032,-0.06811305,-2.3045678,-0.9475938,-0.69688636,2.4473958,-5.4253173,-7.917813,-8.573038,-1.1534503,-0.40908834,0.053524148,2.4970174,-15.733372,-1.5878335,1.0167004,-3.674548,-0.0777294,-0.6912601,0.4139014,-0.38809088,-1.2189133,-1.9292722,-20.374958,3.5918207,-0.17571238,-0.5972807,-0.0816286,0.3401015,-0.99340165,-0.24035642,-1.2154257,-1.6640248,-4.2682314,-1.8200245,-0.33556828,-7.3050013,-0.70320565,-1.5893973,-5.153442,-1.1439083,-1.0251853,-0.3785793,-1.2443668,-5.672462,-0.7924339,-15.855195
1.5629125,-0.04842146,-2.2420678,-0.90637815,-0.75229603,2.3286135,-5.1873345,-7.9544797,-8.083124,-1.1853852,-0.37878212,0.10676329,3.0284743,-16.130718,-1.4726064,1.0315305,-3.947707,-0.09608041,-0.68743426,0.35125014,-0.73919874,-1.2900519,-1.901708,-20.360085,3.6155636,-0.1917982,-0.54019606,-0.10028365,0.27907333,-1.071887,-0.0633075,-1.1958902,-1.6592395,-6.731454,-1.8830308,-0.19756208,-7.407823,-0.74701273,-1.9035107,-4.919089,-1.1966406,-1.0817764,-0.34008068,-1.2276897,-5.685687,-0.85079503,-15.37829
1.2255105,-0.30574587,-3.3985558,-1.684002,-0.79671013,3.4356134,-4.7437344,-7.8305774,-6.675492,-1.8202394,0.5995707,-1.2273928,3.0521271,-15.809324,-1.9956788,0.059842996,-3.8254294,-0.076960966,-0.09383453,-0.38564265,1.1738176,-1.014139,-2.3283634,-20.096306,-0.4849905,-0.24945053,-0.32623166,-0.05257343,0.053541936,-0.7342439,-0.3492863,-1.6061579,-2.766764,-7.6667085,-0.024198135,-0.7240194,-8.357165,-1.1007981,-0.7473279,-1.927691,-1.1085066,-0.80068725,-0.15503083,-2.592863,-1.466369,-0.61228806,-14.650028
0.8841649,-0.099520534,-3.146835,0.018256685,-0.4134079,-0.3111838,-5.4899383,-7.6238503,-7.3034143,0.11228532,-0.76042527,0.5542599,1.7992029,-15.973613,-1.6761835,1.2614615,0.55686265,0.5914269,-0.40187287,0.14559452,1.1578469,-1.1251864,-2.4634588,-18.448183,-0.1862978,-0.19196838,-0.23211147,0.12866832,0.03107906,-0.37051073,0.5280578,-1.4762436,-1.4171387,-5.471501,0.4185721,-0.20062833,-6.8479195,-0.4590342,-0.6487268,-4.4691086,-0.7523789,-1.1643541,0.15136515,-1.28318,-4.0376105,-0.99702835,-11.397159
0.39152762,-0.25546327,-3.044928,0.09480729,-0.5921007,-0.48032558,-6.8833222,-7.5627193,-7.369956,0.18966639,-0.5546534,0.35485405,1.6090252,-15.206662,-1.6763545,1.2680159,0.4435263,0.56077,-0.6039953,0.4204691,0.84422797,-0.9060586,-1.9167941,-17.619535,-0.44670075,-0.07425805,-0.06603807,0.116888046,-0.21936329,-0.44019362,-0.2544473,-1.8093165,-1.6674199,-5.4134293,0.48630604,-0.7122531,-5.851292,-0.5397502,-0.73018384,-4.2257023,-0.8155462,-1.074429,-0.15011203,-1.0593427,-3.6901817,-0.73185635,-10.442346
-1.0841035,-0.07741573,-3.7778814,-0.23696288,-0.47141474,-0.06353139,-4.7492843,-8.267984,-7.7385426,0.28787008,-0.5147543,0.46919715,1.5795665,-15.318822,-1.8727094,1.2022223,-3.149526,1.005752,-0.48413512,1.3818294,0.34779826,-0.26903683,-2.2519724,-15.325879,-0.5516839,0.13278139,0.31455314,0.08134314,0.0628675,-0.64067084,-0.22773959,-1.256688,-0.93965375,-5.5226765,0.11036012,-0.4405188,-7.051981,-0.092852585,-0.8796613,-4.07582,-0.6419245,-1.1199173,-0.70981365,-1.4860202,-4.0532017,-0.72839975,-11.405069
0.9175205,-0.14035244,-1.9721842,-0.10283087,-0.56815845,1.3675829,-4.605057,-7.776352,-8.436417,0.23839734,-0.75043267,0.20863134,1.2112441,-16.340712,-1.1074094,0.71306145,-2.959105,0.639135,0.16838855,0.53299206,-2.0163076,-0.31511867,-2.2409582,-17.142994,3.6756546,0.073907,-0.054028433,-0.073316745,0.10269548,-0.8139653,0.47419798,-1.2812141,-0.4818827,-4.0702686,-1.3002607,0.38116276,-8.103015,-0.049909014,-2.011913,-4.476414,-0.4505683,-1.2355597,-0.2077054,-1.1427306,-5.546035,-0.5149232,-14.490502
0.54584897,-0.14352311,-3.289421,0.29200038,-0.65298,-1.4198792,-6.217129,-7.540226,-7.261784,0.08553305,-0.43946922,0.5020328,1.855605,-15.192527,-1.8043108,0.86331594,0.3375771,0.49593642,-0.26587906,0.1574835,-0.34953365,0.2678425,-1.7961104,-17.765348,-0.8492409,-0.24327502,-0.1240413,-0.05347574,0.10053705,-0.5881817,-0.25038338,-1.5070587,-1.7357342,-5.31242,0.50734025,-0.6387265,-6.605137,-0.873234,-1.1731454,-3.425186,-0.9392831,-0.9807579,-0.09778284,-1.1547267,-2.087567,-0.46424067,-8.921335
-0.73817295,-0.046481907,-3.2166016,0.005250566,-0.77291155,-0.8567592,-7.361268,-7.534972,-7.4349117,0.07646041,-0.38854495,0.39149842,0.89781684,-15.772878,-1.8265578,0.980316,0.51638556,0.7655305,-0.095428705,1.1317211,-0.15777351,-1.1546087,-1.6441768,-17.55164,-0.39415452,0.01801552,-0.2266221,0.010621524,0.043714765,-0.6158897,-0.1531482,-1.4418577,-1.2723513,-5.8058143,0.42325836,-0.7312526,-5.6262317,-0.118277304,-1.3791047,-3.836168,-0.6044589,-0.75442624,0.11183413,-0.9761349,-3.4113946,-0.70168054,-9.725283
0.2900458,-0.2204855,-3.2228594,0.18059808,-0.69340813,-0.76839656,-6.521439,-7.515478,-8.749468,0.034174528,-0.5869254,0.2328154,0.41384858,-15.737174,-1.5562813,1.0415366,0.37539425,0.41304556,-0.26729214,1.3983266,-0.310067,-1.1129345,-1.9431537,-17.634172,1.7459893,0.058297627,-0.31748864,-0.11853056,0.057892755,-0.78794223,-0.11127424,-1.7212586,-0.78222567,-5.2229004,0.26294497,-0.46801877,-3.6861885,-0.6934819,-1.7924114,-3.3520749,-0.5810803,-1.4074322,-0.07601301,-0.85524267,-4.8555837,-0.617292,-10.620339
3.173766,-0.51974946,-0.69349116,-1.4924829,1.6259502,8.447193,10.792976,9.608938,-2.3713078,-4.3139915,0.8824781,-0.24107726,5.4544096,35.043846,4.5029817,-0.071598046,-0.6976979,-0.044957407,-0.5438625,4.4945555,-0.5501002,-0.3357487,-1.8982947,36.92401,-2.777101,-0.28892174,0.053541925,-0.19366612,1.3302764,-1.3009355,-0.72555596,-2.04912,-0.61907953,1.9545417,1.2802002,5.5798783,17.874733,-1.7141458,-0.4662091,3.9120655,0.15736967,-2.4888914,0.39722055,3.4257917,12.780869,0.03946226,28.700169
2.0711737,-0.6038305,-2.0766556,-1.114918,0.12838292,9.204853,12.263449,2.7118385,-3.0901902,-3.9644184,0.92778325,-1.0945493,-0.32210177,28.673697,4.7186656,-0.61221707,-0.68771017,-0.27565244,-0.88558626,1.8671775,18.393925,0.62764174,-3.2128904,32.470238,-3.5376089,-0.4417488,0.10141632,-0.19132118,0.9910215,-1.3374853,-0.23383921,-1.051406,-1.7885689,10.005598,1.2331729,5.358439,13.222263,-1.7954564,-0.3398342,6.0370727,-3.2790093,-1.3870081,0.68119055,3.4610868,10.219123,0.15782486,22.097393
2.6962059,-0.3435095,-1.1386293,-1.2074745,-0.40584174,14.194656,14.666977,-10.041361,1.1572504,-1.0880429,-0.5145928,0.049681682,-1.7989677,24.410603,0.61804533,-0.3035178,-1.1869855,-0.41837853,1.827711,6.7857337,-1.8071088,0.22701016,2.6668782,31.910997,-2.2648778,-0.5190989,0.30143133,-0.14011936,2.380351,-1.5664474,-0.056151487,-2.12769,-2.886488,12.286251,1.2956954,4.679241,15.744823,-0.56491476,3.82927,7.3605947,0.5646978,-1.242536,0.6105967,4.538652,19.797247,0.09761108,26.740822
3.8161507,-0.37918565,-1.0601996,-1.3890376,0.401819,11.837317,14.972618,4.4127297,-2.5007298,-0.8564652,0.8471378,-0.74117404,0.35094848,25.155539,4.5679054,0.6292815,-0.5449569,-0.06804442,-0.65285367,4.745316,-0.6125271,0.2967772,-1.2126179,30.163368,-3.0485728,-0.77424157,0.27291876,-0.351868,1.2425311,-1.3739144,-0.3892502,-1.2889746,1.3658642,8.459333,1.6009661,3.8669994,17.153385,-1.1237848,-3.0147028,7.935643,0.54570544,-1.8253789,0.55513483,4.718979,9.189488,-0.06516027,27.595032
2.7311234,-0.49019897,-1.7970756,-2.9839597,-0.25247017,8.885743,7.7645717,10.841951,-2.784344,0.091764174,0.5904585,-0.9670641,0.5980644,28.45671,7.101061,0.075921245,-0.677823,-0.3108467,-1.5181179,0.41424662,0.28616095,0.6651176,-0.10400101,33.84366,-3.439222,-0.6231941,0.35733303,-0.52968425,1.3588588,-1.5782094,-0.31040892,-2.034454,-1.4803281,9.813462,1.6375986,3.1916962,17.45043,-0.7296045,1.8095315,3.7945619,-0.7999349,-1.6552603,0.6104555,3.750813,11.011689,0.031241193,31.257357
2.46858,-0.7885286,-0.63361907,-1.0562224,-0.31099156,12.403646,12.0599985,3.632659,-4.2028723,-0.93014485,0.77091557,-0.40397707,-0.007164298,24.377235,5.102473,-0.1701218,-0.4941819,-0.31393468,-1.379597,6.916945,6.073303,0.106296785,-1.3189493,28.840292,-2.5361314,-0.96373534,0.3150626,-0.16051616,1.0956655,-1.0480268,-0.24397658,-1.2497578,2.4320202,9.032749,1.5561796,5.669623,-4.9887104,-1.2690502,1.7194766,6.1715045,-0.07359501,-1.9242833,0.17576581,6.4978337,12.789559,0.14245382,26.577974
2.794354,-2.0394378,-1.7647743,-1.040601,0.76674116,12.527761,10.72616,2.1403801,-3.6283977,-3.409544,0.58888143,-0.8656615,-1.5764544,24.645456,5.6847963,-0.17366876,-0.9312791,-0.28562495,-0.32633284,0.9684362,19.053633,0.99983436,-2.2598433,28.425842,-4.6748815,-0.7034016,0.11312121,-0.06709103,0.92201495,-1.4290371,-0.051405605,-0.5696343,-1.2010268,9.5266075,2.1331682,3.9136834,14.711114,-0.43259987,12.597756,5.6672225,-0.26908484,-2.5722003,0.10496177,3.749341,9.538392,0.363815,20.899414
2.222174,-0.26594177,-1.9861845,-1.6156455,-0.25298727,-4.5520897,-7.17384,-7.650959,-9.388309,0.18511952,-0.8423038,0.3740639,0.9744267,-13.206595,-2.6289954,-0.0501861,-0.14970967,0.11135543,-2.7544484,0.1120957,1.7447549,0.38952678,-0.60246927,-17.322145,-2.1243813,-0.24824762,-0.12101619,-0.02433565,-0.3892643,-0.5990655,0.12765875,-2.219214,-2.0032818,-6.4515,0.1489713,-0.5447742,-7.49959,-1.9726131,-1.6286832,6.406025,-0.2386264,-1.2382377,-0.050739557,3.374299,-2.7812362,-0.4727277,7.609687
-0.26481763,0.0040728967,-3.6269293,0.20436706,-0.54898256,-1.8732767,-4.2270713,-7.0256505,-6.3150134,-0.56743824,-0.9284115,0.5816864,0.51080555,-14.085445,-1.1360817,0.6079691,0.2742467,0.39599586,-0.61643124,0.2832933,1.9294946,0.3709121,0.6053418,-17.799288,-1.9374939,-0.077766486,0.10538401,-0.12523872,0.05561317,-0.49847484,-0.2333037,-1.3129616,0.43889576,-3.7691917,1.5011806,-0.11185991,-7.11796,-0.6275872,-1.7422018,-1.5002258,-1.115615,-2.2154837,-0.10057867,-1.1108594,-2.6208854,-0.32888523,0.22169957
-1.0882039,-0.050121464,-1.2435813,-0.2918136,-0.67600936,-1.4626515,-5.4007673,-8.70094,-8.347894,0.51440996,-0.8872653,0.45700938,0.57779187,-14.506665,-3.0554185,0.849209,0.19398029,0.11363533,-2.236046,0.5118084,0.79836816,0.4852297,-0.47533453,-16.625542,-2.6603124,-0.08710494,0.19149822,0.022452028,-0.08730144,-0.3432098,-0.13781264,-1.7529219,-1.4997457,-7.7909546,0.77705026,-2.884303,-6.680178,-2.4751678,-1.769207,7.3786426,-0.21987605,-2.920612,0.19210972,-1.0401809,-2.4990633,-0.31803524,9.730471
-1.6604749,-0.19697447,-1.4548925,0.6145624,-0.88211435,-4.1289463,-6.6057425,-7.368702,-10.109739,0.11295267,-0.7720619,0.4980971,0.33947405,-14.268692,-5.7857227,0.43682036,0.04695953,0.38615945,-3.0148237,0.6436126,0.6879504,0.26560438,-0.14723937,-15.526522,-3.9019828,-0.083968826,0.20913921,-0.12759377,-0.049912684,-0.6342123,-0.12262892,-1.3084117,-1.9755281,-7.917965,1.2083627,-1.4889249,-7.8866205,-3.9070175,-1.5593177,5.1980424,-0.14328721,-1.2449013,0.10324062,-0.08990839,6.056186,-0.13289444,10.147609
0.3697631,-0.13097702,-3.2344153,0.3191747,-0.50117975,-2.1075783,-4.0053535,-7.028401,-8.38633,0.5806676,-0.84568304,0.52573985,1.1101848,-14.327519,-1.4818997,0.1090487,0.41051894,0.27808198,-0.63085496,-0.27988502,2.109496,0.34350568,0.90676445,-17.127893,-1.2652348,-0.08782281,-0.008815934,-0.15512404,0.8929576,-0.86007726,-0.11444486,-1.5149255,-1.8893806,-2.6439435,0.71033126,-0.5843827,-4.0904684,-0.11111875,-1.4728141,0.19995648,-0.4770867,-1.9492602,-0.028292272,-1.082607,-3.475374,-0.32557607,-0.6016032
-0.29178622,-0.07380891,-1.6896601,0.034079537,-0.44521978,-2.2157016,-8.818705,-7.093382,-7.0339375,-0.7229366,-1.1574461,0.4370706,1.4875777,-13.7543335,-1.2814137,0.16826215,0.1600217,0.28945923,-0.6651353,0.09718278,1.1078334,0.06457277,0.5310906,-17.406803,-1.810254,-0.11837692,0.11873503,-0.13086362,-0.14661244,-0.40285006,-0.23987536,-0.6710665,-2.095529,-5.014548,1.5841029,-0.83646303,-6.415947,-1.2101438,-1.4796948,6.235196,-1.1028519,-1.2778921,0.36748528,0.22759348,-1.9936051,-0.6292955,-2.0967705
0.08453961,-0.13649638,-2.3949754,0.77575976,-0.89629954,-4.982323,-7.1838083,-7.136321,-10.377138,1.069648,0.5813032,0.69643366,1.5487851,-14.8,-7.774123,0.64417344,0.006891265,0.04491966,-1.7963048,-0.543491,0.89303094,0.35722035,0.08899456,-15.860979,-2.852781,-0.17035532,0.124026306,-0.033487935,-0.23114377,-1.1632948,0.08855156,-1.3189974,-2.6855547,-10.804955,1.2033101,-2.113213,-4.170135,-4.069938,-1.5376832,5.1521077,-0.2807519,-1.4036834,0.09193481,2.8309436,5.279226,-0.07406435,6.2046957
0.426491,0.53067636,-1.476088,0.4717789,-0.35195407,-4.467336,-6.479952,-6.2982993,-10.407966,0.66254747,-1.3061103,0.592388,2.2674308,-12.980087,-0.28133458,0.37364954,0.20543513,0.22031464,-1.1600584,-0.22487088,0.78711194,0.19951351,-0.6429177,-14.630968,-0.6463298,-0.17350817,-0.04499911,-0.11636826,1.0365611,-0.79552907,0.48196158,-1.4631146,-4.493729,-9.379372,2.0143652,-0.44325286,-4.7546043,-1.728897,4.1463423,6.1744175,-2.3993258,-1.2970089,0.3026885,-0.15125853,-0.6462369,-0.13895701,-1.5532954
-0.3309838,0.09067018,-1.7028909,-0.21464314,-0.6206958,-1.7477382,-8.192486,-3.9974892,-8.407172,0.30209818,-1.0103533,-0.14004675,1.1214528,-12.867023,-1.3672532,1.9746717,-1.286722,0.5192017,0.06381741,2.4754438,-1.9385103,-0.26481235,-1.3037441,-17.66199,-3.4378633,-0.10421217,-0.41152737,-0.22570382,0.5011147,-0.7342625,-0.48935863,-1.3947284,-2.9928138,-5.412681,0.7326417,0.4912795,-6.400483,-0.3453069,-0.27444232,7.218659,-1.0165397,-1.2270584,0.31420958,-0.102603294,-0.023425695,-0.54801685,-4.9277935
0.37477922,-1.3404825,0.32194564,-0.45234534,-0.33113426,4.004305,-2.1162853,39.679123,34.019985,-0.53209996,0.8442937,-0.8008474,-0.8990723,37.919678,12.645926,-0.039073676,1.1287793,-0.7058626,-0.062215835,1.0997895,19.812578,-2.954415,5.6476316,46.192123,-0.4296258,-0.69264245,0.17322934,-0.004583505,0.36635566,-1.1933948,-0.53910714,2.7270124,-1.376756,2.4266737,1.256201,0.21211337,20.855913,1.87005,16.528404,2.0887382,0.37829763,6.370583,1.0257616,-1.631759,6.75966,-0.39186668,20.129614
1.5118984,-0.17455885,-0.5409828,0.73458326,-1.6037703,5.5221252,1.2770193,-11.525495,-6.636962,-1.3477485,-0.5692644,0.0044638384,4.896347,-12.447521,-1.9582533,0.057549156,-0.08270053,0.3885676,-0.0005124725,-0.23047882,-6.6909165,0.6027627,-4.3316956,-19.585478,-1.301781,-0.6398451,-0.3646559,-0.20456563,-0.60407704,-0.3938565,0.15411817,-1.7044207,-2.021089,-1.0059036,-1.5925374,0.37454453,10.000912,-1.173933,-0.80123794,-5.0107303,2.2856224,-1.4659652,-0.34696534,-7.455824,-5.461782,-8.845673,-14.55519
1.5434557,-0.40915874,-1.7563114,-0.29679853,-1.3215096,4.01766,-3.3452387,-8.447962,-6.449841,-0.683368,-0.77329427,0.27815804,2.2600274,-15.061342,-2.0483353,0.9960668,0.23978099,0.2998297,-0.08113574,-0.20346905,-4.815274,0.18706936,-3.0347562,-20.03467,-1.6861035,-0.4241999,-0.47371262,0.0040366766,-0.7653898,-0.32975608,-0.002956215,-1.0956141,-1.643317,-1.8932157,-1.3044126,-0.5496325,12.431058,-1.6498718,-1.1941115,-3.982623,-0.38424635,-1.125911,-0.50083804,-7.6651196,-4.449363,-3.4035976,-13.448651
1.535985,-0.2031151,-0.45209083,0.10353794,-0.73654735,2.4876137,-1.4289339,-8.019675,-4.569695,-1.1300727,-0.4697809,-0.1687016,-0.10790543,-13.633437,-2.305713,1.2820426,0.056680195,1.0769703,-0.1101688,0.62026733,-5.014042,0.15560536,-2.1047716,-17.977797,-1.4003446,-0.35839513,-0.6827634,-0.24381623,-0.54298776,0.11141738,0.002006945,-1.5437369,-1.3038814,-0.6923668,-1.6335127,-0.9487748,-3.9191768,-1.3543977,-1.0094686,-4.0843906,0.6533198,-1.5090538,-0.43956327,-2.0976975,-5.10505,-1.7093003,-13.858211
1.2260041,-0.124279745,-1.3236238,0.30023712,-1.1922914,2.842714,-1.2260345,-7.3995333,-2.4175692,-0.8699386,-0.4882408,0.09800841,2.559145,-14.404101,-2.1960225,0.032556154,0.20994997,0.20346385,-0.012454088,-0.39982516,-3.7303178,0.3924005,-1.7987823,-19.43738,-1.4218556,-0.16060254,-1.391273,-0.12474014,-0.42939508,0.4813742,0.07297191,-2.259912,-2.0636106,-2.2875743,-1.5408958,-0.5020959,-5.8458457,-1.271531,-0.6542889,-4.1266713,-0.32783753,-1.1262101,-0.14392458,-2.216922,-3.631103,-0.5630577,-14.321088
1.4137512,-0.12089578,0.36889634,0.25869715,-0.5848284,3.3732698,-1.1794432,-7.553688,-3.909097,-1.0232651,-0.43289182,0.012065751,2.289393,-14.430422,-1.6736289,0.7223512,-1.6793702,0.41296977,-0.11020849,0.25456718,-4.424475,-0.8982234,-1.9325467,-19.48855,-1.3671,0.097542815,-0.5254198,-0.038356863,-0.16581616,0.14060353,0.2774676,-1.7622039,-1.3362819,-1.9026374,-1.2797304,-0.8805621,-4.725269,-1.2041082,-0.62841153,-3.8608716,-0.8409394,-1.1938127,-0.43257993,-2.485113,-5.056859,-1.612248,-13.922921
1.8543167,-0.16178663,0.5180477,0.21897429,-1.3735594,4.125146,-0.7266709,-7.2581863,-5.8024583,-0.9684135,-0.3179741,0.14213845,2.3764527,-14.330443,-1.7414815,0.66407955,-1.259279,0.5728026,-0.15086558,0.6107871,-4.2392097,-0.6844622,-1.6614388,-19.717813,-1.4612973,-0.42126793,-0.23199423,-0.07037928,-0.015627252,-0.04405652,0.10231974,-1.9939778,-0.94126123,-0.75907904,-1.4857911,-0.18690392,-5.9651003,-0.37879503,-0.7077877,-3.921665,-0.29137954,-1.4897676,-0.51094157,-2.707956,-5.3894973,-1.0140755,-14.793207
1.9194386,-0.19790122,0.26864406,0.27018642,-1.2968782,4.1943197,-0.34283555,-7.8783565,-5.2028346,-1.0813416,-0.3485732,0.23376298,0.9277927,-14.028287,-1.6318773,1.0987691,0.11053299,0.6353195,-0.016339462,0.4485237,-4.4265065,-0.7730959,-1.7795154,-18.089928,-1.4474672,-0.43917358,1.8246555,-0.08191028,0.22912648,-0.332273,0.27154145,-1.8525056,-1.1648957,-0.711095,-1.9487169,-0.83333266,-6.1205907,-0.6604198,-0.773602,-4.190068,-0.8154963,-1.446658,-0.3662265,-1.6241077,-4.366078,-1.4669994,-14.877876
1.6746688,-0.07690122,-0.3647151,0.16143563,-0.6467221,2.7514048,-2.7675354,-7.8021626,-3.2698238,-1.2837859,0.010296705,-0.0173079,0.6689099,-9.686728,-1.5830498,1.1733829,-2.009284,0.6271462,-0.11648954,0.8916667,-4.9038267,-0.08840826,-1.8235226,-17.467146,-1.5034571,-0.38039413,-0.75016165,-0.06807625,-0.25013813,-0.23437296,0.27175435,-1.5436076,-1.4489478,-1.3370278,-2.1908271,-0.64829826,-4.7183914,-0.22585498,-0.8324359,-3.8865864,-0.95109695,-1.2824141,-0.33709618,-0.2718293,-4.6499248,-1.7447114,-13.898198
1.685184,-0.1369027,0.020167075,0.152038,-0.83960116,4.262567,-2.1785588,-8.353924,-5.7704015,-0.7286686,-0.5847005,0.23941292,0.35002023,-15.248753,-2.0509763,1.1467496,0.22572769,0.5140666,-0.632806,0.63607156,-5.5921235,-0.6321252,-2.1147976,-18.277472,-1.9197958,-0.27828977,-1.3622497,-0.058500096,-0.12529169,-0.5534323,0.24313335,-1.5477368,-1.1437851,-1.4261115,-1.9336631,-0.53681064,-2.511025,-0.49611533,-0.8956358,-2.5815146,-0.43356165,-1.2971371,-0.53966814,-2.252073,-2.8970487,-1.3280246,-14.646346
1.1964743,-0.26464328,-0.518277,0.24400634,-0.85369337,5.213015,-1.2457912,-7.1974936,-3.3175812,-0.93315625,-0.46647713,-0.23415191,1.2130812,-12.1090765,-2.1129205,0.8060995,-0.01599432,0.57540673,-0.51921624,0.58689374,-5.8764467,-0.7629459,-1.4605724,-18.537746,-1.0876715,-0.22406258,-0.21787807,0.17232575,-0.30850732,-0.50335187,0.125267,-1.8721744,-1.9047556,-0.9121871,-1.6489668,-0.43910483,-3.8060808,-0.7151987,-1.2268949,-3.9539735,-1.6203536,-1.5476537,-0.6143251,-3.4789991,-6.569915,-1.6873443,-13.84764
2.0104582,-0.045771886,0.25831527,1.7750224,-1.1812817,5.6544538,2.7979617,-6.7300444,-10.413782,-0.36110526,-2.1804821,0.088437304,3.3761535,-16.77774,-1.3128682,1.0707892,0.064126916,0.5559005,-0.08351552,0.7309365,-4.919178,-0.036072325,-1.0682882,-19.531027,5.3362236,0.19519058,0.5221451,-0.03648648,0.23917678,-1.0961635,-0.083678216,-0.08906506,1.5918988,4.9565897,-0.31704387,0.18002667,-8.275486,-0.40691057,-0.87858874,-7.2614512,-0.1615477,-0.7864506,-0.51590693,-3.9245932,-9.308451,-1.1624546,-16.38742
2.0722024,-0.27583838,0.29983762,0.69449365,-1.1174281,4.8293715,1.0772493,-6.8907037,-9.113219,-0.91425145,-0.4977254,-0.0029743412,3.7574773,-16.943035,-1.4417301,1.2195992,0.029167918,0.59141916,-0.12837864,0.059025977,-3.43987,0.4416716,-1.3758193,-19.457363,5.2852535,0.22492263,-0.13389862,-0.028265225,-0.14154477,-0.697072,-0.090390906,0.058370702,2.0010567,1.705548,-0.329882,0.01672006,-7.348017,-0.3340471,-0.74451506,-4.3652925,-0.2174753,-1.3830417,-0.445207,-3.0004222,-9.363674,-1.1613331,-17.05086
2.0886831,-0.22781229,0.24761753,0.69390357,-1.1253124,4.9375577,1.0250101,-7.006215,-9.599006,-0.85754216,-0.71092594,-0.006193805,3.6804807,-16.754234,-1.4584997,1.1525323,0.041737333,0.60860825,-0.14146818,0.040740892,-3.4575207,0.43133703,-1.2502576,-19.360779,5.749463,0.19792402,-0.1271608,0.008589287,0.28137723,-0.9613851,-0.133523,-0.047291644,1.9985662,1.6469834,-0.26803252,0.010409192,-7.0902977,-0.36428085,-1.1100075,-4.089386,-0.1680092,-1.3028352,-0.4177038,-3.2392328,-9.79379,-1.0373373,-16.928875
2.0649083,-0.15275471,0.26417756,0.47669545,-0.5238602,5.2863855,3.9951553,-6.785586,-9.7422085,-0.95925504,-1.7377994,0.06668788,3.3817701,-15.905149,-1.3876444,0.45132902,0.13241294,0.6648317,-0.11812515,1.9174299,-5.1683025,0.41936785,-1.2641745,-19.282526,5.4330482,0.25107285,-0.191209,0.075078614,0.20476027,-1.0524459,-0.09117996,0.16149792,2.0563984,1.0185796,-0.23461576,-0.20793551,-8.19377,-0.54586965,-0.6391627,-4.7947087,-0.22562824,-1.2699213,-0.48144132,-3.0929751,-9.970952,-1.1770173,-17.06998
2.1093276,-0.18092254,0.24159722,0.6983292,-1.1268561,4.862698,1.1551483,-6.8846745,-9.625631,-1.0436257,-0.80002296,0.007368496,3.6929028,-16.94421,-1.4492668,1.1908027,0.04441972,0.5923923,-0.11601604,0.07988919,-3.632673,0.43756795,-1.4197613,-19.38984,5.868441,0.21219872,-0.15906355,-0.012653157,-0.070262164,-0.68427074,-0.07862462,-0.3834203,1.909141,1.5996118,-0.22331949,0.008725387,-7.2135425,-0.7894471,-0.7055838,-4.0007358,-0.19081745,-0.40351218,-0.36706623,-3.188699,-9.796917,-1.0266489,-17.28531
-5.0286202,-0.06641579,-1.272342,1.2584089,-0.9845824,-5.4220505,-7.3240647,0.18247077,1.4360138,-0.97042954,0.72487545,-0.29567894,-3.1997035,-3.438018,-9.055152,0.91717243,-0.83002836,0.008975533,0.32382745,0.52163047,26.832588,0.07194533,-1.9517921,16.049356,-2.9801784,-0.600231,1.2175246,-0.093436904,-0.39144695,-1.595779,0.30354553,-1.6693847,-1.7966113,-0.7571827,0.52998,-2.615881,-4.666514,1.7718284,-1.8583515,7.3927703,-1.7489476,3.6518147,0.9224387,4.022595,6.0733666,0.16332501,14.612775
-5.9977736,-0.6316493,-1.0322217,0.9923631,-0.29168516,-12.304505,-7.7853928,2.3797522,0.49143937,-1.1493125,1.0897249,-0.8097307,-1.17941,11.757638,-5.874123,0.04526895,-1.7024798,-0.20508093,-0.5297824,-1.2333294,23.739328,0.21240635,-2.373979,15.015561,-2.4275026,-0.46602535,1.2623615,-0.09261045,-0.20595336,-1.1488063,0.24664031,-1.4121209,-1.1923287,-1.7287039,0.94519293,-2.9957204,-4.159738,3.5493772,-1.2100414,2.0182457,-1.3730471,3.394613,0.62190366,3.9496756,5.760868,0.14837293,12.366101
-6.3243256,-0.57616466,-0.3958621,-0.95460755,-0.25468117,-11.34454,-9.231824,3.808989,2.1671345,-0.97642523,0.9066344,-0.5991133,-2.118261,12.805347,-6.97136,0.16328216,-2.1957462,-0.24857855,-0.37556997,-0.6066738,23.96978,-0.15467326,-1.0346742,17.636463,-4.258708,-0.84346545,2.097588,0.04184969,0.3367421,-0.643814,0.16333365,-1.1586375,-1.2046809,-5.98319,0.28580934,-2.3737054,-3.5806355,2.9357405,-1.7739542,2.8056204,-1.1524493,3.437102,-0.991018,3.449906,5.446226,-0.034287333,14.054073
-6.3637733,-0.37482533,-0.17917964,0.256378,-0.60426635,-12.759897,-6.956277,2.2541754,1.9937751,-0.8054599,1.0207888,-0.96853393,-2.0735774,13.088453,-4.0892262,0.091720045,-2.2407928,-0.2551969,-0.56957597,-0.06971494,23.0771,-0.69698435,-1.8342311,17.11335,-3.58623,-0.54891783,1.362678,-0.15027294,-0.06984393,-0.6549343,0.30529225,-0.32065034,-1.1766162,-7.692515,0.40756705,-2.5113516,-3.5179794,3.844498,-1.2280619,3.6394548,-1.4081529,3.2987306,0.3469853,3.4595287,5.6407447,0.046989962,13.160224
-3.2839594,-0.15433529,-1.457689,0.3267577,-0.40643242,-9.642873,-10.278422,0.919615,0.5346755,-0.8251206,1.0397766,-1.5870103,-2.0556724,-8.362569,-1.1369095,-0.22378577,-1.5134081,-0.24196348,-0.78171957,0.5170896,27.071192,-0.62678796,-2.235395,14.3561,-3.2073834,-0.92290807,-0.22187765,-0.28338733,-0.48829213,-1.6993722,0.101539366,-1.1564019,-1.2299154,-6.335853,0.6448858,-2.6247473,11.390514,4.071513,-1.4752606,8.791022,-2.1662896,3.8827517,0.6163653,-0.47791272,6.029797,0.16559291,15.103465
-6.177652,0.25294846,-0.54566276,-0.55957824,-0.4243726,-15.031874,-12.482651,-0.4860757,0.1375542,-0.47799054,0.9884731,-1.1978091,-2.2833586,10.40074,0.29177782,0.2976975,-2.3911638,-0.22039951,-0.44648975,-0.71037984,20.256472,-0.28421766,-1.8472948,16.365566,-0.11104872,-0.5737957,0.064758375,-0.057738166,0.29295656,0.047699213,0.031287037,-0.5583764,-0.76580966,-7.9963627,-1.1457704,-2.2797883,11.443133,1.0314806,-1.7759705,3.7044115,-2.121619,5.3329873,-1.0877107,1.7415707,6.573667,0.21544519,12.835961
-5.9058847,-0.112022735,1.2875717,-1.8689628,-0.2951254,-17.129984,-13.1109085,3.6650686,25.999695,-4.9151073,0.91008943,-1.8541979,-2.3963344,15.091085,5.045003,2.6593397,1.1977019,-0.65252125,-0.18544887,-14.810036,18.260908,-0.42134073,0.3633515,25.491638,4.755172,-1.2057333,0.6857674,-0.19363993,0.14055099,-1.2258823,0.052867893,0.8997839,-1.0181671,-7.78851,-21.227808,-1.851082,14.799953,2.591145,-2.6061988,2.305123,-1.062551,5.3012705,-1.518026,1.196949,10.356682,0.5780788,17.85393
-6.3767996,0.031737465,-0.6624336,-0.8415031,-0.33219728,-15.543754,-10.233299,1.0562646,3.958823,-0.97790456,1.1844726,-0.7715321,-1.8195671,-3.6181102,-0.73271936,-0.08798565,-1.6922499,-0.33510557,-0.56218326,-0.6699581,21.915327,-0.88751084,-1.7172955,16.810751,-1.2185029,-0.70968974,0.11181181,-0.17990948,-0.24062224,-0.32575333,-0.03339145,-0.6673319,-0.88843536,-7.2109566,-1.2471297,-2.8696268,11.333964,2.1874025,-1.9796345,9.933165,-1.5648624,4.4130692,0.4179982,2.003117,6.42447,-0.08759502,13.732936
-7.0805554,0.15319604,0.23711027,-1.3122851,-0.8979532,-19.716358,-15.95099,3.3536265,2.2773635,-0.91565734,1.1819576,-0.9382095,-2.4006765,12.142582,1.0112317,0.31078133,-2.4843519,-0.2630521,-1.2488279,-1.2418602,20.405428,-1.1018802,0.5545244,19.40804,-1.7635413,-0.75703496,-0.12633167,-0.15396018,-0.20171084,-1.0987914,-0.13940716,-0.65785897,-0.68990374,-9.869867,0.5868256,-2.004498,12.08989,2.6642184,-2.4342122,2.586952,-1.3266386,4.323639,0.80400723,1.7515007,6.353368,-0.09551516,12.796878
-3.2594721,-0.61331356,-1.9227303,-1.0684506,-0.7087589,-3.785831,-4.096338,-9.6836405,-0.90496296,-0.74766093,0.568266,0.6950699,1.0243267,-11.227219,-7.3114448,0.15734018,0.06945133,0.1355394,0.7614012,-0.19467142,2.3312793,0.35675308,-0.40275118,-13.626115,-3.5568764,-0.33804777,0.016423507,0.28698337,-0.490767,0.24242567,0.30607405,-0.35583964,-2.4692671,-5.0568213,1.6373988,-0.29206306,-3.4167411,-2.3789687,-0.975689,7.464573,-0.322133,-1.9311465,0.24672939,4.643185,7.907665,-0.060901247,7.82473
-2.1575823,-0.6267878,-1.6581738,-0.37553096,-0.57037693,-5.3700385,-4.495312,-7.6779675,1.6831125,-1.2906755,1.5161027,0.4659151,1.7114638,-11.192054,-0.9413185,0.9837915,0.12431224,0.11907595,0.33181143,-0.23245175,2.9023995,-0.0018600251,1.6820242,-13.641678,-1.1784549,-0.0880792,-0.16296288,-0.05113306,-0.118457295,-0.34470516,0.121670544,-0.8121957,-1.0190154,-3.5176773,0.62348,1.3961201,-4.8449636,-1.2265735,-0.5928531,9.270497,-1.0357847,-0.460864,0.046756495,0.27859423,-0.38960877,-0.08834447,-1.0317006
-2.5284839,-0.14371292,-1.7767233,-0.5853228,-0.65635186,-7.1596413,-7.777603,-5.908049,1.1858045,-1.2827481,1.4657432,0.7488559,2.1247542,-9.151181,-0.45616952,0.31695822,0.15776975,-0.48027113,0.31498,-0.7411964,2.479988,0.028521394,2.067703,-13.685511,-1.9507037,-0.13753553,-0.20862257,-0.30610555,-0.4057485,-0.40295348,-0.08827342,-0.82297456,-0.9892586,-9.860768,1.7870526,0.11326022,-4.7478127,-1.4235824,-0.4782403,7.9702954,-1.0615921,-2.1539268,0.15011434,-0.2694497,-0.6070612,-0.07923742,-1.6253572
-1.54411,-0.03964816,-1.5523039,-0.6248,-0.69835395,-4.5671477,-4.881534,-9.17254,1.9805971,-1.0781595,1.3938894,0.45731756,1.8323302,-11.433211,-0.88160056,0.5853147,0.12864125,0.11013556,0.53034616,-0.51198846,2.7557912,0.16939725,1.556037,-13.5900955,-1.2229623,-0.13309832,-0.022148535,-0.14658464,-0.5428809,-0.05748422,0.15073334,-0.7148704,-0.5570275,-3.5261319,1.7628746,0.9369083,-6.6166863,-1.1008668,-0.577558,8.7000885,-0.9159429,-0.70849836,-0.025245735,0.40528467,1.1987245,-0.07102018,-1.3619448
-1.9564792,-0.3630835,-1.6250819,-0.51862675,-0.72380626,-4.816632,-4.649472,-7.036829,0.9416803,-0.7734408,1.3762947,0.6109361,1.9058237,-11.48975,-0.6873138,0.27827692,0.121555686,0.0995331,0.45993862,-0.4273959,2.6055722,0.24561822,1.2458205,-13.725831,-1.5537177,-0.12832274,0.045469385,-0.06773527,-0.47169408,-0.19375274,-0.012305334,0.012622921,-1.3972273,-2.789043,1.641986,-0.16724107,-4.7601094,-1.1853877,-0.3646631,8.804967,-0.49805355,-1.836325,0.0246611,-0.38378784,0.46298847,-0.0042447275,-0.88462305
1.3845552,-0.17269416,-1.6487669,0.0854686,-0.36188015,2.4813879,-2.2400687,-10.318998,-6.0534153,-1.2685547,-0.5373758,-0.011770992,0.05527413,-12.012358,-2.4092495,-0.40833807,-0.07169113,0.34828925,-0.1644269,-0.3802704,-3.5552976,0.30814624,-2.9835982,-16.608736,-1.836932,-0.19665247,-0.41083696,-0.04816115,-0.24688283,-0.37688756,0.28136617,-1.7511911,-1.466702,0.025759794,-1.0980356,0.6418436,-5.600357,-1.3766587,-0.98906064,-4.3899884,3.5003986,-1.3850161,-0.3792715,-2.548237,-3.51288,-0.58766,-14.312269
1.4043705,-0.1839614,-1.1673838,0.30900282,-0.74676657,1.7415906,-2.8685749,-7.6606355,-4.070283,-0.87983483,-0.45545682,-0.022397513,2.538436,-12.783615,-2.9731584,0.38037193,0.1874913,0.78373927,-0.51286054,-0.5117976,-5.249621,0.31802413,-3.3628862,-16.44511,-1.6685627,-0.35652363,-0.20090081,-0.13282059,-0.3225042,-0.5112724,0.29507703,-2.6994922,-1.078784,-1.1381396,-2.1091115,-0.3067096,-7.110624,-0.88671476,-1.2710016,-3.9453964,3.2893617,-1.346728,-0.6105737,-2.1755216,-4.3259597,-0.54711974,-13.446681
1.4897488,-0.18212555,-0.3622876,0.3279945,-1.3128555,3.3585968,-0.5163277,-8.31835,-4.6761637,-0.7682507,-0.5117507,0.40618667,0.40453643,-12.222523,-1.8528908,-0.034179498,0.01593142,0.6689173,0.011561112,0.16109902,-3.5361698,0.1391139,-2.002101,-17.581684,-1.8126304,-0.35107523,-0.558249,-0.07703579,-0.047170985,-0.528868,0.1874182,-1.465968,-1.1847285,-0.8164935,-1.7325313,-0.5852325,-6.560225,-1.2695847,-1.0023947,-3.8761356,-0.465783,-1.4931037,-0.48061508,-2.710315,-5.473896,-1.2875226,-14.394656
1.3878132,-0.2913136,-0.56191415,0.27270204,-1.2765832,3.4155927,0.2640965,-9.960191,-4.805762,-0.7673559,-0.38067126,0.1213727,1.7904401,-13.2565365,-1.9403766,1.0304548,0.043007374,0.6987774,-0.21728499,1.4310006,-4.485634,0.41084436,-1.590205,-19.471094,-2.2208261,-0.5617145,-0.7376654,-0.085372835,0.12681068,-0.69400257,-0.12271728,-1.1141257,2.2212956,-0.8590597,-1.7235631,0.4385917,-7.341033,-1.53121,-0.94554174,-5.068682,-0.3292088,-1.3949007,-0.4073958,-2.982249,-5.1345124,-1.1631094,-14.8391905
1.4308115,-0.1704371,-0.13695645,0.34722313,-0.6604399,3.788752,-2.1184995,-7.310973,-5.101862,-0.8440975,-0.35062447,-0.06483693,1.2690824,-12.960515,-2.2888095,-0.045446455,0.07216211,0.19030249,-0.06927282,-0.36241105,-2.9729204,0.30238014,-2.0440311,-17.592031,-1.725302,-0.2488072,-0.7249788,-0.022152897,0.099536695,-0.6077343,-0.055275083,-2.2250483,-1.0468732,-0.8736436,-1.6369467,0.10624963,-7.602411,-1.5596632,-0.7533739,-4.1747437,-0.5633186,-1.3910583,-0.44340968,-2.165556,-3.7244415,-0.39646006,-13.608893
1.4346828,-0.14549007,-0.78468114,0.30552796,-0.37211525,3.720526,-3.2175624,-7.75946,-4.1382513,-0.93394226,-0.3815908,-0.13135974,2.7209194,-13.893983,-2.1068873,0.19621181,0.41913363,-0.09945534,-0.15646341,0.20829497,-3.1796002,0.27213743,-1.5845151,-19.187162,-1.8731971,-0.09400552,-0.4376283,-0.10301065,-0.12963672,-0.46571448,0.39982048,-1.591571,-1.2314411,-2.1724577,-1.6612519,-0.6281809,-6.898409,-0.6836794,-0.66160464,-3.9132142,-0.23954171,-1.025812,-0.37275162,-1.7482655,-3.9517548,-0.4068542,-16.11277
1.0651152,-0.17432323,0.18464385,0.22150019,-1.0923755,4.0275154,2.207413,-8.942393,-7.697976,-1.2613877,-0.5780263,0.009161543,2.1595638,-14.230818,-1.3495911,1.0192703,0.014265885,0.5947646,-0.39781237,1.6424727,-5.3566017,-1.1389271,-1.3563596,-19.63317,2.74669,-0.42393845,1.4740837,-0.08192795,-0.43620247,-1.4982452,-0.17540024,-0.907969,1.5419488,-0.90579987,-2.2546456,-0.13331535,-7.4310856,-0.57252324,-1.0231603,-5.2146525,-0.3833947,-1.4098474,-0.6814161,-3.2571347,-6.224219,-1.1923684,-16.34006
1.5775173,-0.24661611,-0.44477952,-0.21476863,-0.65098333,2.4457095,-0.7612316,-8.206962,-7.100045,-0.84535867,-0.53254336,0.07693629,0.17789982,-14.228447,-2.8643186,0.8901914,0.2304093,0.39241123,-0.08339633,1.677922,-4.4308133,0.13819066,-3.9807434,-16.962435,-2.0481584,-0.5528629,-1.6408281,-0.052792285,0.052445713,-0.70434624,-0.20355147,-0.9237253,1.2822944,-1.1558154,-2.036312,-1.0705129,-7.3820534,-0.9766114,-1.2796301,-3.6842732,3.9151347,-1.647821,-0.6729849,-1.4803971,-3.3964763,-1.2649565,-13.750317
1.0734828,-0.091751345,-2.7996871,-0.037145235,-0.37541977,-3.0554864,-6.507867,-7.851552,-7.142137,-0.3604868,-0.33255312,0.73335475,2.4863794,-13.386205,-1.1945792,1.175617,0.6244372,0.551907,-0.36175668,0.07150232,1.1065626,0.06821923,-0.9460142,-16.128012,2.3980992,0.7222668,-0.4350294,0.028714633,-0.11279353,-0.17488314,0.62686384,-1.3771946,-1.6100951,-6.034652,0.6582327,0.1538061,-5.9826913,-0.39387268,-0.741899,-4.299633,-1.1640325,-0.73342776,0.21549304,-0.9514327,-5.0430617,-0.6352131,-10.220594
1.0647652,-0.12495218,-1.1206493,-0.087546326,-0.4030614,-1.0818667,-6.1866074,-7.548398,-7.728022,-0.29529336,0.89798987,0.77953184,0.7707563,-13.842416,-1.4208244,1.1311171,0.8114729,-0.011992486,-0.26460612,0.6145733,0.6369031,0.554837,-0.41068918,-18.109903,3.520005,-0.11559336,-1.0525172,-0.054573957,0.041856386,-0.40672672,0.5823224,-1.1806732,-0.8758159,-5.761221,-0.39889333,0.50469035,-6.3172092,-0.22722654,-0.55883694,-4.6730103,-0.5004424,-0.80838543,0.011534288,-0.9082857,-3.708897,-0.6649574,-12.7310705
0.73976076,0.018434046,-2.3306108,0.38102934,-0.31779972,-0.6772476,-4.7312646,-7.7253246,-8.206883,-0.65369064,0.8663521,0.45154732,1.9296477,-14.351348,-1.3539178,1.0760818,0.6102034,0.72082955,-0.41350925,0.13419528,1.3818963,0.20451915,-1.7043637,-18.358948,4.1048307,0.64193225,-0.0691265,-0.009613701,0.2863056,-0.07047648,0.49358338,-0.9948409,-0.9109439,-6.3709493,0.6708176,0.6647827,-9.036202,-0.47034013,-0.6826255,-4.3853164,-0.97771776,-0.7883823,0.35134596,-1.3559766,-4.1452527,-0.3161079,-12.024663
0.5299174,-0.1700107,-1.0498972,0.21511601,-0.35572714,-0.93846726,-4.7064285,-8.0742235,-6.969015,-0.5446206,1.0773482,-0.08309849,1.8908718,-14.552152,-1.3610988,0.9206034,0.6197343,0.67289895,-0.34607333,0.4588185,0.3257595,0.7321057,-1.5006832,-18.141825,3.857191,0.7757131,0.022557352,-0.041445747,0.14839128,-0.6123585,0.46718177,-1.0642465,-1.2264233,-6.493934,0.061254155,0.05433143,-8.105109,-0.3920806,-0.97839636,-3.6789818,-0.7425497,-0.87856954,0.2466039,-1.4074396,-4.351363,-0.17696917,-12.071746
1.394995,-0.193725,-2.8206666,0.4669828,-0.32309484,-1.0543134,-4.9001207,-7.6455674,-8.102972,-0.6991379,0.7694729,0.40611842,1.966472,-14.442704,-1.5195115,0.84466195,0.5138795,0.66062653,-0.28263494,0.07583276,0.4591137,0.6185117,-2.5710387,-17.839167,4.012446,0.724395,-0.2906432,-0.062505685,0.40445536,-0.5931128,0.20016715,0.25482228,-1.0809569,-7.5770082,-0.044876404,0.27202398,-6.4255285,-0.35382006,-0.7412529,-4.6125717,-0.82074803,-1.3020062,-0.029058788,-1.252582,-4.3368926,-0.7867586,-8.976449
1.1053506,-0.24295498,-2.7250364,0.15469685,-0.38888207,-3.1050363,-7.4577856,-8.08336,-6.1779947,-1.527873,0.7932596,0.5366689,2.0876737,-14.218852,-1.5914291,0.8929883,0.36824074,0.68402135,-0.38986057,-0.045700483,0.18681785,0.20395315,1.1876283,-16.488081,3.6305676,0.011217048,-0.5355957,-0.098971024,0.29783744,-0.36783332,0.33831054,-1.3534538,-1.3485347,-5.4506316,0.6260685,0.15670994,-5.714994,-0.7442379,-0.5767875,-3.1819942,-0.65661734,-0.82978404,0.3252447,-0.119007304,-4.426616,-0.75576943,-12.637008
2.1316526,-0.08960986,-2.4873743,0.2688054,-0.83143365,-0.38236883,-3.5506191,-7.0110974,-10.235532,-0.08033114,0.9641182,-0.5613485,-0.017364271,-15.545623,-1.3242766,1.0000833,0.5280247,0.6492093,-0.09117994,0.34546557,0.62371683,-0.38023874,-0.16677706,-17.968245,5.438963,0.41552517,-0.046189018,-0.042724956,0.24182595,-1.1528438,-0.28501666,-1.5215708,-1.4150794,-3.7070515,-0.2735573,0.84967595,-3.4640706,-0.17586917,-1.10162,-2.9920337,-0.6377039,-1.0481726,-0.084174976,-1.0336366,-7.3407264,-0.88661397,-13.258173
0.9297744,-0.023396933,-1.0444183,0.12701596,-0.606247,-1.7136171,-7.2686257,-7.606659,-6.333738,-0.5230999,0.8435819,0.6427605,0.62191504,-12.675449,-0.86563593,-0.15158957,0.17238908,0.54873043,-0.32813656,-0.29534122,-0.18077706,0.7204446,1.0573928,-17.811712,3.3075182,-0.042684115,-0.97232574,-0.03828013,0.055844493,-0.4945481,0.22975682,-1.3211082,-1.9731334,-8.3433895,0.45186135,0.11197651,-3.8352673,-1.004035,-0.5124728,9.3142,-1.2430471,-1.1106849,0.17855619,-1.4789972,-2.3274786,-0.62197655,-12.566515
2.3624501,-0.46314943,-0.999074,0.06457843,-0.6791484,-1.3933067,-6.2122054,-6.9022193,-11.020696,-0.6137386,0.7673305,-0.0010376471,-0.37168115,-13.242411,-1.3696371,0.52752817,0.28972417,0.17826308,-0.077126555,1.8005822,-0.9446516,-1.4769285,-1.4495392,-17.829195,5.9921675,-0.123412274,-0.55674535,-0.059798628,0.097026095,-0.90162206,-0.14816922,-0.9327929,3.4827383,-3.7052212,-0.3162561,0.111563265,-9.893695,-0.82144195,-2.1372697,8.621493,-0.491241,-1.1291629,-0.3973478,-2.6822588,-7.88824,-0.92423743,-13.829339
2.4866571,-0.5935957,-1.2172784,0.33270174,-0.49930745,-2.9855888,-5.5271425,-9.262076,-8.090668,-0.6315027,-0.17231238,-0.6140936,-0.35397977,-16.348549,-1.1012766,-0.034329966,-1.7442274,0.53206384,-0.678274,1.2405703,-3.1812403,-0.65834004,-1.7056556,-17.86566,5.562045,0.11335711,-0.24563967,-0.12487543,-0.29621404,-1.0462148,0.4020741,-1.4145194,-2.0853243,-3.8912494,-0.52484524,1.2154287,-3.0052962,-1.2647372,-1.0135796,8.367481,-0.32471487,-1.147732,-0.24845132,3.348013,-7.6571393,-1.0594442,-12.618169
-0.43323645,-0.08994525,-3.0937264,-0.20782928,-0.47469923,-2.3384197,-4.9552755,-5.5820017,-7.859818,0.20701812,-0.66186255,0.5226538,0.92403454,-13.528458,-1.7900529,-0.03145181,0.3867048,0.41897723,-0.4741076,0.26064676,1.2619016,0.011802479,1.1644387,-17.281303,-1.8896813,-0.15145633,0.2968602,-0.30564955,-0.030946877,-0.7346006,-0.30176345,-1.389698,-2.0808365,-1.1474888,0.8136471,-0.59250593,-5.508835,-0.73694885,-1.2802078,-2.196971,-0.80749536,-1.883663,-0.035476994,-0.60054237,-2.2297246,-0.8767954,0.21807565
-1.3733469,-0.05008586,-1.6939081,0.09628739,-0.30034897,-2.1237044,-7.540452,-7.1025114,-6.4141655,-0.49658257,-1.4125676,0.35056672,1.5498409,-13.772866,-1.4281626,-0.015336553,0.13533737,0.36138672,-0.69236046,0.092468865,0.8913116,0.02373765,0.57839036,-16.745161,-1.8770564,-0.052491363,-0.008297604,-0.06183493,-0.32245153,-0.52830046,0.15950522,-1.2399322,-3.2917755,-4.676835,1.1325158,-0.89799625,-6.4061923,-1.4508896,-1.6774895,6.123494,-1.193715,-1.2977229,0.022049118,0.20072785,-1.824629,-0.30516362,-1.3463016
0.11639559,-0.049202576,-3.4584985,0.017330965,-0.6723149,-2.0880954,-6.522395,-5.486979,-4.719313,-0.4850145,-1.1832197,0.46760553,1.3272959,-13.770358,-1.5898477,-0.016629944,0.34734097,0.30295762,-0.5888831,0.13671403,1.7389265,0.25129423,1.4542781,-17.187525,-4.7098174,-0.113247715,-0.00429078,-0.026403524,0.69467694,-0.53072464,0.12239183,-1.4817772,-2.1948965,-1.45003,1.2607566,-0.66871846,-6.4011054,-0.7916529,-1.1379875,-2.5898838,-1.1421669,-2.0848029,0.016727775,-0.20496789,-1.7283199,-0.42544693,-0.16229504
2.8675466,0.2878736,-1.0245699,-2.8770866,0.0035375531,4.4866033,10.681014,7.6935387,-2.484261,-0.59216994,0.52356994,-0.6100935,0.57531375,33.289654,4.8329077,0.113294855,-0.7069183,-0.19922307,-0.2582859,0.17811345,22.403023,0.8365768,1.3564754,37.145523,-4.681336,-0.39698812,-0.036611304,0.11861451,0.76830226,-1.0576011,0.40991238,-0.26110992,-0.9093597,2.0354798,1.8479513,-0.28179684,15.153001,-0.48418906,-1.9917132,2.7210853,-1.0174139,-2.4531887,0.4067448,1.7896879,10.708952,0.37605983,21.571808
3.613024,0.012723516,-1.5192235,-2.16547,-0.2809833,5.646239,8.501319,5.2627997,5.672566,-0.07537006,0.5935628,-1.0272895,0.8490172,24.312489,5.5184603,0.12927985,-1.031292,-0.4508816,0.09530696,0.7065856,19.827023,0.5569953,-2.7694855,38.385185,-7.105255,-0.43225068,0.21846311,-0.1997082,-0.22962682,-1.411056,-0.018605651,-1.8166206,-0.35714358,12.159806,1.5303608,-1.813128,15.269277,-0.5970875,-1.3693539,6.6874013,0.4612756,-5.6919646,2.3695824,4.308407,10.393273,0.15236497,20.831701
3.4582038,-0.36421803,-0.8193001,-1.4403337,-0.09499376,12.590332,11.434295,6.400202,-3.9455087,-0.8019167,0.72239697,-0.032396335,-1.3249223,25.614864,5.02405,-0.2992279,-0.63052803,-0.09797307,-0.57626545,4.5695267,-0.0047998196,-0.010098211,-1.8412517,30.5663,-2.842124,-0.3725423,0.048142888,-0.07585884,1.0404022,-1.2630842,-0.2869681,-1.7872806,-2.227605,8.473604,1.3401798,4.3562903,18.08133,-1.3373884,2.4383514,5.6259418,0.13947067,-1.2388107,0.62490153,4.8026767,13.030087,0.23395516,26.849981
3.4998584,-0.37434566,-0.7803968,-1.4169213,0.30211475,11.69166,11.156061,7.241291,-3.012388,-0.88246673,0.6886271,-0.09985757,-1.5911384,26.15377,4.983686,-0.14976485,-0.56497496,-0.11133136,-0.6369185,4.616349,0.20065206,-0.15848479,-1.7525688,32.402184,-2.704916,-0.36773792,0.34873107,-0.021866677,0.99432194,-0.99412805,-0.31297207,-1.9066166,-2.1161625,9.693865,1.4606564,4.4716063,17.040337,-1.3512052,-1.4696188,5.9942207,0.42410925,-2.68711,0.44376627,4.2774916,12.8925705,0.2664622,26.820875
3.869801,0.15348256,-0.8279526,-0.50952035,-0.27414268,10.930478,13.736439,5.792516,-2.3948116,-0.90890604,-0.1978713,0.002041641,-1.3861312,25.796135,4.2187605,0.091441944,-0.64966995,-0.11205488,-0.62931406,4.2553873,0.3965677,-0.08199036,-1.7258592,34.696266,-2.4840608,-0.40485662,0.1955278,-0.06833181,1.3334185,-1.5915661,-0.32513675,-1.9092001,-2.2000427,8.435489,1.4714562,4.380915,17.859123,-1.3326663,-1.4115049,6.108479,0.43049482,-2.8167992,0.5449413,4.6221714,11.442219,0.12701263,26.65096
2.608543,-1.7465664,-0.6804545,-4.313416,0.21940228,4.4098077,11.488302,5.537864,7.3853283,-0.56302327,0.27540144,-0.5399992,-1.6912725,17.828178,5.1630554,-1.5883285,-1.6762179,-1.048293,-0.2800332,0.634831,20.437939,1.2446696,9.126819,41.174206,2.8491879,-0.34089437,0.26651907,-0.24944761,-1.2376983,-5.2345786,-0.3420831,-1.9451637,-1.0497352,12.620732,0.2840118,-1.2568555,16.175291,-1.6970785,-0.15611434,4.6083746,-0.08892284,-6.039205,1.7822323,1.5737063,10.906872,0.29078794,18.320055
1.0805244,-0.11153377,-1.4398346,-0.025240548,-0.19177361,-0.91818863,-6.3793693,-7.7889714,-8.6609745,-0.45735422,0.33561817,-0.7954605,0.14462362,-15.178128,-1.1348295,1.4127475,0.47371405,0.6727649,0.009128843,1.5940646,0.25402662,0.8948644,-0.3141153,-18.435678,4.7807775,0.29861173,0.56613505,-0.16236807,0.12180308,-0.947371,-0.30087316,0.27070978,0.2969398,-3.5966198,-0.18369797,0.7059215,-6.903819,-0.5318788,-1.5133886,-3.6543686,-0.8740292,-0.8927862,0.030519111,-1.0525621,-6.376122,-0.65761393,-12.1016865
0.4008925,-0.21324688,-0.7497904,-1.0566146,0.07349156,-2.6544685,-10.212916,4.8688374,-2.2123966,-0.47420534,-1.0683242,0.37599403,-1.4614539,-8.815176,-3.040214,0.73490644,-1.3748735,0.17734265,1.0764645,-0.39945,2.6123374,-0.5094799,-1.1238151,-10.928268,-2.4168777,0.20853241,0.0057643186,0.25436214,-0.39878607,0.0049172333,0.26031777,-0.7801877,-1.6053048,-1.7965127,2.1672359,0.28091273,-3.9622464,-2.9010417,-1.2256192,9.431142,-1.7652061,-1.3575151,0.17703092,5.8580275,4.3675246,0.019479746,19.728247
-2.3193908,-0.6939429,-2.3300023,-2.4574811,0.23248209,-3.1876998,-8.046627,6.208822,-0.54357606,-1.5769235,1.0130734,-1.0577152,-1.1003131,-6.4029756,-3.546037,0.24329004,-2.7612002,-0.18300296,-0.7544421,-0.1462873,2.5611272,-0.2619096,-1.1336148,-8.058029,-3.3172963,0.15117905,-0.74663746,-0.044356346,-0.5882461,0.3694741,0.18226865,-0.73275346,-1.2382321,-5.8478365,1.5559392,-0.72939146,-5.359606,5.277246,-0.6184491,8.075814,-2.1784282,-1.0517404,0.34741056,6.795928,7.822244,-0.055045985,16.979813
-3.7399082,-0.63869804,-1.6086453,-2.1055853,-0.0062991185,-8.286988,-8.95009,5.2582684,-4.2727394,-1.5000337,0.7606469,-1.3661801,-0.48278257,-7.187506,-4.64764,-0.34264788,-2.3553548,-0.21610846,-0.10134675,0.62498885,1.9742444,0.20982277,-1.19149,19.505327,-3.2410014,-0.3128083,-0.68018705,-0.30278882,-0.6703615,0.39351216,0.31633022,-1.1115196,-0.54950774,-7.923765,2.0097046,-2.3852425,-6.013372,3.7949529,-1.2154365,7.765416,-2.4911654,-0.7244034,0.35268527,4.7627015,7.6002617,-0.0495034,15.283146
-4.9003315,-0.34023756,-1.7672617,-1.6017495,-0.5902964,-11.610772,-8.127531,2.674419,-4.4015512,-1.7352748,0.8552159,-1.2982585,-1.0999217,-9.342249,-7.8483734,0.29599607,-1.1472099,-0.26826245,-0.73386353,0.25974238,29.001995,-1.0249217,-1.094192,16.917427,-3.8456821,-0.33784887,-0.14846303,-0.16551086,-0.68119663,0.47552362,0.33385333,-1.950217,-0.7212331,-7.591665,1.7205969,-3.1548169,-5.134823,3.4533486,-1.2176081,8.459526,-2.3139062,-0.6751563,0.25997382,-0.7890739,5.1208916,-0.088066794,6.5670347
-2.741187,-0.37754387,-1.0777289,-1.6337324,-0.46086127,-9.408189,-8.646959,2.9327316,-3.3915927,-1.4294842,1.0201628,-1.0459933,-0.66764957,-9.434379,-5.750884,-0.24270357,-0.7255318,-0.49659696,0.33900332,-0.19455512,29.618721,0.20593336,-0.68919104,15.02084,-4.1129274,-0.4349997,-0.36560637,-0.23231931,-0.5701239,1.0731642,0.302392,-1.0974786,-0.38186944,-8.91077,2.028564,-3.2377307,-4.9008865,6.054218,-1.1263436,8.504276,-2.258562,1.9267106,0.32850417,0.13788702,5.40513,-0.0016671193,15.173118
-5.1687317,-0.2536765,-1.1864514,-0.5132238,-0.61370945,-9.716766,-8.444278,1.2414346,-2.0679877,-1.5191035,0.7926405,-0.94274956,-0.57421285,-4.235351,-7.9268227,0.328056,-0.9519271,-0.26632863,-0.23869975,-0.29170603,21.20335,-0.908697,-0.84121585,12.502847,-3.7472987,-0.49141443,-0.7378239,-0.12209621,-0.5700704,0.9575596,0.036054745,-4.1622376,-0.08842995,-8.236328,1.2351037,-2.9445763,-5.8227706,3.2841208,-0.6438564,8.551314,-1.2341338,-0.79004633,0.3487066,-0.43935528,6.298007,-0.038898733,8.300682
-1.9498914,-0.3268843,-1.3321955,-1.3224549,-0.5851704,-10.715985,-12.425767,2.646458,-2.1197844,-2.9216816,0.7040407,-1.4975395,-0.6621896,-7.974368,-7.251816,-0.9597501,-1.0932,-0.8864381,-0.8417538,-0.29921573,25.276775,-0.406326,0.3354439,14.452704,-3.7589073,-0.53800166,-0.5118116,-0.3194919,-0.124919906,0.31221113,0.36746067,-1.2498944,-0.878566,-6.8532915,0.5131951,-2.6298833,-4.594804,2.721876,-2.3639057,9.886168,-1.8893354,1.9971685,-1.3004098,0.0075942483,5.4922895,-0.067225076,6.6000714
-2.7984364,-0.17977013,-1.1952358,-1.4280881,-0.55801547,-10.034479,-8.170409,1.3322291,-3.0407026,-3.4665964,0.7036988,-1.3739448,-0.33436838,-9.736717,-6.7125764,-0.4177232,-0.8052311,-0.21214412,-1.1308521,-0.16535999,29.562445,-0.9278528,-0.92633146,16.125904,-2.9291174,-0.59257007,-0.5362875,0.20770393,-0.06610698,0.27847666,0.42940283,-1.1042255,-0.7137665,-5.5570955,0.66413444,-2.725653,-3.7868109,3.079101,-1.4436682,11.719197,-1.6991982,1.8770169,-1.4505781,-0.41741297,4.9317827,-0.031376366,12.960563
-2.0673723,-0.3539157,-1.9114614,-2.7933443,-0.8139991,-12.357762,-10.009272,1.3266392,-3.9481905,-0.6087931,0.40928224,-1.0633799,-2.4241219,-6.254791,-0.87509894,-0.8224305,-0.8517781,-0.21292575,-0.4589339,0.41249654,22.07219,-0.8589664,-0.8584335,20.449373,-2.6784012,-0.9074568,-0.31813827,-0.52034074,0.18958177,0.02216008,0.18449253,-0.65945655,-0.34283048,-7.3449306,0.7848125,-3.3680148,12.187301,1.753252,-2.531109,11.995214,-1.4458827,4.0421643,-1.3621508,1.1465862,7.3547964,0.077013396,11.13624
-10.264439,0.0028176187,-1.2875105,-0.14859354,-2.0032508,-15.402563,-12.63872,-1.3565725,-12.8316765,-0.4386681,0.9928831,-1.1711844,-3.07581,9.508469,-8.561042,-0.26199776,-0.76265377,-0.32503653,-1.4045857,-1.013611,19.848465,-0.43779585,0.17054206,23.91104,-5.021786,-1.242488,-0.78235596,-2.3369296,-0.3422015,-1.9087985,-0.19574144,2.600716,-1.1771137,-12.189161,-0.39383382,-3.8035507,10.61731,1.3300306,-3.256961,10.889137,-2.0597353,2.6522224,-1.1891477,-0.48825872,6.335014,-0.84156656,11.7308035
-4.555668,-0.09666647,0.027373962,-0.6354568,-0.74527025,-15.892677,-14.95202,4.2769914,2.8951094,-0.18137595,0.6637055,-1.9612387,-3.3950644,14.56792,0.55351037,1.8128455,-3.225501,-0.6868935,-0.7747353,-4.371414,16.959766,0.3089048,13.003323,29.206705,1.0083026,0.26576632,0.26537493,-0.19782369,-0.16006115,-0.029463302,0.110852845,-0.37427008,-0.4850946,10.692239,-1.8298974,-1.553117,13.411245,1.1895783,-4.4704185,4.2808576,-1.4018321,4.115807,-4.34496,2.7152271,6.053283,-0.44989115,12.382286
-8.367877,-0.14191806,0.06843175,-0.87262493,-0.67312014,-15.600088,-15.502411,2.4272895,2.1710372,-1.2927547,0.7088966,-1.272361,-3.4421563,17.108574,5.9119344,2.4503632,-2.3447647,-0.56558216,-0.5692948,-5.120235,16.181849,-0.16231357,11.32461,26.17885,-0.10377824,-0.99816316,0.23510781,-0.16723163,0.13599527,1.21533,-1.319242,-0.80186456,-2.329604,6.7139606,-3.130447,-1.9349625,15.072989,1.5760716,-5.3541474,3.8063803,-1.5491335,4.5627813,-6.9553533,1.8238989,7.8127217,-0.69746727,13.116098
2.0938137,-0.23005797,0.23773395,0.6700745,-1.1306578,4.967073,1.0823824,-6.876493,-9.620642,-0.8764515,-0.71659327,-0.008550236,3.6906397,-16.699406,-1.4429073,1.1612942,0.042556427,0.5591898,-0.13348874,0.042345084,-3.6420968,0.44299263,-1.3811483,-19.371065,5.921522,0.19747517,-0.14502484,0.03667348,0.035330188,-0.83511645,-0.096988425,-0.24452889,1.9500442,1.6332875,-0.31383008,0.011950818,-7.077778,-0.3376394,-0.9586438,-4.064021,-0.16534603,-0.67053753,-0.40889925,-3.1808283,-9.786199,-1.1376542,-17.27978
2.010122,-0.07122538,0.3045707,2.05988,-1.2078036,5.64732,2.3403084,-6.6852384,-10.976964,-0.16782147,-1.981538,0.10184884,3.4470584,-17.095627,-1.3121653,1.0722334,0.037740577,0.58720905,-0.01871894,1.2357764,-4.93397,-0.039929695,-1.0069175,-19.628765,5.2876124,0.19911103,0.5063142,-0.018300766,0.23219207,-1.0541162,-0.13862224,-0.31655633,1.6178952,5.026489,-0.40846044,0.28658122,-8.69673,-0.42540988,-1.211063,-7.1350174,0.10633509,-0.6600327,-0.4212357,-3.9394114,-9.32706,-1.1503057,-16.256319
2.0936885,-0.21710414,0.29688087,0.6668475,-1.1326193,5.217991,1.1881747,-6.8795843,-9.684713,-0.9623607,-0.71541315,0.012288852,3.6469164,-16.922083,-1.4405702,1.1640496,0.04397836,0.5751211,-0.13281186,0.053220898,-3.667145,0.38918158,-1.4203502,-19.32446,5.8506403,0.2020796,-0.16282858,-0.029424366,0.03349482,-0.69834423,-0.11025273,-0.2647738,1.9227821,1.6511945,-0.28506738,0.013619243,-7.1903586,-0.3539183,-0.7101355,-4.019937,-0.22702926,-0.66530585,-0.38457605,-3.1873984,-9.904788,-1.1388521,-17.308676
1.9856253,-0.0895362,0.4373499,2.0087583,-1.1547503,4.8033466,1.9963422,-6.692968,-9.61134,-1.0283366,-0.7208891,-0.015707282,3.585773,-17.164759,-1.4498051,1.1600006,0.085935734,0.5317535,-0.13977629,0.021020316,-5.0135293,0.39769343,-1.4018159,-19.701914,5.7963543,0.19468325,-0.14661488,-0.024503974,-0.09129193,-0.8017567,-0.1381762,-0.26976588,1.9334242,1.6502882,-0.35002667,0.08588118,-7.594325,-0.28813714,-0.7496876,-4.0116253,-0.20536621,-0.5172508,-0.4253104,-3.2486858,-9.768243,-1.1465394,-16.791084
1.9978043,-0.22786076,0.183512,0.6761851,-1.1193639,4.904115,1.1377192,-7.0921135,-9.574446,-1.0196278,-0.7114828,-0.013549296,3.6982286,-16.78467,-1.4551685,1.1733853,0.0395094,0.60797477,-0.13726108,0.057351973,-3.718983,0.44181094,-1.2693305,-19.357048,5.603373,0.19090186,-0.15130675,-0.015040828,0.09534721,-0.78970295,-0.19952312,-0.2871064,1.9641848,1.6284198,-0.35996756,-0.0030536377,-7.159091,-0.30744255,-0.8331947,-4.1449013,-0.17312925,-0.41551983,-0.40785354,-3.1231694,-9.7815485,-1.0571048,-16.741558
2.9560938,-0.3475326,-1.2445482,-1.2348769,-0.2997048,4.615317,11.119728,5.0751777,-2.532418,-1.6531005,0.2647092,-0.7228868,1.5652508,33.976715,6.3805504,0.11275391,-0.6090434,-0.43899173,-1.1413708,1.1351801,20.765635,0.66926414,-2.9927335,37.536728,-4.4312015,-0.3432194,-0.2258373,0.015892336,0.92766136,-1.7116697,-0.3114094,-0.81445783,-0.62619287,0.52782315,1.7475809,5.530629,15.064481,-0.7214766,-1.1169487,4.376213,0.39070147,-2.2472658,0.37305477,1.9916376,10.720464,0.27566633,21.084625
2.9309266,0.4062193,-1.2361803,-3.3231595,0.25980496,1.7155219,8.22996,8.854301,-0.21506055,-0.6907069,0.37873355,-0.6312061,2.9141273,32.962463,5.9145865,1.0489422,-0.75876707,-0.5355423,-0.7340167,0.055566862,21.660524,0.93764305,0.009314015,37.306763,-3.208042,-0.31515947,0.24092604,0.03733251,0.8128877,-0.96420664,-0.11617767,-1.7412051,-0.8260562,0.6509748,1.856931,-1.6920252,16.69686,-0.3043108,0.95700604,1.4574547,-1.5537417,-1.6667023,0.3281332,2.0004544,10.096384,0.06153141,23.068209
6.131702,-0.8800818,0.17180935,-0.97580606,0.60704833,11.746623,11.70331,7.1898203,-3.0951314,-3.954335,0.6493157,-0.0875561,-0.7208709,37.434677,4.5101385,-0.73324955,-0.85084677,0.073888496,-0.5527058,6.1912704,0.46307886,-1.5380106,-1.4295937,32.43919,-2.4879448,-0.3495205,0.16373014,-0.12157625,1.2467911,-1.4009384,-0.44252208,-1.7903396,-0.9666789,2.3705049,1.0863283,4.3896613,19.794285,-1.0045825,-0.71266156,0.00094027095,0.20975305,-2.206418,-0.86662525,3.0102806,12.537676,0.041701633,26.436422
3.682012,-0.4250265,-1.3250253,-1.744325,0.14465493,10.534094,9.509249,5.032611,-3.1049693,-0.81497216,0.5658835,0.09457388,-0.25364536,28.433023,4.215749,-0.0964894,-0.55010545,-0.47678202,-0.0015075216,4.8872046,1.626534,0.4748169,-3.0345213,33.818813,-4.2651415,-0.5933337,0.3623453,0.02555933,1.6844805,-0.9772696,-0.11162421,-2.120785,-1.7669998,10.758773,1.713138,-1.6811821,16.398264,-0.300272,1.0958015,5.9384217,0.4530411,-2.2279923,0.7145905,4.213854,13.365206,0.2861319,29.200695
5.506469,-0.51483417,2.8570316,-3.5022814,-6.990634,3.3040018,-6.1825695,10.469376,5.414172,-1.0502584,0.77585804,-0.6185107,1.031148,39.1129,7.7529097,0.38404685,-0.5293828,-1.850828,-0.43536857,0.21814556,21.286848,-3.0287793,9.354986,42.39112,-6.827133,-0.74168575,0.41777506,0.07632625,0.4325005,0.2552354,-0.03687218,3.7525444,-0.8517042,1.688075,-3.3467295,-2.135244,19.57531,-0.6884386,2.934204,2.1753774,-2.1025274,0.42322975,-2.4303226,1.3819497,8.63244,-0.20055327,15.835857
3.9317498,-1.2122406,2.5569353,-2.8406637,0.28414923,12.277482,13.837189,4.5303555,1.8731495,-0.78837913,0.39243722,-0.9012862,-0.62407297,20.969147,3.7776628,-0.67172885,-0.27093,0.06608824,-0.910804,0.3963352,12.580521,1.0764481,8.045505,35.80177,-1.1913927,-0.43020073,0.36432132,-0.07064143,0.53477573,-1.2389413,0.13901572,-0.6749698,-0.7057159,9.746361,1.7114269,4.0398374,17.997103,-1.1757237,1.1303073,4.1831183,-0.30693614,-1.2639574,0.608028,2.7882938,10.350407,0.6054828,21.15267
-1.3047233,-0.35833174,-0.2904717,-0.4500151,-0.31664723,-8.346159,-6.4972568,-1.2087846,-4.3544326,-0.90927786,0.78870517,-0.11291817,-2.2080157,22.991348,1.025993,-0.68813694,0.8007517,-0.13601004,0.74405956,0.0819934,18.58573,-0.2508474,-1.7412248,25.395756,-2.1926453,0.2219677,0.17215401,-0.13579102,-0.5443048,-1.467885,0.25537944,-1.0745533,-1.3580317,-5.0656376,1.800126,-0.27303666,15.71508,-0.4683266,2.5878978,2.6229796,-1.6836321,3.7997243,0.81284094,1.6732185,7.5191565,0.23330861,11.745024
-0.03811864,0.20561877,-0.8032834,-0.07358912,-0.6933935,-8.378621,-1.8862578,1.7973276,-5.2434335,-2.3783092,0.6939013,-0.41447952,-1.5557005,24.56941,0.38220096,-1.0639247,-0.05387778,-0.16574317,0.85119265,-0.06881627,18.917202,-0.34400654,-3.0720742,23.813972,-1.5306264,0.23901334,0.12999512,-0.20641659,-0.5113529,-1.8427018,-0.27044317,-1.287088,-1.3208032,-3.91427,1.3117161,-4.5583477,14.969792,-0.7139836,3.607633,2.984059,-2.6134217,0.0924354,0.30181047,1.6805654,7.342886,0.11027039,13.868835
-0.8030415,-0.5470935,-0.52925974,-0.32476756,-0.5369552,-6.106072,-1.6097989,-1.1318309,-4.7248116,-2.1931655,0.6791295,-0.445276,-1.4151891,24.70718,0.45476702,-1.0655265,-0.3248421,-0.11282396,0.80264914,0.22025082,18.76212,-0.74603426,-4.0104294,25.69293,-1.9100043,0.27851295,0.20664355,-0.11895713,-0.0401514,-1.8637208,0.26567674,-1.6464396,-1.4453181,-5.682418,1.7153057,-2.8440244,16.910643,-1.1553345,3.2150276,3.4933896,-2.3940175,3.0177844,0.45619732,1.4979028,8.991101,0.2091873,10.262398
-1.2360997,-0.9075679,-1.0027585,-1.3158062,-0.6538298,-8.806342,-4.4962306,-1.5260574,-5.268767,-1.4096454,0.7268059,-0.4953728,-1.9929545,27.070768,0.381039,-0.95067394,0.8696061,-0.11879435,0.7803614,-0.041586556,18.595654,-0.48905346,-1.3848709,26.012506,-2.1873934,0.36110455,0.11876099,-0.1573885,-0.6557496,-0.6929364,0.10212661,-1.1168907,-1.0568719,-2.9815273,1.6538615,0.5503336,16.155952,-0.5441812,-0.91398937,2.7875412,-2.6845465,3.1822946,0.44492966,1.507974,7.940444,0.20769192,11.701798
0.9904218,0.73872334,1.2978903,-0.49589315,-0.51393867,-8.539685,-11.843037,-4.55193,-10.544528,-0.85668766,0.8228647,0.81354153,-1.013165,26.481081,-1.453389,-0.8262644,-1.7399088,-0.099967875,0.82867986,-0.6824559,18.240692,-0.25703502,-1.4993773,24.71467,-1.7768247,0.10395231,0.21512194,0.3942673,-0.4674844,-0.74805313,1.1957288,-0.092644736,-0.23649143,-0.68820536,1.972963,0.22236699,17.074978,1.2272927,-0.38760534,4.027462,-2.029171,4.7919807,0.8798723,1.5821342,6.4773383,0.22184311,11.221149
1.8585685,-0.17961441,0.204096,0.38237166,-1.1373383,7.2733374,3.4275794,-6.352995,-13.496664,0.03221285,-1.905758,0.14532907,1.3137153,-17.940376,-1.1628478,0.41637918,-1.5862716,0.26777744,0.23344168,1.5497398,-5.202021,-0.804132,-0.95859224,-18.834497,7.1975474,0.12468124,1.0985131,-0.0049053547,-0.23189676,-0.49961275,0.18488593,-0.85174817,1.3033807,6.3378515,1.1164644,0.11162226,-7.508872,-0.36396983,-1.3776201,-7.3268695,3.2552905,-0.26642838,-1.2675692,-4.3245535,-9.344592,-1.1625645,-17.88937
1.9954216,-0.23002857,0.4426882,0.52675337,-1.2386373,7.0579667,1.8906338,-5.5165496,-10.548587,-0.9775245,-0.81671244,-0.025215913,1.4266963,-17.990637,-1.3082955,0.37008613,-1.4698542,0.16034873,-0.10864324,1.6116134,-3.8823686,-0.5457668,-0.89302146,-18.759876,5.5554585,0.17383844,1.2900524,-0.016771257,-0.24789357,-0.46824175,0.10713078,-0.8950997,2.0299313,2.3238046,0.68473876,-0.719927,-8.080039,-0.5325721,-0.99494046,-4.6457486,2.4722903,-0.400496,-0.5402226,-3.8927724,-9.128683,-1.0397125,-18.115322
2.1778293,-0.18685001,0.55929345,0.5145071,-0.80782163,4.675675,1.5685066,-9.4054785,-9.213265,-0.64502406,-0.7407989,0.16130896,3.7549565,-18.859257,-1.2550021,1.0562899,0.11792435,0.42265847,-0.038130224,1.4944743,-4.7107425,0.08772785,-0.76312244,-19.135717,5.9416175,0.23386087,0.8728152,-0.04937588,-0.45997706,-0.40143195,0.1579836,-1.042567,1.7188976,2.003573,-0.3931507,-0.18258792,-7.0234127,-0.43391132,-0.5200614,-4.152071,0.20486414,-0.65268576,-0.53804284,-2.5486238,-9.44644,-1.1605777,-16.961752
2.139359,-0.22151178,0.50866675,0.57665545,-1.0223147,4.6912966,1.3807404,-8.267705,-8.020437,-0.76483005,-0.4306406,0.054454766,2.8700016,-15.1061735,-1.5366527,0.68751234,-0.041859977,0.48288283,-0.13154268,0.41314483,-3.6086493,0.3201141,-1.4082019,-19.329308,5.040706,0.29373446,0.02487079,-0.06845011,-0.5882817,0.25680262,0.25291848,-1.0752555,1.8154483,-0.46656188,-0.34607527,0.09915739,-6.9125733,-0.2569167,-0.7480491,-4.3995624,0.42653772,-0.602129,-0.42003262,-2.5794325,-9.375913,-1.0501876,-17.655388
1.214317,-0.18625271,0.44235122,0.506125,-1.0058753,4.4468756,0.59897506,-7.4011664,-8.042385,-0.51682323,-0.5762125,0.15515785,2.7838414,-15.062051,-1.410939,1.2146537,0.091541275,0.53745705,-0.3244542,0.47761944,-3.2430875,0.4062881,-1.5796806,-18.790869,4.508185,0.26195326,0.3458441,-0.30916816,-0.37026018,0.09004194,-0.03387685,-0.8701306,1.7504904,-1.494886,-0.5400225,0.113577455,-6.4897614,-0.30746448,-0.7810195,-3.5819788,-0.43222246,-1.2455095,-0.4292194,-2.1315846,-8.518641,-1.10711,-17.358566
2.0258312,-0.18638274,0.49989143,1.6525286,-1.3022444,5.381392,2.4136844,-8.611042,-10.611476,0.065330595,-1.3205899,0.06777,1.5828588,-20.00241,-1.4177154,0.7917009,-0.0730499,-0.22924894,-0.042447723,1.5586016,-5.1886916,-0.22090825,-0.8093595,-19.040419,5.9643784,0.15645994,1.2206781,-0.054120563,-0.2045946,-0.4162686,-0.16310407,0.03254881,1.9059767,1.7241026,-0.5254818,-0.19683659,-7.6563354,-0.36507738,-1.2861624,-2.3237984,3.0193422,-0.49978152,-0.63322496,-3.3584125,-9.608098,-1.1718378,-16.569925
2.1764688,-0.153343,0.5869758,0.61078084,-1.2462759,4.9178557,1.1975605,-8.546426,-8.685558,-0.56487143,-0.33817142,0.160581,4.5602503,-18.498222,-1.4414908,1.1287055,0.024280928,0.57899,-0.1340875,-0.24229886,-4.0918374,0.23585792,-1.5900888,-18.818485,5.4726696,0.2998497,0.56923896,-0.09239497,-0.3048285,-0.8410812,0.04364288,-0.12921724,-0.62847906,6.6824903,-0.1662415,-0.2666785,-5.803676,-0.14682327,-0.8825492,-7.26108,0.13283095,-0.39876598,-1.4423215,-3.7881227,-9.61211,-1.1031607,-16.379227
1.2939649,-0.32829672,0.5375066,0.9927706,-1.2022507,5.406452,2.3597715,-8.6252165,-9.380655,0.13451017,-0.75599366,0.11155113,1.9034398,-16.642504,-1.3601608,1.1877357,0.12020645,0.5267781,0.16625167,0.31388316,-5.01314,0.46097976,-1.3341292,-19.066322,4.9284325,0.24646328,0.47604364,-0.16334757,-0.035304174,-0.21470799,0.22926022,-0.8189514,0.29887226,-1.2399911,-0.1608578,-0.28463686,-6.2189684,0.12557687,-0.96364224,-2.8006227,-0.445657,-0.71912473,-0.40120113,-3.1823378,-7.4315524,-1.0570474,-16.05991
1.3646905,-0.13430333,0.8046706,1.155123,-1.1508654,6.8255944,1.2655845,-8.398908,-8.352349,0.4318548,-0.65766454,0.15810236,3.7790823,-17.491253,-1.4969977,0.0994435,0.1566445,0.35567024,-0.20024537,0.019762013,-3.2909088,0.57055986,-1.4008569,-19.089869,5.1810694,0.33931154,-0.21719033,0.06346484,-0.19001026,0.5541876,0.25607744,-0.6348223,2.213862,-4.657786,0.11055049,0.035567388,-5.121508,-0.37715206,-0.5398036,-5.6679554,-0.45404726,-0.7936388,-0.4684072,-2.6502645,-7.091181,-0.9719772,-18.421913
1.0653168,-0.24932551,-0.70097893,0.26415196,-0.52306956,2.1243157,-6.8664,-7.678806,-5.959396,-0.50303453,-0.5484341,0.24054511,3.051579,-13.265888,-1.7431377,0.021013672,0.27776128,0.11769422,0.25627974,-0.24256675,-2.4985323,0.98230964,-0.30320427,-17.93137,4.054273,0.25952777,0.060322486,-0.334765,-0.57616794,0.38447317,-0.17911837,-1.3785468,-1.3548355,-8.324957,-0.76866484,-0.6085591,-4.581435,-0.7074643,-0.5333853,6.4050436,-0.4867104,-0.9167158,-0.3256858,-2.408765,-6.17709,-0.7763479,-14.362093
1.3877004,-0.19730484,-0.8318196,0.3448392,-1.2848858,3.1131055,0.55708486,-9.872641,-3.4595685,-0.77283823,-0.5623504,-0.017324112,1.9658332,-13.257816,-1.7592965,0.46547422,0.17408943,0.39753348,-0.10213018,0.1331991,-4.2223244,0.14174102,-1.4543657,-19.461569,-1.4712678,-0.06553928,-0.66901714,-0.017156348,-0.2938622,-0.44450864,0.14230914,-1.7333636,-1.4994562,-1.9456534,-1.4443172,0.48484242,-5.9765406,-0.39872524,-0.68712634,-4.1178503,-0.45512944,-1.332768,-0.23926105,-2.8565874,-5.1035395,-1.6123114,-14.5892105
1.3774893,-0.13807635,-0.98862994,0.37806603,-1.3072227,2.921148,-0.5135145,-7.462858,-3.2605915,-0.87139857,-0.5454657,-0.06201601,0.6219867,-13.17371,-1.8003961,0.06717233,0.2591606,0.3980087,-0.20745714,0.16811287,-4.0375533,0.30392584,-1.7386565,-18.017593,-1.6230478,-0.068135306,-0.31713247,-0.06477007,-0.3032332,-0.5245674,-0.063684605,-1.7412409,-1.4637216,-2.733415,-1.5305697,-0.12217933,-6.2496476,-0.5182188,-0.967439,-3.8859293,-0.40238667,-1.3047206,-0.39208594,-1.9048786,-5.4192114,-1.611175,-14.461406
1.4032284,-0.18967025,-0.8266038,0.34813842,-1.2848706,3.118883,0.53925043,-10.591569,-3.2666428,-0.72833437,-0.5494277,-0.054886483,1.9499382,-13.113754,-1.8674716,0.45492107,0.11718875,0.4132318,-0.11128255,0.14736693,-4.2556252,0.13373253,-1.055025,-19.465746,-1.8843607,-0.08363892,-0.70933217,-0.024752414,0.35332754,-0.5106549,0.01208234,-1.4560814,-0.97274095,-0.68123597,-1.4797314,0.54399174,-6.866103,-0.41315684,-0.6819576,-4.1516895,-0.39093506,-1.275323,-0.31081367,-2.7012715,-5.1569324,-1.6114367,-14.4096575
1.3603394,-0.18900271,-1.7811843,0.1623949,-0.69082844,2.7952538,-0.79380673,-10.634438,-1.1283753,-0.82079744,-0.7160384,0.023897896,0.5867334,-11.936955,-2.0210736,0.014158276,0.1240989,0.285956,-0.09050539,0.252745,-4.117361,0.3400448,-1.1596366,-17.821447,-2.4217236,-0.26859152,-0.32782048,-0.07365164,0.30983663,-0.7175219,-0.31406435,-1.8287627,-1.6419704,-2.601803,-1.7918166,0.40670925,-7.0249376,-0.6960737,-0.98506916,-4.3758397,-0.38667598,-0.8495107,-0.4644773,-3.0962484,-4.8417172,-1.1158634,-14.926882
1.9973588,-0.30029574,0.30569002,1.4389639,-1.1598024,7.139344,-0.37529144,-6.891238,-11.968436,-0.12677236,-1.8565832,0.0048656496,1.6797742,-17.335423,-1.6903538,0.45865256,-1.3260508,0.44832316,-0.30049294,1.5537401,-4.3696733,-0.95118725,-0.84466755,-19.78112,3.4153972,0.15020786,1.212756,-0.6420818,-0.48553243,-1.6950532,-0.29521155,-0.57339483,1.3228569,5.2004557,0.44570982,0.17653193,-7.675329,-0.511474,-1.7092402,-6.6276555,2.59177,-0.2118112,-0.71381515,-3.96716,-8.498964,-1.0037029,-20.220367
1.7360618,-0.1442315,-0.092916265,0.23861033,-1.4679161,4.389128,0.9313015,-10.881908,-4.8716407,-1.7552402,-0.56613547,0.19044058,2.0843575,-13.4683895,-1.709907,1.1697814,0.044272386,0.6574792,-0.3001976,0.60386455,-3.8402123,-0.76825553,-1.0240871,-19.375929,-1.9886012,-0.59866565,-0.30378684,-0.07591193,-0.6651411,-0.7795636,-0.29774916,-1.1394111,-0.42950732,-0.9369692,-1.3783329,0.45040554,-6.768179,-0.4392687,-0.53040904,-4.2972207,-0.42097834,0.34078702,-0.48709795,-2.8648903,-5.3528895,-0.9852386,-14.517323
2.1142907,-0.07042679,1.3618996,0.29831353,-0.70147425,4.5276637,-1.351231,-4.6325717,-2.8533156,2.024838,0.24443915,0.49736923,3.1615121,-11.626757,-1.6633606,2.5097103,0.41778025,0.89371616,-0.09833009,1.8535717,-1.5389538,0.15903372,1.7144158,-16.38278,-0.9350434,0.4346875,0.6315873,0.09895807,-0.34980723,-0.4301753,0.4005372,-0.10388172,-0.45777652,-2.097873,-1.0674707,0.044156503,-3.390283,-0.34188166,-0.110826544,-2.6806176,7.7842035,1.191219,0.19457023,-2.7511554,-2.6904376,-0.6338249,-11.7262945
1.5973454,-0.2138827,2.4824128,0.33313325,-0.29315463,3.6235714,-1.7295985,-5.197556,-1.0202152,3.1697035,-0.25826257,0.30926844,2.2700748,-10.939384,-1.4584256,0.9793074,0.38047102,1.4279683,-0.025085498,0.09114756,2.5661204,-0.8136868,0.4268593,-13.422611,0.76338315,0.3714595,1.2628368,-0.0042411922,-0.17994335,-0.5027179,0.22861694,-0.77742416,-0.5480304,-3.7590127,-1.2088481,-0.4287248,-1.1700152,-0.24184477,-0.6392228,-2.8570771,7.137851,-1.4140172,0.21157902,-2.384,-2.377808,-1.4796162,-12.368913
1.849064,-0.45795542,0.9296597,0.19057429,-0.8105309,2.4805775,-1.3539772,-6.6908445,-1.3551345,1.419264,-0.63483185,0.45623764,4.5966916,2.1089056,-1.4225519,1.5444958,0.19739649,1.2461023,-0.3424738,-0.77588487,1.9605628,-0.068812445,-0.07958537,-14.281302,0.6959709,0.21691212,1.2580177,0.0057347044,-0.37698993,-0.47432494,0.16249663,-0.8051829,-0.83115125,-0.8034832,-2.3093107,-2.1695333,-3.1623666,-0.22710995,-0.7816269,-3.3095224,6.2503514,-1.3293079,0.27150914,-3.7927527,-3.756114,-1.673041,-11.259161
2.2183368,-0.29921335,1.499979,0.1159552,-0.62979966,3.8512807,-1.6913562,-7.58027,-5.082434,2.41465,-0.1607832,0.6187974,5.0357485,-12.247674,-1.5945096,2.3517363,0.38413543,1.2962103,-0.17063062,0.31655127,2.8186963,-0.28793326,1.1265291,-16.577436,-0.8305593,0.18239263,1.6577593,-0.0966289,0.48728487,-0.59787214,-0.25883308,-0.8373279,-0.9035958,0.29451483,-2.1590226,-0.61947685,-0.968894,-0.12848696,-0.41684732,-2.9816918,7.890303,-1.2744172,0.26436126,-1.850223,-3.110902,-1.1864042,-10.717377
1.5552803,0.023209179,-0.42936683,-0.35056913,-0.515452,1.4271919,-3.905328,-5.516805,1.1999046,1.8234802,1.4064171,0.4528446,3.890239,-10.235766,-1.1568253,1.0904415,0.66910404,1.1777143,0.03032812,0.3607783,2.6890955,0.23495446,0.29416585,-14.331642,0.28659135,-0.40774804,-0.3165998,-0.06897114,-0.2616424,-0.46142998,0.64056814,-0.71915424,-1.9852368,-2.8442266,-0.37336168,-1.0815338,-1.1036178,0.4574907,-0.94735795,-1.8622084,6.683844,-0.8053149,-0.13343938,0.16638637,-3.90098,-1.5269687,-9.300199
1.2393608,0.06460564,-1.5879878,-0.23800549,-0.91317743,1.5284082,-6.121302,-6.8165903,2.5420065,-0.3620512,0.7001441,0.76157063,3.1339972,-9.257438,-1.9029355,-0.12861215,-0.43781263,0.30777115,-1.4076998,1.0111802,1.9568655,-0.007439333,-0.7299226,-14.4433,-2.11488,-1.357471,0.24850474,-0.019626094,0.17917119,-0.29267058,0.57214284,0.4144677,-0.57925946,-3.446903,-0.18509023,0.021994978,-0.711393,-0.0641759,-1.3405545,2.0142882,6.885789,-0.13931021,-0.101231225,4.946488,-1.3745184,-0.49846095,-9.921486
1.8403448,0.025737504,1.1229411,-0.3699062,-0.40854394,2.0742836,-4.00122,-7.1018467,0.9808703,-0.2663341,1.005318,0.271274,3.9515107,-16.315268,-1.6629317,1.952717,0.13862868,0.8747716,0.15145302,0.853236,2.64829,0.29500514,0.37339577,-15.602427,-2.4087873,-0.045940503,0.06959746,-0.11212377,0.4043868,-0.5115232,-0.10637871,2.0487,-1.489436,-3.336133,-0.29928288,-1.0068135,-0.53816766,0.5753288,2.7478108,1.1410753,8.369724,-0.30842367,-0.5457408,-0.53478783,-3.281562,-1.1387975,-10.452745
2.3696296,-0.11792221,2.2032049,0.95845324,-0.39626834,3.5763009,-4.7680984,-6.445811,-3.5330036,1.8792068,-0.1401654,0.33818084,2.9682019,-11.477081,-1.9365324,3.455462,0.13775238,0.7031459,0.050880004,-0.5368011,2.117689,-0.33625913,-0.40864518,-15.717717,-1.2226919,-0.01474326,2.7436826,0.10458074,-0.026015608,-0.308979,0.19649954,-1.0554205,0.88351506,-1.1849833,-0.9426836,-0.30672836,-0.15219583,-0.30732074,-0.71390855,-2.357466,7.9099154,-1.3636649,0.080019884,-2.319889,0.14347014,-0.70247096,-12.178103
2.1319566,-0.030823914,-1.1687247,0.18352698,-0.7883816,-1.2280797,-5.4058695,-6.240956,1.102775,-0.35163194,0.42349482,0.464816,3.672219,-11.089782,-3.5582669,-0.14128113,0.0951979,0.28382224,-0.31227612,1.20409,2.0696115,0.32830998,-2.5598676,-16.818605,-2.265973,-0.41784462,0.7588649,-0.055749636,-0.51687014,-0.6395363,0.65975827,-0.48248902,-2.671666,-4.606125,0.115171626,-0.53576434,-1.3782356,-1.3809096,-1.078557,7.3628902,5.194134,-0.17212929,-0.052822333,4.2200155,9.182002,0.033628024,-11.654411
2.1702466,-0.11120331,1.5613031,0.018125368,-0.39337945,3.1745994,-3.141496,-9.830342,-4.911045,-0.9476041,-0.5058663,-0.038381167,1.2178743,-13.685992,-1.7629195,1.0649207,0.2585148,1.1212312,0.108893014,-0.25327986,1.9338441,0.29658192,0.22262676,-17.082825,-1.7525802,-0.3590887,-0.9221175,-0.12297048,0.4273085,-0.8335135,-0.32423052,-0.91202307,-1.0330842,7.5708723,-1.7385079,0.8978653,3.0349178,-0.60654503,-0.8793144,-5.6619925,7.2217536,-1.402211,0.7996867,-2.116616,-1.9119669,-0.5299261,-10.392329
2.0984905,-0.079936616,0.33960742,1.9113073,-1.1766212,5.781985,2.6500285,-7.4944,-10.173875,-0.32035714,-1.6992426,0.084231965,3.2558966,-17.223063,-1.1680317,1.1040227,0.07335058,0.51217145,-0.07987383,0.7092697,-4.9134755,0.09250932,-1.3820637,-19.77398,5.327052,0.2001152,0.56202644,-0.014934089,-0.28879464,-0.756123,-0.056664865,-0.28456327,1.6677992,5.3148255,-0.17772397,0.17323601,-8.358485,-0.2936321,-0.8594139,-7.032153,-0.08940265,-0.68973714,-0.5176998,-3.8226886,-9.259381,-1.1551503,-17.036568
1.1464758,-0.36438528,0.20010774,0.50309074,-1.161926,4.42094,1.0044374,-7.364843,-8.692792,-0.63488066,-0.42810175,-0.0038476042,4.0368924,-17.127975,-1.6669737,0.34857383,0.06578396,0.54230034,0.06071237,0.12044821,-3.2445729,0.4709614,-1.3812697,-19.046434,4.8169193,0.24295749,-0.35479918,-0.021942155,-0.47124153,-0.36630586,0.23365386,-0.13006172,2.4088452,0.73608863,-0.5371162,0.068342626,-7.2131343,-0.32400978,-1.0092428,-4.333782,-0.27758145,-1.3759158,-0.33421114,-1.9775478,-7.2402787,-1.462537,-17.053877
1.1176682,-0.26891398,0.26391414,0.38335532,-1.0794083,4.2047896,0.08484302,-7.067692,-6.926276,-0.7289321,-0.51048535,0.056093942,2.939552,-14.0214205,-1.7021106,0.102575,0.021858541,0.54420435,0.04747664,-0.38339394,-3.1645935,0.4792817,-1.4425268,-18.569237,3.8984263,0.2327249,-0.6012042,-0.03392179,-0.12155187,-0.6435368,0.21222787,-0.6382713,2.2672796,-0.58751476,-0.79768693,0.11447382,-7.132002,-0.105965205,-1.1161145,-4.106367,-0.36892524,-1.3622602,-0.3569115,-2.5343473,-7.606231,-1.0719755,-15.895623
1.1503232,-0.13722786,0.43149787,1.3009912,-1.0736853,4.6910796,0.4870226,-6.6988535,-9.074903,-0.96017116,-0.4887918,0.016117377,3.6645095,-17.185226,-1.6423538,1.1121256,0.051469475,0.5308982,-0.13446443,0.011764788,-3.557663,0.4279483,-1.506205,-19.516302,5.1921926,0.23885414,-0.23205946,-0.025386326,-0.14085233,-0.66612786,-0.047216892,-0.08029603,1.9942433,1.6266073,-0.3969825,0.27803516,-7.439368,-0.41173494,-0.8809059,-4.098253,-0.17588001,-1.2829142,-0.36829326,-3.0027132,-8.166573,-1.054365,-17.05956
1.1801655,-0.22695355,0.23517202,0.6348491,-1.1308463,4.956263,1.1449507,-6.906118,-9.412381,-0.9407718,-0.5037107,0.000244286,3.6993222,-16.790457,-1.6443118,1.1577185,0.041032247,0.555269,-0.13686971,0.03258534,-3.4651253,0.42314166,-1.4083313,-19.4278,5.0235004,0.21148425,-0.19461222,-0.03614221,-0.14938529,-0.65534294,-0.07552713,-0.08373715,1.9908166,1.6349761,-0.4178415,0.015388388,-7.2244844,-0.34311613,-0.7073729,-4.060764,-0.1820075,-1.2814476,-0.35883123,-3.1810021,-8.049712,-1.142552,-16.971613
1.1598154,-0.16895977,0.0354798,0.31292415,-1.0546286,4.7201204,0.921819,-8.451125,-7.522267,-0.5499047,-0.9230588,0.14867245,2.9538329,-13.874883,-1.7054505,-0.0015346076,0.06126716,0.6215036,0.019657407,-0.33692947,-2.797642,0.63185817,-1.2850063,-18.833458,4.338647,0.19324154,-0.34026498,0.018003171,0.04263041,-0.94027317,-0.11560662,0.40889823,2.3615086,-0.5976871,-0.64579964,0.06406565,-6.948659,-0.20762856,-1.1796223,-5.0216994,-0.27519983,-1.2842733,-0.4444635,-2.9312463,-7.5987244,-1.1120609,-16.015722
1.0507755,-0.20970574,-0.0042687915,-0.047269695,-1.045054,3.8669574,-0.40949705,-7.961609,-6.269508,-0.75344086,-0.4485504,0.12006426,2.809812,-13.789656,-1.805429,0.04628046,0.056647323,0.634475,0.038232114,-0.5905248,-2.8758519,1.0060035,-1.5957605,-18.629974,3.4724522,0.19983776,-0.27593312,0.022275312,0.1271437,-0.549005,0.28833637,-0.66345364,2.0423467,-0.78269374,-0.6106819,-0.23494028,-6.809325,-0.16330862,-1.0117782,-4.2145805,-0.34601447,-1.344217,-0.25133127,-2.3859768,-7.847504,-1.1146169,-14.985693
1.9106431,-0.19432023,0.30120653,0.68193704,-1.1210738,5.017046,1.483426,-7.477708,-9.555238,-1.023525,-0.7269917,-0.002538284,3.7176905,-16.916695,-1.4498796,1.196662,0.10741888,0.57312894,-0.10351061,0.022552751,-4.8922997,0.40913337,-1.4427055,-19.335045,5.748035,0.19461215,-0.16236211,-0.1342021,-0.06564652,-0.6795028,-0.07284084,-0.30063933,1.9231225,1.6378433,-0.34608927,0.01606826,-7.1965613,-0.34151423,-0.7128141,-3.9995935,-0.23344937,-0.4434545,-0.36649534,-3.209305,-8.811513,-1.1338309,-16.756456
1.4249802,-0.24209766,-0.0873875,0.31348783,-0.50794196,3.5049913,-3.8464062,-7.117151,-6.0841837,-4.46347,-0.57057536,0.08228118,1.6610394,-12.41433,-2.318041,0.026815532,0.14263655,0.5986175,-0.019233888,-0.2516179,-0.81593347,0.84904504,-1.941527,-18.16468,-0.5480104,-0.039822128,-0.6167993,0.02284105,0.21522988,-0.8057607,-0.35233673,0.41333246,5.521435,-1.6125126,-0.46815708,0.079591535,-7.200142,-0.09957348,-1.1067891,-3.5880737,-0.72883654,-1.251235,-0.40495548,1.6769996,-4.622102,-0.8333668,-13.974911
2.0106118,-0.21460326,0.2998412,0.56902647,-1.1728253,4.770187,0.88840586,-7.0167584,-10.049469,-0.9021031,-0.55681765,0.010761892,3.7323947,-15.729139,-1.4509729,1.142208,0.0529009,0.5955419,-0.12673369,0.047596652,-3.5230532,0.5327685,-1.3607743,-19.303453,5.4395547,0.15258892,-0.14099154,-0.25415897,0.15426952,-1.4544042,-0.07083476,-0.33188128,1.8936158,1.6679716,-0.30452457,-0.0136603825,-7.218172,-0.31321582,-0.78099746,-4.107757,-0.441734,-0.16488884,-0.42501453,-3.3297644,-9.799971,-1.1334957,-16.74132
1.8128834,0.07236149,-1.2309372,0.03970745,-0.9179246,2.07111,-2.7294657,-7.626599,-6.487046,-0.88897204,-0.7229894,0.17826034,0.77887124,-13.019594,-2.3324392,-0.15930714,0.31492,0.17308125,0.06380199,-0.09615927,-0.20925665,0.83679944,-2.1018007,-17.530561,-0.54236186,0.030118834,-0.28711587,0.03498126,0.48497066,-0.7249663,-0.03565441,0.5121334,2.9431882,-2.4662158,-0.6305132,-0.20600931,-7.0856366,-0.20051374,-1.3260295,-2.3253088,-0.5353606,-1.0949243,-0.17186938,-2.6247902,-4.660586,-1.0203912,-12.83887
2.1039798,-0.27716526,0.2687259,0.6678668,-1.1226003,4.7040834,1.1827441,-6.850269,-9.461866,-0.88510543,-0.7198973,0.017470019,3.707147,-16.759008,-1.447091,1.1597518,0.025581144,0.5658823,-0.10965872,0.04388559,-3.6488097,0.43596196,-1.383014,-19.411947,5.595369,0.2117428,-0.19874214,-0.07691869,0.052645106,-0.6934217,-0.16600408,-0.26852223,1.9359564,1.6274648,-0.36652213,0.003041752,-7.3277717,-0.34625253,-0.8641007,-4.0102983,-0.1816885,-0.6396759,-0.35477227,-3.1788504,-9.281506,-1.0537637,-17.381496
1.1346588,-0.35739902,0.2937273,0.51379657,-1.0661824,4.4083424,0.22470793,-7.132393,-7.1159673,-0.7112136,-0.46629077,0.06559956,2.830601,-13.025352,-1.6562067,0.09805486,0.008618664,0.5860718,0.026513815,-0.4115935,-3.3462296,0.469374,-1.4600155,-18.61427,4.460693,0.24868108,-0.4026029,-0.02955993,-0.15831906,-0.7246162,-0.08623342,-0.570987,2.2042906,-0.56861466,-0.5152834,-0.20254806,-7.1142087,-0.3295712,-1.1091077,-4.164205,-0.2383177,-1.4197606,-0.36459133,-2.8787296,-7.8465614,-1.0439061,-16.590517
2.0976973,-0.23124586,0.23698331,0.668182,-1.1284941,4.9611216,1.0851008,-6.900256,-9.674928,-0.8724147,-0.71682924,0.005617902,3.6912086,-16.703825,-1.4425536,1.1586602,0.043350972,0.5558766,-0.12247941,0.0111617725,-3.6357574,0.444182,-1.4016004,-19.392698,5.8857207,0.19943759,-0.13937138,0.03742433,0.043177884,-0.6820834,-0.075584486,-0.25357935,1.9338856,1.6250622,-0.35388505,0.012780454,-7.117576,-0.34839535,-0.95148665,-4.0204067,-0.16619906,-0.661801,-0.37982216,-3.1911442,-9.79132,-1.1386173,-17.278383
1.0428745,-0.28351516,-0.04096481,-0.0055439794,-1.0447508,3.794684,-0.21308307,-7.700746,-6.169856,-0.7439412,-0.47607297,0.041127894,2.834099,-14.026107,-1.781615,0.11107525,0.051635258,0.5702246,0.0399049,-0.6081983,-2.868183,0.92826307,-1.6884784,-19.130486,3.780087,0.15653545,-0.53848433,-0.028691316,0.0083190445,-0.36701548,0.31243426,-0.75728935,2.1623805,-0.77302337,-0.6865603,-0.19629015,-6.8395195,-0.1577263,-1.1237481,-4.086045,-0.3486552,-0.97749263,-0.27257085,-2.32984,-7.651469,-1.0761325,-14.751661
1.9861897,-0.20805837,0.2782633,0.6907963,-1.2478669,4.88951,1.1020458,-6.879203,-9.999465,-1.0313956,-0.93169206,0.0149769075,3.6989005,-16.742035,-1.434627,1.1602582,0.05865316,0.5515669,-0.116136156,0.025654342,-3.6436677,0.44332743,-1.4616622,-19.32395,5.7663274,0.19003597,-0.15029925,-0.047146574,-0.086555764,-0.66998595,-0.05745334,0.103272736,2.1999652,1.6825668,-0.3931728,0.013621687,-7.1887884,-0.3421474,-0.77872825,-4.091202,-0.19323926,-0.52186847,-0.3805062,-3.2848797,-9.936812,-1.1358819,-16.795498
1.6713008,-0.118596174,0.36110777,0.22163378,-0.6592305,3.125627,-2.7710035,-8.730392,-3.497762,-0.5666631,-0.42624348,-0.14190774,1.9364479,-13.374635,-1.9249233,0.48584026,0.077809945,0.3999754,-0.1779906,0.17620128,-4.3113236,0.08756467,-1.2894193,-19.44975,-1.9066758,-0.23849215,-0.7276863,-0.09419384,0.2785297,-0.6880032,-0.0044316314,-1.5228571,-1.4931566,-2.053203,-1.4906635,-0.63060004,-6.1798277,-0.5500494,-0.7781439,-4.0270596,-0.49129164,-1.364968,-0.44727725,-2.3631828,-4.1876717,-1.3242874,-13.50723
1.3492304,-0.112866655,-1.3285903,0.22391012,-1.1190195,2.6083937,-1.6918944,-9.689765,-2.0747657,-0.9734708,-0.4341387,-0.08376362,0.362647,-12.902262,-2.2165406,0.017627606,0.19747005,0.17107059,-0.078276984,-0.3536669,-3.732609,0.6118093,-1.7318969,-17.436975,-2.2033985,-0.04431275,-0.32081988,-0.037372388,0.11670065,-0.8314742,-0.13089366,-1.6725242,-2.0121732,-2.924433,-1.0157609,1.0586411,-5.9932094,-0.661628,-0.83632624,-4.575444,-0.52495056,-1.3505172,-0.40675318,-2.061702,-3.2776048,-1.3096325,-13.579149
1.4087107,-0.1859284,-0.5794127,0.2069926,-1.2656585,3.1311147,0.11850256,-8.395645,-3.3714209,-0.5733108,-0.5496004,-0.049765356,2.3255215,-14.559756,-1.7554506,0.46377012,0.17302231,0.40926296,-0.1095381,0.14496447,-4.2511916,0.11728885,-1.2758825,-19.504051,-1.8803481,-0.067401275,-0.6815234,-0.027948743,0.32578304,-0.51402205,0.0061633117,-1.4767268,-0.9475115,-1.8943728,-1.271483,-0.62716615,-6.983921,-0.41784608,-0.6922138,-4.04446,-0.43810058,-1.2479178,-0.29248762,-2.267597,-5.6994815,-1.6113225,-14.015863
1.2769758,-0.124110356,-0.22616675,-0.006105926,-0.86897165,2.9493964,-3.5409482,-7.3181005,-6.004156,-0.7705325,-0.34947056,-0.24239375,0.7173882,-12.740714,-2.1240957,0.081573926,0.045984466,0.13520251,-0.078548156,-0.24785061,-2.7956123,0.3117538,-2.0500095,-16.96916,-1.5208821,-0.14236584,-0.66213757,-0.022970011,0.1493789,-0.58033174,-0.33173245,-1.5303354,-1.8596114,-2.7626681,-0.90267444,-0.5264983,-5.70086,-0.55378884,-0.8024607,-4.427148,-0.7419675,-1.24533,-0.41559294,-1.8681273,-3.9016142,-1.1081908,-12.490614
1.4737332,-0.24783674,-0.41230854,0.25860465,-1.5486903,4.874758,2.351927,-7.288413,-7.494557,-0.81428236,-0.60270905,0.056630895,2.1399372,-11.645397,-1.832885,0.44429785,0.083713375,0.3613237,-0.091365956,0.0954224,-4.4184155,0.12387061,-1.2050321,-19.53285,-1.2894864,-0.026060944,-0.6410511,-0.08223748,0.2942169,-1.1988416,-0.20895997,-1.6780607,-1.0958208,-1.8667277,-0.70576936,0.11273188,-7.9445353,-0.3913491,-0.81491566,-5.427278,-0.3659088,-1.2660817,-0.5042272,-3.812304,-3.5200872,-1.4684379,-14.226511
1.5594665,-0.23485157,-0.017375574,0.18828428,-0.5543899,4.239192,-4.066008,-11.380137,-5.578156,-0.8607047,-0.6096401,0.22468556,1.8327378,-12.524262,-2.053394,1.0382752,0.012470813,0.69850636,-0.40509674,0.58545315,-3.7912734,-0.8391649,-1.2633505,-19.338905,-1.3566614,-0.5451269,-0.29974094,-0.075274296,0.47729415,-0.8573721,-0.2965075,-0.82163715,-0.48801726,-0.8837664,-1.3835648,0.4589157,-7.336979,-0.6272445,-0.7205362,-4.092061,-0.4938639,-0.9200709,-0.5419041,-2.851292,-3.426765,-0.90100396,-13.921445
1.4715555,-0.4346603,-0.67159116,0.0991199,-0.6165272,3.1866956,-2.089724,-6.8840675,-3.672063,-0.6098848,-0.567056,-0.23503277,2.2647007,-12.820427,-2.0336854,0.4504031,0.3048471,0.40893033,-0.1687326,0.1660774,-4.296691,0.26609,-1.3766217,-18.945038,-1.5826055,0.22087176,-0.5093685,-0.038467377,0.21307006,-0.5242279,-0.040350087,-1.5360364,-0.94618213,-1.7523018,-1.8500601,-0.6753305,-7.156014,-0.67519456,-0.6652262,-4.4659314,-0.49091297,-1.3600824,-0.35745794,-2.1941786,-4.4859014,-1.772805,-13.717252
1.4003037,-0.1907521,-1.9530039,0.19196099,-0.8362283,2.1040504,-2.980665,-7.091837,-5.785412,-0.6811189,-0.51843625,-0.068665825,1.9163414,-12.774947,-2.2391407,-0.103847764,0.14026071,-0.032303814,-0.07315243,-0.37192518,-3.0637314,0.29909778,-2.0437393,-17.4067,-1.7005953,-0.1934418,-0.41937944,-0.063783064,0.0029121938,-0.69128555,-0.21313989,-1.3363231,2.4686396,-2.7384484,-1.0296633,-0.33443612,-6.9529634,-1.101705,-0.99826896,-4.5202847,-0.7265095,-1.4254087,-0.45090163,-1.9222413,-4.043027,-0.86543095,-13.228037
0.96509093,-0.25112534,-2.174255,0.029373964,-1.1029384,2.3478909,-1.4633104,-7.164129,-3.6962879,-0.9292579,-0.42345122,-0.22191489,-0.33635026,-12.155612,-2.5841541,-0.084238715,0.072996795,0.10679264,0.02244227,-0.59369594,-3.1345007,0.35066253,-1.6259075,-17.564272,-2.0731087,-0.15314525,-1.5040697,-0.046703808,-0.2995405,-0.6282188,-0.1405325,-0.56925493,2.5778453,-2.2863598,-1.1360278,-0.9135604,-8.750792,-0.6416842,-1.0944283,-4.2795124,-0.5504452,-1.3631442,-0.44747332,-2.4392781,-2.9386578,-0.48632705,-13.000476
1.0923523,-0.23026444,-3.2553835,-0.09892399,-1.4679743,2.9710405,-0.8791497,-6.940942,-6.3161087,0.92022973,-0.49317262,-0.67238957,0.98931676,-12.712491,-2.4926407,-0.12008879,0.12946078,-0.029514017,-0.009176152,-0.57753026,-0.04883455,0.2798849,-1.936008,-16.504356,-1.9562042,-0.029965565,-0.45924366,-0.08753939,0.0041368897,-0.8433958,-0.58972704,-1.7484004,-2.1567378,-1.2148343,-0.7453633,-0.5819404,-5.508127,-0.27986065,-0.8874859,-3.5619795,-0.7288557,-1.3675559,-0.6743297,-2.1654673,-5.543659,-1.5284096,-13.105938
0.09284511,-0.29408473,-2.3168416,-0.6786582,-1.1467347,1.1180873,-3.1521804,-8.107404,-1.5934093,-0.54609877,0.6728014,-1.5249884,-1.0862291,-9.525352,-3.7159488,-0.36277688,0.15786596,0.050612126,-0.07385134,-0.70351195,0.9554919,0.73771524,-1.5848603,-15.369135,-2.0849063,-0.13902164,0.35423785,-0.06275266,-0.16065417,-0.48085123,0.5442407,-1.1638316,-2.4711382,-4.032715,-1.3253391,-0.9090965,-6.833751,0.03334341,-0.9101318,-2.194489,-1.5106688,-1.7222096,-0.08215133,-2.1905553,-4.249184,-0.22746272,-7.8854084
1.5063502,-0.20147009,-1.7792147,-0.020119153,-1.2922902,3.3049068,-0.5294411,-7.053123,-5.6211433,-0.5905932,-0.5572791,0.20841174,1.6988496,-14.1247635,-1.9203633,-0.48289588,0.15250683,-0.026102385,-0.13814016,-0.2651407,-1.9912374,0.30041394,-1.7878717,-16.942549,-1.3777084,-0.07998472,-0.56028086,-0.044055246,-0.09275359,-0.729528,-0.13443024,-1.6266903,-1.2667367,-2.3620207,-0.97272295,-0.6848871,-6.0357547,-0.17982127,-0.9541599,-3.7880712,-0.68343806,-1.4299747,-0.49197805,-1.7923499,-5.5873313,-1.2646098,-14.3209
1.8297514,-0.30311394,-1.2248931,0.3672119,-1.5342475,3.7914078,1.1220336,-7.068635,-6.559133,1.5444021,-0.38467017,-0.67032135,0.7681406,-13.920896,-1.8951982,0.029768186,0.30979773,0.1699416,-0.04506465,-0.19032331,-4.201017,0.1666989,0.030704373,-17.276028,-1.4747217,-0.06189871,-0.6236615,-0.083960906,-0.111754715,-0.52684474,-0.63881695,0.11100513,-1.0239639,-2.8463194,-1.1343253,-0.09727746,-6.1886964,-0.48903003,-0.6373282,-4.126222,-0.14097054,-1.1157639,-0.47088692,-3.8241599,-6.7306404,-1.5003268,-15.257097
0.059497595,0.037333924,-2.5725775,-0.018336758,-0.695175,1.5210308,-5.7252145,-7.596683,-2.938586,-0.7856185,-1.5134366,0.12591775,-0.5583183,-10.433806,-2.858769,-0.30084673,0.3799955,0.25093475,-1.2564371,0.17804776,-4.0556655,0.39372104,-1.597978,-14.500852,-3.1812115,-0.3166354,0.0944794,-0.11187144,-0.19492182,-0.63264245,0.62849677,-1.229988,-2.2364411,-4.161231,-0.538398,-1.0991998,-5.464013,-0.61090994,-1.470822,-2.7735264,-0.4318199,-2.1004405,-0.35444203,-2.0538964,-3.2418444,-0.50256836,-8.753754
1.7116867,-0.15304683,-0.43663883,0.31116107,-1.4866751,4.3861876,0.07326793,-8.236057,-7.9153166,-0.99588317,-0.5338775,0.15340984,0.54552245,-13.129122,-1.8826731,0.60894376,0.09859301,0.6571313,-0.14826928,1.8843161,-3.8279154,-0.07363018,-1.472899,-17.86651,-1.3190048,-0.34658414,-1.6418778,-0.085914046,0.26874095,-0.9451005,-0.24813096,-0.16795662,1.6440822,-1.0246725,-0.9245055,-0.40718707,-7.635836,-0.98546576,-0.645878,-4.6583166,-0.17456809,-1.3102685,-0.34975198,-3.5436761,-2.9023218,-1.0231799,-14.626771
1.3494359,-0.111274205,-0.2694678,0.40604943,-1.2975204,4.8325744,0.06693315,-6.980078,-6.572861,-0.8459945,-0.42674178,-0.0049812696,0.56769395,-14.86161,-1.9390149,0.71156734,0.17107409,0.55212945,-0.16521984,0.12144282,-3.473144,0.21059224,-2.194906,-17.735806,-1.6233988,-0.17484634,-1.6131933,-0.043137975,0.06691064,-0.70367795,0.14650074,-1.5800592,-1.6678205,-2.7626355,-1.1418686,0.15360564,-5.7520623,-0.5172012,-0.7994969,-4.047279,-0.92445254,-1.1248468,-0.18177275,-2.1874988,-4.2878714,-1.1821569,-15.010889
1.341553,-0.3386187,-0.53441405,0.06483176,-1.1395453,1.5220304,-1.8696159,-7.3057227,-2.1943316,-0.76048034,-3.0940583,-1.3912864,0.35772052,-7.5812006,-2.410026,-0.14922416,0.019341523,0.03647593,0.046488542,-0.6905407,-4.358738,0.10666433,-1.8204609,-15.231985,-2.5021327,-0.39129108,-1.3699852,-0.08999565,-0.36301365,-0.69034815,-0.67716426,-1.8120059,-1.9780104,-2.208965,-2.1771336,-0.5603221,-6.9367743,-0.7210659,-0.60864645,-1.4503778,-1.3430644,-1.1725502,-0.33503953,-2.23519,-2.7570088,-0.16546394,-14.6662855
1.143616,-0.31969976,0.28879878,0.50421256,-1.0554438,4.3972797,0.28958926,-7.1299024,-7.180478,-0.8256095,-0.49419355,0.06325997,2.8424442,-13.089648,-1.6971947,0.12531006,-0.0016508969,0.58940333,0.02690405,-0.4075685,-3.3485203,0.47148877,-1.5040549,-18.892414,4.6725464,0.25071812,-0.37891972,-0.022809831,-0.12281399,-0.6868629,0.17396268,-0.6088238,2.3144546,-0.55329657,-0.60166705,-0.20337145,-7.1910515,-0.35447645,-0.7475489,-4.254061,-0.26166213,-1.3633989,-0.3458152,-2.9815261,-7.9103894,-1.0388287,-16.727749
1.1054015,-0.33443266,0.22832817,0.4895585,-1.0882779,4.2309875,0.22926559,-7.6587734,-7.0552764,-0.8470248,-0.50229007,0.092279114,2.5688405,-12.952164,-1.6561724,0.08686058,0.011845539,0.57019585,0.07635521,-0.3365545,-3.318828,0.483781,-1.4774054,-18.593288,4.330993,0.25246763,-0.38594398,-0.026956594,0.002416593,-0.5148184,0.20231329,-0.5905034,2.2413332,-0.56292266,-0.8117623,-0.19064273,-7.1889496,-0.29612562,-0.82627743,-4.184765,-0.25887138,-1.3773649,-0.3531017,-2.968931,-7.8619094,-1.0468063,-15.941477
2.099704,-0.21637577,0.24145442,0.66784346,-1.1299309,4.9605813,1.2087682,-6.9001546,-9.693961,-0.9645289,-0.71726805,0.010698774,3.6848173,-16.791687,-1.4422721,1.1639469,0.041332424,0.5544049,-0.1346034,0.047342848,-3.653035,0.42258906,-1.4150208,-19.353636,5.865343,0.20156293,-0.14123201,-0.035915077,0.038894035,-0.677056,-0.07432914,-0.28118777,1.9109919,1.6271037,-0.32649383,0.013821551,-7.205173,-0.34791988,-0.70662385,-4.04374,-0.18168572,-0.6591583,-0.36029202,-3.1843853,-9.794571,-1.1390367,-17.315832
2.0240803,-0.21786994,0.26745272,0.67391646,-1.1158918,4.8466005,1.9082683,-6.917476,-10.551886,-0.9664014,-0.9356492,0.021942377,3.7405598,-16.735611,-1.4286773,1.171522,0.11121584,0.6087437,-0.12059256,0.018303864,-4.796038,0.5225651,-1.3216361,-19.292984,5.44811,0.19995801,-0.14076833,-0.106458865,0.5115902,-0.7820572,-0.056330442,0.10407754,2.1639943,1.6995066,-0.4203634,-0.0020692553,-7.150583,-0.32841936,-0.6990331,-4.0863304,-0.526,-0.19315438,-0.36053142,-3.3232434,-9.842385,-1.1435469,-16.688086
1.5634993,-0.2733626,1.670645,-0.001212653,-0.82170963,3.6611094,-1.5278578,-4.646353,-6.8268585,0.72253096,-0.3823258,0.45711693,3.3733153,-11.027461,-1.6965618,1.1076139,0.16002907,1.0657437,-0.084892154,0.42525634,2.0308778,-0.52481645,0.25940424,-15.942649,-0.53031325,0.381284,1.2397392,-0.066568285,0.024696404,-0.5096855,-0.15469244,-1.2912756,-0.9065039,-0.39702696,-0.8095676,-0.24515973,-1.4087954,-0.3409422,-0.6065972,-2.305223,6.0970845,-1.3370973,-0.266574,-2.214617,-2.6583588,-0.8135047,-10.513063
1.5421755,-0.2912653,1.6770253,0.002941275,-0.8289561,3.651062,-1.5124148,-4.6801996,-6.8942204,0.62002057,-0.4346391,0.44181722,3.4796758,-10.991478,-1.6110349,1.1132826,0.1752219,1.0622514,-0.08914243,0.40027317,2.2021332,-0.5457302,0.22994237,-15.941101,-0.7345913,0.38491374,1.1462764,-0.0688875,-0.093924835,-0.5170359,-0.1404777,-1.4883641,-0.8967529,-0.5032691,-0.8697639,-0.24263935,-1.3947887,-0.29027855,-0.59575355,-2.429589,6.0593815,-0.61215335,-0.25111082,-2.2292666,-2.6417563,-0.80987567,-10.784838
1.1567696,-0.32018736,0.18915564,0.5086224,-1.1100122,4.4992523,1.0697653,-6.8397107,-8.506396,-0.83801216,-0.45781183,0.01207924,3.9430609,-15.828282,-1.6611893,0.38751358,0.021228883,0.5528888,-0.042589962,0.029415729,-3.1810813,0.47687644,-1.423711,-18.994034,4.601065,0.2510227,-0.3601412,-0.07671367,-0.17420746,-0.6841319,-0.15307261,-0.37464052,2.1276722,0.7659974,-0.5093055,-0.32183468,-7.4071326,-0.32775724,-0.913548,-4.2298164,-0.30100524,-1.1636819,-0.33268833,-3.105228,-7.221623,-1.0802921,-16.883728
1.0110689,-0.25055787,-0.07378338,-0.053021006,-1.045312,3.811836,-0.3084854,-7.705169,-6.209921,-0.74355614,-0.45702893,0.043242164,2.8321977,-13.790341,-1.7957095,0.0878284,0.051390667,0.57461953,0.038766067,-0.5924233,-2.9143689,0.92660755,-1.7571442,-18.668995,3.6997342,0.19826321,-0.28442505,-0.028092435,0.009063771,-0.42437172,0.31257606,-0.6067335,2.17706,-0.7987786,-0.68865645,-0.23570494,-6.8456964,-0.15793064,-1.1616553,-4.167058,-0.34954128,-1.3969536,-0.28065953,-2.335883,-7.872167,-1.0464901,-14.872208
10.618995,-0.63940936,0.2013088,7.7439785,-0.462316,26.530027,29.436272,20.116581,6.0588465,2.6653864,0.30730924,0.081432454,25.008766,23.257065,-1.2327032,1.7759737,-0.7216972,0.03539435,-0.31946912,0.6495688,2.7541423,1.5123105,10.3446455,42.805817,22.444334,-0.18474515,0.523882,-0.13856578,-0.40158418,0.9639025,-0.12895668,17.27709,6.908629,23.142368,3.3991172,6.4134235,28.389593,-1.020024,3.4931378,10.72352,0.31658098,0.30857873,0.7370902,4.484265,10.669884,0.037489157,27.145145
6.217555,-0.43813044,-1.1466247,-0.061229862,0.53108793,15.689744,12.127939,34.15284,13.181873,0.114084885,0.8151416,-0.8095675,1.4981245,22.113998,2.5484712,0.6151469,-1.0342591,-0.11660072,0.29424843,-1.362123,22.868355,0.3374867,18.624031,47.376163,0.14073776,-0.1890118,0.23511729,-0.101172194,-0.79645365,-2.313182,-0.67559725,10.498923,-0.009934714,14.440658,3.5340164,-0.08960533,20.343237,1.0845197,4.147012,5.8170085,-0.9145632,2.3831775,2.7690105,3.203903,9.321962,0.8749724,25.136217
-1.796181,-0.7370669,3.332058,-2.01422,1.4921862,-6.707638,-3.5549607,37.193348,29.4003,2.9718363,1.4677004,-0.69305223,4.2751164,45.155422,20.764708,-21.023203,2.93476,-0.50597763,-0.3143721,-24.59792,18.395935,-4.86218,-0.99077326,49.300926,6.366454,1.5388665,2.2078395,0.364702,-0.9018335,8.458505,1.0999805,2.512699,-3.4224885,-2.4809,-12.484912,0.3358087,20.470432,-2.5476053,16.810417,40.138096,-3.6544564,4.2546,-1.6912112,0.36485785,14.213105,0.38037184,19.49778
-0.7390767,-1.3997456,-1.5782037,-2.9932945,0.83583754,0.7302546,-0.079845935,20.348822,34.388397,-0.36469892,0.5930022,-0.4432886,0.031113546,33.598534,11.9931965,-0.1203009,2.796617,-0.53417456,-0.56420815,0.88053954,18.01408,1.930088,11.429371,50.023815,0.0014997073,-0.7219726,0.39940304,-0.21187952,-0.5633287,3.5576327,-0.45136446,6.256184,-1.198168,0.49118614,4.0847034,-1.2229216,23.80488,2.6456678,10.056892,1.4507715,-0.3074429,-5.326759,1.1255646,0.7255436,6.7362404,-0.43437186,23.868883
0.15052116,-0.9530172,-0.012517286,-0.69245356,1.5545567,-3.7089958,-10.119615,36.375435,32.366238,-0.563596,0.77597934,-0.37691674,4.6030564,44.34128,14.920948,0.86970395,1.6364622,-0.56204295,-0.16247009,-0.8655299,17.078571,-2.897398,5.473063,51.31462,-3.2466788,-0.298143,0.61578494,0.19187021,-0.6132595,6.074313,-0.7177708,2.6831899,-0.9842631,0.19767265,0.9863071,-1.2381783,21.68294,1.1636266,14.631092,8.688459,-0.6599977,4.202614,0.46375868,-1.2652897,5.8738937,0.41264606,21.098328
0.079352915,-4.4763694,-0.33955914,-2.9355843,1.1329838,1.255439,1.8936818,17.349106,34.496574,0.029766327,0.66161,-0.34773245,-0.41361693,35.90202,10.630537,0.014252734,3.2953863,-0.4488766,-0.5103682,1.0217706,17.975517,1.8877945,11.291122,49.317856,0.9000653,-0.67738515,0.37863192,0.16439438,-0.29624325,3.4127307,-0.35494626,6.398006,-1.0952455,0.69956136,4.292981,-2.0904374,23.994232,2.8086185,10.281455,7.1385503,-0.0695858,-5.9472795,0.8893476,1.064682,6.8728633,-0.27547908,23.183676
2.81305,0.7566512,0.5311371,0.47579682,-1.0634812,10.533613,13.69315,-8.139464,-0.893827,1.1107256,-3.2334204,0.53615725,4.5109935,-15.218852,-1.6468098,0.29243216,0.59233713,0.626723,0.30500558,-0.13813598,6.614665,0.9730174,-1.175837,-18.708721,10.801182,0.45240802,0.6421258,0.28957248,1.9762009,0.008532653,-0.01755077,-1.0148892,0.43719268,2.976081,-0.5263223,-0.19138251,-7.219526,-0.5523699,-0.347225,16.321018,-0.031371713,-0.7572548,-0.48086116,-1.1341435,-9.659596,-1.5903841,-15.896169
1.2399443,-0.030230362,-1.0469754,0.40958914,-1.3737354,-0.5622571,-0.44659302,-7.351017,-7.307875,0.55833125,-0.46969825,0.38517466,1.1949515,-14.43201,-1.8118091,1.010237,0.32556155,0.57567585,0.55759174,0.270122,-2.762275,-0.8882673,-1.801941,-16.841057,-1.506832,-0.104455344,-0.49403906,-0.07109699,-0.12021839,-0.4430042,-0.16646291,-1.848222,-1.4060112,-2.9503615,-0.42284146,-0.229299,-3.676703,-0.6265742,-0.9738947,-2.8249676,-0.34548438,-1.3658149,-0.14943251,-1.5449002,-5.4641004,-1.0805771,-12.38525
0.4645918,-0.014523239,-0.4966871,0.12616883,-1.4964046,3.8754787,-0.44331235,-7.157091,-7.8220296,0.44636264,-0.6338672,0.3897896,2.8149765,-15.567786,-1.5260841,1.0223867,0.19908452,0.58119553,0.036943544,0.28966594,-4.047352,-0.8410979,-1.4862076,-18.578,-1.5938307,-0.10424782,-0.6622278,-0.067687765,-0.098652616,-0.50146055,-0.20648918,-1.6140726,-0.969847,-4.1742053,-0.64275736,-0.30959982,-3.6255662,-0.6618617,-1.2147574,0.36439258,-0.39337787,-1.1268098,-0.06465295,-2.1664512,-5.359078,-1.1154921,-14.075365
1.0967143,-0.07731128,-0.81755316,0.15664068,-1.3050643,4.9750066,0.50866926,-7.026236,-7.4217167,0.61859906,-0.40770072,0.3544854,2.7654397,-15.88143,-1.6545819,1.0301856,0.37598377,0.62482816,0.1644467,0.324257,-3.1632004,-0.7978474,-1.5916512,-18.98876,-1.4292113,0.013593715,-0.50134456,-0.05021332,-0.060197968,-0.4693787,-0.18954144,-1.8391865,-1.2345287,-4.0205326,-0.6351488,-0.2436478,-3.468865,-0.60310304,-1.1499476,-3.1295247,-0.32408217,-1.0378,-0.06597612,-2.1321383,-6.336134,-1.0843655,-15.01745
0.43510437,-0.27323318,-1.1874291,-0.028870419,-1.4629074,1.2127705,-0.60785747,-7.58613,-7.1558824,0.7950736,-0.4950867,0.3871439,1.789492,-15.110003,-1.733184,0.8185719,0.3299809,0.54369277,0.22298709,0.31323156,-3.6807935,-0.8838679,-1.7495481,-16.924955,-1.5924838,-0.017731875,-0.4189195,-0.041964237,-0.07076984,-0.62498486,-0.25922364,-1.6758299,-1.209651,-4.0994453,-0.6328295,0.12606622,-3.3307567,-0.04281063,-1.5139639,-1.8257684,-0.12405812,-1.0482843,-0.094106466,-1.5684159,-5.114073,-1.1285225,-12.592256
-5.128701,0.41030663,-1.3907087,-1.5113565,-0.19498163,-8.615852,-14.1122675,1.2491685,-3.1682723,-0.7198888,1.3553815,-0.9221607,-1.8154849,-0.6595785,-6.6235986,-0.7962523,-1.8422142,0.006228255,0.7250541,0.30716935,20.649576,-0.11628614,-1.290261,-6.683474,-3.4879916,-0.67298615,-0.5492167,-0.05096762,-0.98434865,3.2479694,0.16011333,0.25936005,-1.1417879,-5.779504,1.5277936,-2.9739738,10.665422,1.6847192,-0.27604347,10.330158,0.009304943,-1.0149692,0.17673011,0.6549261,2.7153327,0.30476907,4.3108916
0.57914996,-0.8870524,-2.1883397,0.8535388,-0.62561864,-4.4188995,-9.224643,-3.5224447,0.13216971,-0.6292307,1.3930771,-2.8455584,-0.2545251,-5.4244804,-2.796165,0.081108704,-0.057912707,0.37240428,0.63106453,-0.7693927,28.677244,0.31571412,-0.32057115,-10.839423,-2.2075047,-0.6899211,-1.1468077,-0.18908045,-0.33798155,-0.6596292,0.09604863,-1.0215229,-3.0490506,-0.21500944,1.6242303,-2.830758,-2.7859242,5.5030727,-1.7764838,9.178204,0.03500357,-1.1120168,0.33900893,1.1044098,1.7522049,-0.60349184,4.1121793
2.0204766,-0.78022355,-2.1200318,0.5264487,-0.3392118,-3.1176164,-8.978586,-3.5904565,0.10068892,0.5255022,1.3442789,-2.748947,-0.46931013,-6.1617002,-4.796125,0.05432796,-0.03645173,0.6299301,0.8124503,-0.5988361,34.173893,0.30862135,-0.5333799,-12.967885,-2.1844628,-1.1064448,-0.9174545,0.03973357,0.010668804,-0.52421767,0.09362947,-1.2107148,-1.477686,-0.6734688,1.8190104,-2.5870392,-2.1161551,5.547921,-1.4992368,9.026637,-0.038143452,-0.78424776,0.09975104,1.4121447,2.1337464,-0.15785103,3.4214468
0.8078367,-0.8306494,-2.207499,0.35461056,-0.4985613,-4.297002,-9.019428,-4.880893,0.17733859,-0.641425,1.4266222,-1.7625797,-0.84256935,-1.1848401,-2.9174957,-0.032007705,0.019807024,-0.30350116,0.3068951,-0.2201231,29.527252,0.36023676,-0.43316084,-7.490543,-3.2884388,-1.154442,-1.0573492,-0.16598077,-0.22909543,-0.7375468,0.087134205,-0.9352635,-1.3034261,0.24462947,1.6381738,-3.2680316,-2.603464,5.5178003,-2.3901389,9.1310215,0.19467838,-0.92999476,0.15656795,3.9924755,1.8921577,-0.61521614,4.173611
0.7865892,-0.20512293,-2.38316,0.6617726,-0.67378485,-3.8484561,-9.14984,-3.7666144,0.64371496,-0.4901805,1.1977856,-2.3590603,-0.970779,-3.8666208,-4.912234,-0.16097668,0.009893519,0.42616507,0.8852842,-0.0041092737,32.7651,0.48196098,-0.4923241,-8.319445,-3.5139,-0.849758,-0.92325705,-0.28546736,-0.1073016,-1.0748715,-0.21117312,-0.9091556,-2.3831522,-6.5507364,1.8629258,-2.3841658,-2.7455728,6.252468,-2.360428,9.394189,0.06272664,-1.2153106,0.07918126,0.29922384,1.733003,-0.65292585,3.4877272
-0.34910238,-0.30667838,-1.9290084,0.55360454,-0.43273607,-8.236301,-11.733384,-4.921782,0.40359432,-0.82458615,0.737422,-1.9446722,-1.690021,-3.3271716,-5.0012727,-0.72462827,-0.15659569,-0.037664156,0.30843621,0.53716266,30.488005,0.018880032,-0.6670528,-8.324389,-3.1452296,-0.73297524,-0.92838037,-0.27762878,-0.09549562,-1.1706055,0.21248288,-0.75201494,-1.7456424,-6.1911497,1.8354108,-2.2775214,10.081373,4.103174,-2.9844718,9.062008,0.108287714,-1.5241468,0.12929495,-1.4237127,2.1708906,0.18606685,6.1079044
1.8986983,-0.16436355,-2.1098118,0.992242,-0.33613628,-6.594564,-11.6783085,-5.0686665,0.32906777,-1.0234684,0.7931766,-2.3894372,-1.5200123,2.321415,-5.7081795,-0.40992686,-0.19427872,-0.100923546,0.8093183,0.40128723,27.780003,0.4838304,-0.6903385,-9.213069,-3.6023347,-0.6655507,-0.8942847,-0.45832145,-0.104649305,-1.5024232,-0.17426428,-0.94772583,-1.6934156,-5.9418993,1.8446281,-1.3551472,10.164992,5.679861,-1.9849181,9.274057,0.107533075,-1.5788014,0.0060205073,3.1545556,2.4019008,0.123887606,2.6318846
0.7408499,-0.3143958,-1.8538007,0.61165774,-0.40702158,-7.8642263,-10.376459,-4.904236,0.41992804,-0.79481304,1.0940045,-1.7968345,-1.8401728,-5.357541,-6.148937,-0.59704626,-0.16943796,-0.0807694,0.08578577,-0.066462085,33.183846,-0.2871888,-0.78933436,-8.160967,-3.4797997,-0.78967893,-0.8335545,-0.19638596,-0.09567168,-1.1877556,0.08986149,-0.66892916,-2.3420954,-6.7872367,1.6628563,-2.1193025,10.671486,3.742193,-2.1604645,9.655328,-0.30640963,-1.3976854,0.20525597,-0.04004433,2.1601934,0.15372728,2.831841
-3.4634583,-0.51300746,-1.6580924,0.7966345,-0.39769557,-7.443403,-12.545861,0.17948763,-2.847431,-0.95841396,1.1001594,-0.90185565,-1.8475308,-1.289179,-5.8859,0.54460543,-1.0558535,0.0025672007,-0.54648125,0.13808969,25.098192,-0.12365789,-1.0295329,-7.0788927,-3.1766045,-0.653325,-0.25404608,-0.18217857,-0.2782217,-1.081675,0.062222052,-1.3062415,-1.6771206,-6.932708,1.3712283,-1.0124083,9.819344,3.6470609,-1.5880703,9.174165,0.05284497,-0.9886973,0.042884912,2.7021136,6.9700084,-0.35136986,4.7777004
0.4409073,-0.47635263,-2.3855143,1.103271,-0.8054742,-5.454153,-10.569376,-5.088389,-1.8234878,-0.5807312,1.2810224,-1.6025897,0.22207367,-7.6663465,-2.5207183,-0.37685892,0.07536009,0.06307052,0.79937893,-0.53154707,2.3549345,-1.0671414,-0.6448075,-10.029791,-1.0452377,-0.7918614,0.37533957,-0.14592157,-0.14156957,-1.177303,0.20874932,-0.8309065,-1.1196953,-5.649167,1.6498156,-1.6398706,8.833929,-1.7070912,-1.1674967,9.595723,0.12127004,0.18583924,0.02650158,2.9478679,9.996793,-0.4282889,15.944802
-3.20243,-0.31709144,-1.479057,0.20895243,-0.43794832,-7.600931,-12.869489,-5.03196,-4.580231,-1.0276058,1.0319461,-0.8585029,7.8156557,22.448584,-4.918919,-0.31318295,-0.09549969,-0.083850965,0.16677146,0.33359605,27.128065,-0.011402081,-1.3565396,-6.1156163,-2.8474612,-0.7593102,-0.5992756,0.77713156,-0.48751876,-0.681408,0.003931401,-0.49034348,-1.0888919,-12.431364,1.9084772,0.028190648,11.210064,-3.478352,-2.0725389,4.8008814,-1.0568086,0.830234,0.3315737,2.3117256,1.099994,0.13044688,0.5934034
-1.8460507,-0.289367,-1.3807844,-1.1257275,-0.9734677,2.349501,-7.4423714,3.8299823,-4.9668465,-1.1808743,0.7362245,-0.51524377,-0.76163894,24.195944,6.1787944,-0.8585799,2.8185308,-0.28517458,0.2409492,-1.6392826,18.300718,-0.71520394,-3.5109727,30.679811,-3.1903043,-0.9329593,-0.3338002,0.02593513,-0.48519135,-0.17804997,-0.17703849,-1.4725641,-0.8557281,-0.56134564,1.4031168,-3.4717069,15.4963455,-1.2936224,2.9698625,2.4924533,-3.3923364,-1.4739798,0.61743015,2.011387,7.996204,-0.010131512,16.482649
-0.47695494,-0.95146394,-2.1281195,-0.13269486,0.11717462,7.717582,-5.717123,6.0812044,-4.5744643,-1.3172004,0.8381383,-1.1129911,-2.0200825,18.557047,2.4928873,-0.07111378,1.0426321,-0.18601657,0.33095616,-1.8027418,1.2002707,-1.3542365,-3.3671255,28.882256,-2.110526,-0.66213006,0.20035811,-0.2955706,0.8883291,-1.5861256,-0.5698173,-1.8422457,-3.31698,12.068908,1.569675,-0.7116478,16.778332,-0.42491245,-1.1567723,4.850674,-2.1376674,-3.0360556,0.3155144,3.3207386,8.782316,0.14736593,20.558712
-8.571275,-0.26717266,1.4646726,-1.9972831,-0.4599056,-18.790232,-13.090482,14.187437,19.173891,0.831562,0.56536233,-1.2987376,-1.0598562,21.46998,3.440827,-0.19549878,0.6287301,-0.9158369,-0.37960494,-19.128452,15.331282,-0.44258302,2.1802227,26.382599,-6.0237894,-1.1837474,-0.20446318,0.016837042,-1.228556,1.1395744,-2.7035713,1.790479,-1.2852052,-7.8138494,-13.818918,-1.9068338,7.7435966,1.8440922,-4.112807,4.3696966,-1.8568882,4.418523,-6.0795097,1.0955328,8.231457,-0.72497636,8.490207
-5.7790413,-0.20257337,-1.0258904,-1.0455362,-1.1116675,-19.01451,-19.324028,4.434291,2.4444761,-0.5616982,0.9117091,-1.497177,-2.9036858,21.08203,-1.4697825,2.316044,-2.5262775,-0.3444023,-0.7531353,-2.7926438,18.016922,-0.31984583,5.0119524,23.519377,-0.9476502,-0.6642171,-0.35447934,-0.81217813,-0.7031569,2.327762,-0.1509998,1.299115,-1.0268922,1.1068485,-2.2652519,-0.92061174,13.886842,2.0681434,-4.0518265,2.3616037,-2.232909,-0.49950615,-4.630632,1.6850489,6.46966,0.51760757,14.493544
-10.703198,0.12796275,-0.14855678,-1.9320893,-0.4027516,-22.489403,-12.965372,10.303339,14.945933,-6.5238686,0.6330767,-1.2502513,-2.1815932,22.387362,4.7133317,1.3107699,-1.3471127,-0.8522995,-0.41857168,-10.25423,15.021104,-0.7091145,6.86857,23.89367,-4.121396,-1.1267117,0.025545789,-0.30236447,-1.4848015,1.2926394,-0.83242995,2.9990885,-0.5579631,1.535349,-10.043165,-1.2305619,4.8558016,1.2341098,-4.543902,-0.7263798,-1.1044612,3.8115337,-10.156288,1.0623925,7.966962,-0.9696301,13.531613
-1.6310159,-0.16957267,-3.5149796,0.9525402,-0.44949734,-2.7894216,-5.9282656,-7.5183883,-9.359465,-1.5591775,-1.1206157,0.4416425,0.18288817,-12.551163,-2.4675186,1.2690434,0.11764021,0.050058123,-2.450287,0.34179476,2.5073721,0.14556241,-0.17926852,-16.447737,-1.7997493,0.15170075,0.023604048,-0.09290181,-0.016805848,-0.59061104,-0.1230423,-1.4522728,-1.7486544,-1.6183561,1.4714903,-0.327145,-6.7124887,-1.2788709,-1.5672661,-1.3965647,-0.34809676,-1.873303,-0.10480118,0.0320241,-2.4626322,-0.10811684,9.431057
-1.3651137,-0.03646518,-1.6921314,0.096298926,-0.33591446,-2.0913663,-7.566393,-6.9978185,-6.4142876,-0.49742222,-1.4125125,0.35098216,1.5366423,-13.797672,-1.4276499,0.02823646,0.13510244,0.36138672,-0.6920656,0.119107045,0.89154416,0.023988746,0.57855797,-16.74897,-1.8162465,-0.07921245,-0.008916272,-0.061319083,-0.32242358,-0.50845027,0.17211051,-1.2592767,-3.2994473,-4.3100305,1.1665823,-0.9020684,-6.405864,-1.4608511,-1.6778152,6.1131086,-1.1832005,-1.1123327,0.02293612,0.22632134,-2.1227155,-0.30392385,-1.1900324
-0.21952437,-0.11946773,-1.4941809,0.20431514,-0.45377398,-2.4929469,-5.7894573,-7.7963448,-6.2239294,-0.44770923,-1.5078247,0.34474137,1.5950217,-13.842581,-1.3850436,0.057979207,0.12710278,0.3861356,-0.70923454,0.10376579,0.7834163,0.07015651,0.62000483,-17.441034,-1.8254374,-0.07706487,-0.031356882,-0.04539965,-0.3254141,-0.53778005,0.1701749,-1.4162302,-3.3149881,-4.301075,1.089333,-1.2159365,-6.285246,-1.5237362,-1.664859,6.1458807,-1.0751532,-1.0269645,-0.07108126,0.32759702,-2.468431,-0.30497184,-1.5673021
-0.20493723,0.013933093,-3.1939006,0.10221466,-0.7007433,-1.6049969,-3.4435678,-6.338522,-8.627108,-0.39958444,-1.1569029,0.34697905,1.1058464,-14.088437,-1.5649683,0.06303118,0.2638824,0.40969858,-0.61678404,0.1253274,1.6855708,0.12303171,0.40320003,-17.52945,-1.7112007,-0.09843693,-1.1333872,-0.04539202,-0.13103366,-0.54435164,0.13666818,-1.4660369,-2.0499845,-1.7287612,1.4825203,-0.67530906,-5.002622,-1.2373903,-1.8704532,-0.4681287,-0.9544963,-1.99071,-0.0052776113,-0.08901089,-2.4018888,-0.3258271,-0.7512679
1.3475722,-0.3779164,-0.22384325,0.5438015,-0.25814155,3.8941941,-1.30687,-5.9967575,-10.895014,0.27883074,-0.54116255,-0.38539323,1.7848102,-18.010061,-2.0104709,1.2586445,-1.1441566,0.64316624,0.35684168,1.6042424,-3.9170501,-0.63619405,-1.9337028,-19.070496,6.126589,-0.16998124,0.8463637,-0.0878416,0.13832104,-1.0621319,-0.13711958,-1.7164502,-0.7573755,2.2819486,0.07884755,0.3957447,-7.1176004,-0.26523668,-1.7411981,-2.6292152,0.33968204,-0.92422545,-0.091355704,-2.6878736,-7.2636466,-1.0479763,-15.414211
2.0771155,0.16285625,0.24175283,0.084598795,0.25052702,2.999328,-4.163344,-7.265635,-10.7393055,0.2931471,-0.42149153,-0.6762896,1.7563359,-17.376446,-1.6665883,1.2191055,-1.1064718,0.6935637,0.47243202,1.7446871,-3.426938,-0.8658202,-1.6181735,-19.489613,6.592301,-0.024869343,0.8060875,0.04281079,0.3399847,-0.9697852,0.31581047,-1.1512556,-0.7647622,2.5214593,0.277464,0.087341525,-7.339481,-0.26249194,-1.892857,-2.6767375,0.003662386,-1.3337663,-0.27126515,-2.516859,-8.288165,-0.9505238,-13.947921
2.0248477,-0.19901972,0.6042467,2.5787742,-0.507448,5.2232347,0.38426048,-5.453981,-14.100348,0.08369616,-0.7355969,-0.38387173,1.5274386,-18.294737,-1.6704329,1.339849,-1.3550166,0.14664821,1.0642581,1.4049892,-4.3829303,-0.6186139,-1.3449278,-19.608059,7.5474825,-0.21603227,-0.1935267,-0.3760046,0.047629632,-1.2268068,0.10760544,-1.5680513,-1.735345,6.44044,0.25823197,0.53498936,-7.5768266,-0.37343663,-1.579996,-9.070564,2.8045506,-0.28347555,-0.32376513,-3.9614716,-8.834435,-1.0848354,-15.148803
